0.001	8.516686276883753e-12
0.003	8.481276409874983e-12
0.005	8.465153690237984e-12
0.007	8.45422825522636e-12
0.009000000000000001	8.446344692296694e-12
0.011000000000000001	8.439519836549833e-12
0.013000000000000001	8.433742782273076e-12
0.015000000000000001	8.428919230338618e-12
0.017	8.424419563684671e-12
0.019000000000000003	8.420687628808571e-12
0.021	8.416988604247427e-12
0.023	8.41329735569599e-12
0.025	8.410324667095804e-12
0.027	8.407230644366697e-12
0.029	8.405227825157134e-12
0.031	8.402262050391888e-12
0.033	8.400381639383897e-12
0.035	8.398153849276456e-12
0.037000000000000005	8.395034691135536e-12
0.03900000000000001	8.394726566965771e-12
0.041	8.392866661544663e-12
0.043000000000000003	8.390327583384255e-12
0.045	8.388939862500276e-12
0.047	8.387479782784612e-12
0.049	8.386093032336385e-12
0.051000000000000004	8.383868703456623e-12
0.053000000000000005	8.383028657607908e-12
0.05500000000000001	8.382064108498654e-12
0.05700000000000001	8.380615720392246e-12
0.059000000000000004	8.379752087911804e-12
0.061000000000000006	8.379397787443761e-12
0.063	8.378326739618765e-12
0.065	8.377422211077778e-12
0.067	8.376227743456823e-12
0.069	8.375205313487698e-12
0.07100000000000001	8.374092176941897e-12
0.07300000000000001	8.373192514966224e-12
0.07500000000000001	8.372474165312917e-12
0.077	8.371468746340245e-12
0.079	8.370564383792096e-12
0.081	8.369625665217195e-12
0.083	8.368648067970963e-12
0.085	8.367842368076673e-12
0.08700000000000001	8.367206563591691e-12
0.089	8.366513284817994e-12
0.091	8.365788448833392e-12
0.093	8.36499886661113e-12
0.095	8.364186939060757e-12
0.097	8.363335091274143e-12
0.099	8.362584766704917e-12
0.11	8.358815634660372e-12
0.12	8.355735201293198e-12
0.13	8.353007402896294e-12
0.14	8.350183065128152e-12
0.15	8.347879663354474e-12
0.16	8.345361475871914e-12
0.16999999999999998	8.343348616457417e-12
0.18	8.341331688657776e-12
0.19	8.339189586474322e-12
0.2	8.337314323570052e-12
0.21000000000000002	8.335394058815166e-12
0.22	8.333679205712015e-12
0.22999999999999998	8.332384968024631e-12
0.24	8.330834279464848e-12
0.25	8.32927109015365e-12
0.26	8.3278459465299e-12
0.27	8.326727931488446e-12
0.28	8.325245928822169e-12
0.29000000000000004	8.324053164138445e-12
0.30000000000000004	8.322643734286683e-12
0.31	8.321561676116102e-12
0.32	8.320595253991154e-12
0.33	8.319326995372171e-12
0.34	8.318485431584457e-12
0.35000000000000003	8.317098898752524e-12
0.36	8.31575669115419e-12
0.37	8.314931903998588e-12
0.38	8.31405388468765e-12
0.39	8.31299803552388e-12
0.4	8.312099111466066e-12
0.41000000000000003	8.311273804627854e-12
0.42000000000000004	8.310313080733244e-12
0.43	8.309375462650973e-12
0.44	8.30850968741627e-12
0.45	8.307390539085277e-12
0.45999999999999996	8.306716543855098e-12
0.47	8.30568222041612e-12
0.48	8.305113298460087e-12
0.49	8.304166080801357e-12
0.5	8.303510833845289e-12
0.51	8.302824539024608e-12
0.52	8.302380289712984e-12
0.53	8.301515307739537e-12
0.54	8.300891737399075e-12
0.55	8.30018023388799e-12
0.56	8.299344985521568e-12
0.5700000000000001	8.298664912987333e-12
0.58	8.298234109077625e-12
0.59	8.296985801241604e-12
0.6	8.296401685516457e-12
0.61	8.295783660672994e-12
0.62	8.295330697005907e-12
0.63	8.294690560417842e-12
0.64	8.294243751372597e-12
0.6499999999999999	8.293782963871235e-12
0.6599999999999999	8.293357410559073e-12
0.6699999999999999	8.292674816347436e-12
0.6799999999999999	8.29154436321212e-12
0.69	8.291272978594985e-12
0.7	8.290247410079501e-12
0.71	8.289771524448528e-12
0.72	8.289111566038884e-12
0.73	8.288672017584403e-12
0.74	8.288374673574413e-12
0.75	8.288060494615178e-12
0.76	8.287708792320893e-12
0.77	8.28716835100947e-12
0.78	8.286725237093116e-12
0.79	8.285726476016373e-12
0.8	8.285694854227107e-12
0.81	8.28512509177398e-12
0.8200000000000001	8.284318553120545e-12
0.83	8.284292741725233e-12
0.84	8.28380353794108e-12
0.85	8.283810659757043e-12
0.86	8.283198229995886e-12
0.87	8.282407155077115e-12
0.88	8.282542015675627e-12
0.89	8.28193097479193e-12
0.9	8.281277853681778e-12
0.91	8.2809396305105e-12
0.92	8.280265073780034e-12
0.93	8.279721327209488e-12
0.9400000000000001	8.27915687275152e-12
0.9500000000000001	8.27886670190037e-12
0.9600000000000001	8.278458086258977e-12
0.97	8.278331895452779e-12
0.98	8.27756703839028e-12
0.99	8.277494995531248e-12
1.	8.277183958312938e-12
1.01	8.276770883673492e-12
1.02	8.276404547037318e-12
1.03	8.276065360509544e-12
1.04	8.275676548371724e-12
1.05	8.275234517474433e-12
1.06	8.274921135144122e-12
1.07	8.274453377045636e-12
1.08	8.274081610655429e-12
1.09	8.273826875760241e-12
1.1	8.273319123823103e-12
1.11	8.273126533774601e-12
1.12	8.272597685954875e-12
1.1300000000000001	8.272689887817918e-12
1.1400000000000001	8.272421730859233e-12
1.1500000000000001	8.272000455736338e-12
1.1600000000000001	8.271575158326801e-12
1.1700000000000002	8.271180503028327e-12
1.1800000000000002	8.271372929363227e-12
1.19	8.27080342912158e-12
1.2000000000000002	8.270659156405365e-12
1.21	8.26994296607825e-12
1.22	8.269562018693056e-12
1.2300000000000002	8.269082887128262e-12
1.2400000000000002	8.269043720893687e-12
1.2500000000000002	8.268314312119426e-12
1.2600000000000002	8.26809331696349e-12
1.2700000000000002	8.267687879646202e-12
1.2800000000000002	8.267375086159764e-12
1.2900000000000003	8.266530719254149e-12
1.3000000000000003	8.266992490632155e-12
1.3100000000000003	8.266444911575968e-12
1.3200000000000003	8.265931953268015e-12
1.3300000000000003	8.26581951572097e-12
1.3400000000000003	8.265536610814126e-12
1.35	8.265326527618985e-12
1.3600000000000003	8.265061331344625e-12
1.37	8.264485679660275e-12
1.3800000000000001	8.264573910069025e-12
1.3900000000000001	8.264379199133332e-12
1.4000000000000001	8.264106700319687e-12
1.4100000000000001	8.263726792948321e-12
1.4200000000000002	8.263420399690524e-12
1.4300000000000002	8.26310795167912e-12
1.4400000000000002	8.262897745029079e-12
1.4500000000000002	8.26266205743415e-12
1.4600000000000002	8.262149724803073e-12
1.4700000000000002	8.262085047683677e-12
1.4800000000000002	8.261392917552881e-12
1.4900000000000002	8.261042135003193e-12
1.5000000000000002	8.260114665570071e-12
1.5100000000000002	8.259623339648537e-12
1.52	8.260209097732364e-12
1.5300000000000002	8.260033444208067e-12
1.54	8.259620937785428e-12
1.55	8.259493850728222e-12
1.56	8.259181929350475e-12
1.57	8.259050290402463e-12
1.58	8.258930449217316e-12
1.59	8.258976428857552e-12
1.6	8.257752854118596e-12
1.61	8.257704928206863e-12
1.62	8.257467490862167e-12
1.6300000000000001	8.257506541987366e-12
1.6400000000000001	8.257045896257001e-12
1.6500000000000001	8.256923383961936e-12
1.6600000000000001	8.256432636946728e-12
1.67	8.256022730403992e-12
1.6800000000000002	8.25581354032921e-12
1.69	8.255407538520026e-12
1.7	8.255624322035589e-12
1.7100000000000002	8.254850692221579e-12
1.7200000000000002	8.254448120979494e-12
1.7300000000000002	8.254201554596888e-12
1.7400000000000002	8.253892023869586e-12
1.7500000000000002	8.253621125170497e-12
1.7600000000000002	8.25391910943907e-12
1.7700000000000002	8.253452274477752e-12
1.7800000000000002	8.253164451541492e-12
1.7900000000000003	8.253135470707235e-12
1.8000000000000003	8.252715277805217e-12
1.8100000000000003	8.252559877632713e-12
1.8200000000000003	8.25217490522397e-12
1.83	8.25187651405273e-12
1.8400000000000003	8.251656708347216e-12
1.85	8.25145707164581e-12
1.86	8.251502996408628e-12
1.87	8.251062154950133e-12
1.8800000000000001	8.251394346596258e-12
1.8900000000000001	8.251855368744677e-12
1.9000000000000001	8.251738683736895e-12
1.9100000000000001	8.251361629412172e-12
1.9200000000000002	8.250920802314835e-12
1.9300000000000002	8.250553150390822e-12
1.9400000000000002	8.250398951770552e-12
1.9500000000000002	8.25056429401578e-12
1.9600000000000002	8.250457008551816e-12
1.9700000000000002	8.250013099703341e-12
1.98	8.250134521788219e-12
1.9900000000000002	8.249641047000257e-12
2.	8.24947167531159e-12
2.0100000000000002	8.248595917383426e-12
2.02	8.247868177301312e-12
2.0300000000000002	8.247491687978943e-12
2.04	8.24758106017224e-12
2.0500000000000003	8.247855661969099e-12
2.06	8.247764667268267e-12
2.0700000000000003	8.247371807726549e-12
2.08	8.246904922220342e-12
2.0900000000000003	8.24696340236154e-12
2.1	8.24686949010847e-12
2.1100000000000003	8.247034338502171e-12
2.12	8.247078661621548e-12
2.1300000000000003	8.247358069107188e-12
2.14	8.24666828991475e-12
2.1500000000000004	8.24642893039752e-12
2.1599999999999997	8.246733355101816e-12
2.1699999999999995	8.246647655218808e-12
2.1799999999999997	8.246101016278723e-12
2.1899999999999995	8.246459683852863e-12
2.1999999999999997	8.246298273623318e-12
2.2099999999999995	8.24590606428707e-12
2.2199999999999998	8.245257900493008e-12
2.2299999999999995	8.245551885100689e-12
2.2399999999999998	8.24526464307803e-12
2.2499999999999996	8.245201238020418e-12
2.26	8.245233522935961e-12
2.2699999999999996	8.244232330262463e-12
2.28	8.244051926252189e-12
2.2899999999999996	8.244401488853257e-12
2.3	8.2441421307772e-12
2.31	8.243944882206818e-12
2.32	8.243737777161344e-12
2.33	8.242953543866841e-12
2.34	8.242690564339747e-12
2.35	8.242772774843961e-12
2.36	8.243049481483119e-12
2.37	8.242237875699739e-12
2.38	8.242283325016044e-12
2.39	8.242007535594408e-12
2.4	8.241936134950619e-12
2.41	8.241287497534151e-12
2.42	8.24089201509808e-12
2.43	8.241577741680452e-12
2.44	8.240480088464312e-12
2.45	8.240803401518998e-12
2.46	8.240694835992137e-12
2.4699999999999998	8.240540392409486e-12
2.48	8.240592958264968e-12
2.4899999999999998	8.240288579603901e-12
2.5	8.240032195591366e-12
2.51	8.238978160153888e-12
2.52	8.238753590479805e-12
2.53	8.238434516784892e-12
2.54	8.2384730145478e-12
2.55	8.238222767625114e-12
2.56	8.237960213732832e-12
2.57	8.237730312541107e-12
2.58	8.237619788576401e-12
2.59	8.237443544853301e-12
2.6	8.237340603906911e-12
2.61	8.237121890632396e-12
2.6199999999999997	8.237015538486609e-12
2.63	8.236822294132895e-12
2.6399999999999997	8.23673747285166e-12
2.65	8.236519582139863e-12
2.6599999999999997	8.236512028952604e-12
2.67	8.236382161448092e-12
2.6799999999999997	8.236591202438655e-12
2.69	8.23634840762223e-12
2.6999999999999997	8.236285867645474e-12
2.71	8.236584894504475e-12
2.7199999999999998	8.236549213007566e-12
2.73	8.236231138493802e-12
2.7399999999999998	8.235961567678446e-12
2.75	8.236595080814553e-12
2.76	8.235803510981221e-12
2.7699999999999996	8.235790088099075e-12
2.78	8.236283261474955e-12
2.7899999999999996	8.235982310401056e-12
2.8	8.235579689501517e-12
2.8099999999999996	8.235784858597373e-12
2.82	8.23562159988581e-12
2.8299999999999996	8.235081258012032e-12
2.84	8.234977940403209e-12
2.8499999999999996	8.234696215192476e-12
2.86	8.23415387082221e-12
2.8699999999999997	8.23420264491453e-12
2.88	8.234084561915213e-12
2.8899999999999997	8.234101061650541e-12
2.9	8.234071227311314e-12
2.91	8.233648093810386e-12
2.92	8.233463187829239e-12
2.93	8.23320695827718e-12
2.94	8.233177541836735e-12
2.95	8.233145937320882e-12
2.96	8.233122181263577e-12
2.97	8.233017991412462e-12
2.98	8.232916098096587e-12
2.99	8.232889863283974e-12
3.	8.232744014839314e-12
3.0100000000000002	8.232733211565936e-12
3.02	8.232606888842055e-12
3.0300000000000002	8.23235282872388e-12
3.04	8.232293711531571e-12
3.0500000000000003	8.232232110886186e-12
3.06	8.232171836507786e-12
3.07	8.232211121956078e-12
3.08	8.231902589457447e-12
3.09	8.2318320690277e-12
3.1	8.231877870029995e-12
3.11	8.231539395211996e-12
3.12	8.231380948298587e-12
3.13	8.231373205863728e-12
3.14	8.231130822421773e-12
3.15	8.230996271738263e-12
3.16	8.230968131020335e-12
3.17	8.23065420121842e-12
3.18	8.230515615541813e-12
3.19	8.230134053939655e-12
3.2	8.230504617505338e-12
3.21	8.230264690833128e-12
3.2199999999999998	8.229911431174254e-12
3.23	8.22953993547478e-12
3.2399999999999998	8.229475741947311e-12
3.25	8.229577588331797e-12
3.26	8.229449740564051e-12
3.27	8.229417439467752e-12
3.28	8.22936226778742e-12
3.29	8.229371491827914e-12
3.3	8.229422311208205e-12
3.31	8.229001727026019e-12
3.32	8.228911472047109e-12
3.33	8.228686394902531e-12
3.34	8.22830579616842e-12
3.35	8.228422258248571e-12
3.36	8.228233867414338e-12
3.3699999999999997	8.228162775179057e-12
3.38	8.227717455945447e-12
3.3899999999999997	8.227823291312496e-12
3.4	8.227826905368521e-12
3.4099999999999997	8.227974655385207e-12
3.42	8.227451719071563e-12
3.4299999999999997	8.227203632812646e-12
3.44	8.227348618037114e-12
3.4499999999999997	8.226931012766102e-12
3.46	8.226752654773381e-12
3.4699999999999998	8.226533332231421e-12
3.48	8.22645857887364e-12
3.4899999999999998	8.22675763522719e-12
3.5	8.226681038739631e-12
3.51	8.225927624460461e-12
3.5199999999999996	8.225850988855973e-12
3.53	8.225782045499987e-12
3.5399999999999996	8.225602436283725e-12
3.55	8.225482131958985e-12
3.5599999999999996	8.225231811105894e-12
3.57	8.225027923578658e-12
3.5799999999999996	8.225041512255665e-12
3.59	8.224694676846182e-12
3.5999999999999996	8.224313925372183e-12
3.61	8.22523454258791e-12
3.6199999999999997	8.225335182719408e-12
3.63	8.223866946597118e-12
3.6399999999999997	8.22400941078665e-12
3.65	8.224649038370568e-12
3.66	8.223626527513924e-12
3.67	8.223367260681922e-12
3.68	8.223509937087115e-12
3.69	8.223572009423914e-12
3.7	8.223539103059854e-12
3.71	8.222996978238494e-12
3.72	8.222896500961591e-12
3.73	8.222959120968627e-12
3.74	8.222697533109689e-12
3.75	8.2222371702602e-12
3.7600000000000002	8.222185805297092e-12
3.77	8.222170358013074e-12
3.7800000000000002	8.223245619720035e-12
3.79	8.22209109562052e-12
3.8000000000000003	8.222024947244662e-12
3.81	8.222366080360917e-12
3.82	8.221994641302693e-12
3.83	8.221747844629948e-12
3.84	8.22180282324791e-12
3.85	8.222345744577366e-12
3.86	8.222176192584784e-12
3.87	8.222176856516538e-12
3.88	8.221954301513323e-12
3.89	8.221921904705147e-12
3.9	8.221597833233629e-12
3.91	8.221860784377054e-12
3.92	8.221645655429938e-12
3.93	8.221670968877625e-12
3.94	8.221429934188716e-12
3.95	8.221223226839043e-12
3.96	8.221210362630138e-12
3.9699999999999998	8.22125167370674e-12
3.98	8.221244372929058e-12
3.9899999999999998	8.221313114127294e-12
4.	8.22115311262535e-12
4.01	8.221023522125163e-12
4.02	8.22088874616533e-12
4.03	8.220919983792236e-12
4.04	8.220576064086089e-12
4.05	8.220254945555853e-12
4.06	8.220252552762763e-12
4.07	8.220085833066798e-12
4.08	8.220068749188466e-12
4.09	8.219877155841579e-12
4.1	8.219750167801516e-12
4.11	8.219748463724366e-12
4.12	8.219718361027346e-12
4.13	8.219781583910447e-12
4.140000000000001	8.219631124884889e-12
4.15	8.219575319553158e-12
4.16	8.219423040176367e-12
4.17	8.219246930371355e-12
4.180000000000001	8.219301609944906e-12
4.19	8.218951328448328e-12
4.2	8.218790109661e-12
4.21	8.218340942983567e-12
4.220000000000001	8.218294340256096e-12
4.23	8.218203929547234e-12
4.24	8.21828356201066e-12
4.25	8.218186770639541e-12
4.260000000000001	8.218178658080329e-12
4.2700000000000005	8.217731814190885e-12
4.28	8.217758352143627e-12
4.290000000000001	8.217544154793156e-12
4.300000000000001	8.217421289799827e-12
4.3100000000000005	8.217437485365838e-12
4.32	8.217154070427935e-12
4.330000000000001	8.21711869271081e-12
4.340000000000001	8.217123945780231e-12
4.3500000000000005	8.21701434146616e-12
4.36	8.217067302710787e-12
4.370000000000001	8.216818089961483e-12
4.380000000000001	8.216837092359198e-12
4.390000000000001	8.2167999849337e-12
4.4	8.216725820488324e-12
4.41	8.216057182366287e-12
4.42	8.215972893223422e-12
4.43	8.215928907694658e-12
4.44	8.215815389312933e-12
4.45	8.215710013277464e-12
4.46	8.215602820285767e-12
4.47	8.215372982000672e-12
4.48	8.21522754297331e-12
4.49	8.21509721308549e-12
4.5	8.215000061257063e-12
4.51	8.21491026270848e-12
4.5200000000000005	8.214752764869205e-12
4.53	8.214599057270677e-12
4.54	8.214486058903194e-12
4.55	8.214546790450188e-12
4.5600000000000005	8.214613399839822e-12
4.57	8.214749401208248e-12
4.58	8.214719936546546e-12
4.590000000000001	8.214694286033755e-12
4.6000000000000005	8.21489518492358e-12
4.61	8.214659197696415e-12
4.62	8.214744586514045e-12
4.630000000000001	8.214474785261037e-12
4.640000000000001	8.214434463191153e-12
4.65	8.214394172655918e-12
4.66	8.214236487397216e-12
4.670000000000001	8.214128537060021e-12
4.680000000000001	8.21428448929651e-12
4.69	8.2141279596514e-12
4.7	8.214022794853587e-12
4.710000000000001	8.213961230352724e-12
4.720000000000001	8.21385959626575e-12
4.73	8.213575917563474e-12
4.740000000000001	8.213321691213899e-12
4.750000000000001	8.21331874202247e-12
4.760000000000001	8.213179164008111e-12
4.7700000000000005	8.213358440127468e-12
4.780000000000001	8.213291001326613e-12
4.790000000000001	8.212967328068534e-12
4.800000000000001	8.21329489509182e-12
4.8100000000000005	8.213428651399976e-12
4.820000000000001	8.213248223933579e-12
4.830000000000001	8.213655498324383e-12
4.840000000000001	8.213262443448588e-12
4.8500000000000005	8.213049932281665e-12
4.86	8.212800966389294e-12
4.87	8.212298175710497e-12
4.88	8.21259903694165e-12
4.890000000000001	8.212249312599178e-12
4.9	8.21196997633932e-12
4.91	8.211588966489388e-12
4.92	8.211505627340421e-12
4.930000000000001	8.211672262298999e-12
4.94	8.211721580432204e-12
4.95	8.211548973388547e-12
4.96	8.211450270452938e-12
4.970000000000001	8.21125117767797e-12
4.98	8.211080528758847e-12
4.99	8.211156374036504e-12
5.	8.2110383502245e-12