0.0001	2.3458352911950916e-11
0.0002	2.179940761749915e-11
0.00030000000000000003	2.1397092697359588e-11
0.0004	2.119452873206376e-11
0.0005	2.106945041075522e-11
0.0006000000000000001	2.0994190935479495e-11
0.0007000000000000001	2.0958079803607126e-11
0.0008	2.0949463820173455e-11
0.0009000000000000001	2.095356267834491e-11
0.001	2.095551836982276e-11
0.0011	2.09451831017139e-11
0.0012000000000000001	2.092221627775994e-11
0.0013000000000000002	2.0893344291079684e-11
0.0014000000000000002	2.086927534463486e-11
0.0015	2.0855765419961604e-11
0.0016	2.0851557399829935e-11
0.0017000000000000001	2.0849250283061426e-11
0.0018000000000000002	2.0841655614565195e-11
0.0019000000000000002	2.082745427047389e-11
0.002	2.0810999276102576e-11
0.0021	2.0798658063518152e-11
0.0022	2.0792741861423853e-11
0.0023	2.0789782264306078e-11
0.0024	2.0784816646297913e-11
0.0025	2.0774985826053225e-11
0.0026	2.076327984544517e-11
0.0026999999999999997	2.075427621902539e-11
0.0028	2.0749479600129385e-11
0.0029	2.0746631144282167e-11
0.003	2.0741538944138032e-11
0.0031	2.0733086875553715e-11
0.0031999999999999997	2.072428714175071e-11
0.0033	2.0718275201025678e-11
0.0034	2.071490457714034e-11
0.0035	2.0711524488301966e-11
0.0036	2.0705908071358166e-11
0.0037	2.0698607205387137e-11
0.0038	2.0692210324304283e-11
0.0039	2.0688349250132983e-11
0.004	2.0685617337582895e-11
0.0040999999999999995	2.0681517423327405e-11
0.0042	2.0675447722927862e-11
0.0043	2.066948802926488e-11
0.0044	2.0665520559581817e-11
0.0045	2.0662937562316982e-11
0.0046	2.0659549713469468e-11
0.0047	2.0654484099478076e-11
0.0048000000000000004	2.0649238847565704e-11
0.0049	2.0645488848296444e-11
0.005	2.064298013584988e-11
0.0051	2.0639825407672635e-11
0.005200000000000001	2.0635299526488934e-11
0.0053	2.0630684513600993e-11
0.0054	2.062740407746186e-11
0.0055000000000000005	2.0625092400804574e-11
0.005600000000000001	2.0622101762927714e-11
0.0057	2.061782457938106e-11
0.0058000000000000005	2.061359193703768e-11
0.005900000000000001	2.0610731892123563e-11
0.006	2.0608684270062385e-11
0.0061	2.0605831626662265e-11
0.006200000000000001	2.0601916565406305e-11
0.0063	2.0598125143725735e-11
0.0064	2.059547865096e-11
0.006500000000000001	2.059327816903805e-11
0.0066	2.059041356146891e-11
0.0067	2.058683054748589e-11
0.0068000000000000005	2.0583635651421547e-11
0.006900000000000001	2.0581551444413158e-11
0.007	2.0579505141293163e-11
0.0071	2.057640300842409e-11
0.007200000000000001	2.057290393463788e-11
0.007300000000000001	2.0570176673083677e-11
0.0074	2.0568269817554184e-11
0.007500000000000001	2.056589719839236e-11
0.007600000000000001	2.0562895608482613e-11
0.007700000000000001	2.055997348510678e-11
0.0078000000000000005	2.0557889748209496e-11
0.0079	2.0556114881474684e-11
0.008	2.055385331807501e-11
0.008100000000000001	2.0550725049236292e-11
0.0082	2.0548094950733906e-11
0.0083	2.0546199734970627e-11
0.008400000000000001	2.054417816144164e-11
0.0085	2.0541634581834184e-11
0.0086	2.0538785876103707e-11
0.008700000000000001	2.053676587901823e-11
0.0088	2.053515326992304e-11
0.008900000000000002	2.0533206949555485e-11
0.009000000000000001	2.0530578305852652e-11
0.0091	2.0528349374362364e-11
0.009200000000000002	2.0526600920697127e-11
0.009300000000000001	2.0524788040206195e-11
0.0094	2.0522441939851767e-11
0.009500000000000001	2.052008018374381e-11
0.009600000000000001	2.0517993298257446e-11
0.0097	2.0516347663302823e-11
0.009800000000000001	2.0514544578267864e-11
0.0099	2.0511927634563784e-11
0.010000000000000002	2.0509931461343402e-11
0.0101	2.0508357580985057e-11
0.010199999999999999	2.0506845250597065e-11
0.0103	2.050487224901332e-11
0.0104	2.05025597898013e-11
0.010499999999999999	2.050104293256696e-11
0.0106	2.0499602882731484e-11
0.0107	2.0497574850104345e-11
0.010799999999999999	2.0495452528466466e-11
0.0109	2.0493560919953786e-11
0.011	2.0492066815913714e-11
0.011099999999999999	2.0490379503645153e-11
0.0112	2.0488240721028922e-11
0.0113	2.0486471755107988e-11
0.0114	2.0484931148825415e-11
0.0115	2.0483616849679195e-11
0.0116	2.0481604175230133e-11
0.0117	2.047968933586563e-11
0.0118	2.0478421385098445e-11
0.011899999999999999	2.0477165968903436e-11
0.012	2.0475329917081947e-11
0.0121	2.0473570304640998e-11
0.012199999999999999	2.047201914845403e-11
0.0123	2.0470690278107016e-11
0.0124	2.04691418047138e-11
0.0125	2.0467315032064292e-11
0.0126	2.0465487756996707e-11
0.0127	2.046453420347507e-11
0.0128	2.046261537259632e-11
0.0129	2.046086413864409e-11
0.013	2.0459252606076997e-11
0.0131	2.0457938772577608e-11
0.0132	2.0456780236077972e-11
0.0133	2.045504522347546e-11
0.0134	2.0453441918838778e-11
0.0135	2.0452219630279117e-11
0.013600000000000001	2.0450990821850455e-11
0.0137	2.0449461016566518e-11
0.0138	2.044807191679071e-11
0.013900000000000001	2.044667873099936e-11
0.014	2.044540831844932e-11
0.0141	2.0443961300128567e-11
0.0142	2.0442362926655863e-11
0.0143	2.0441106892102288e-11
0.0144	2.0439793195203858e-11
0.0145	2.0438416270353255e-11
0.0146	2.043706168970419e-11
0.014700000000000001	2.0435560132746625e-11
0.0148	2.0434474707111856e-11
0.0149	2.0433062900311034e-11
0.015	2.0431594914205622e-11
0.0151	2.0430282454646368e-11
0.0152	2.042904532469304e-11
0.015300000000000001	2.042805786579157e-11
0.0154	2.042656551438246e-11
0.0155	2.0425133873970817e-11
0.015600000000000001	2.042406803188645e-11
0.015700000000000002	2.0423169117442634e-11
0.0158	2.0421538280425693e-11
0.0159	2.042032089431746e-11
0.016	2.0419366892060322e-11
0.0161	2.0418139622856662e-11
0.0162	2.0416959723752832e-11
0.016300000000000002	2.0415470493436517e-11
0.0164	2.0414665440122042e-11
0.0165	2.0413309684492834e-11
0.0166	2.0412185414453668e-11
0.0167	2.0410596465204252e-11
0.016800000000000002	2.0409304295922584e-11
0.016900000000000002	2.0408810409813337e-11
0.017	2.0407063086343217e-11
0.0171	2.0405832197034065e-11
0.0172	2.0404704859500443e-11
0.0173	2.040367817904066e-11
0.0174	2.0402475444095773e-11
0.0175	2.0401122847443836e-11
0.0176	2.0400177000443163e-11
0.0177	2.03996277681096e-11
0.0178	2.039815650016288e-11
0.017900000000000003	2.039718012154673e-11
0.018000000000000002	2.0396435040721044e-11
0.0181	2.039525993635046e-11
0.0182	2.0393992543237675e-11
0.0183	2.0392812900992464e-11
0.0184	2.0391942784454795e-11
0.018500000000000003	2.0390955333833337e-11
0.018600000000000002	2.0389988815103814e-11
0.0187	2.0388507536711818e-11
0.0188	2.0387579480398536e-11
0.0189	2.0387391549181542e-11
0.019	2.0385636104695146e-11
0.019100000000000002	2.0384439112792802e-11
0.019200000000000002	2.0383257645473477e-11
0.0193	2.0382522355094507e-11
0.0194	2.0381497338942558e-11
0.0195	2.0380022693730735e-11
0.0196	2.0379176297360154e-11
0.019700000000000002	2.0378077975678108e-11
0.0198	2.0376810792506e-11
0.0199	2.0375896605955508e-11
0.02	2.0374635604475e-11
0.0201	2.037430961951019e-11
0.0202	2.0373025517512346e-11
0.0203	2.0371692258894895e-11
0.0204	2.0371214837002706e-11
0.0205	2.0370200328695877e-11
0.0206	2.0369026888154806e-11
0.0207	2.0368191124126657e-11
0.0208	2.0367191117693067e-11
0.0209	2.036633678195419e-11
0.021	2.0365822123681217e-11
0.0211	2.0364694936509032e-11
0.0212	2.0363870051338234e-11
0.0213	2.0362931342530936e-11
0.0214	2.036187751686529e-11
0.0215	2.0361099589950107e-11
0.0216	2.036039702145765e-11
0.0217	2.0359477568378873e-11
0.0218	2.03583233244035e-11
0.0219	2.035771668821322e-11
0.022	2.0356779628867634e-11
0.0221	2.035592086282751e-11
0.0222	2.0354359280695413e-11
0.0223	2.0353511501185874e-11
0.0224	2.0353044131714546e-11
0.0225	2.035195970815448e-11
0.022600000000000002	2.0350562643694127e-11
0.0227	2.035000526871402e-11
0.0228	2.0349229877549246e-11
0.022900000000000004	2.0348493518065362e-11
0.023000000000000003	2.0347428011901573e-11
0.023100000000000002	2.034647043569028e-11
0.023200000000000002	2.0345320791201102e-11
0.0233	2.0344412449609852e-11
0.0234	2.0343463720950114e-11
0.023500000000000004	2.0342645783011093e-11
0.023600000000000003	2.0342153921297843e-11
0.023700000000000002	2.0341026560508044e-11
0.0238	2.0340465060474055e-11
0.0239	2.0339620694369787e-11
0.024	2.0339181386675807e-11
0.024100000000000003	2.0337825037804228e-11
0.024200000000000003	2.0336959099395334e-11
0.024300000000000002	2.033717950015022e-11
0.0244	2.0335709197335495e-11
0.0245	2.0334677721415533e-11
0.024600000000000004	2.0334309322859675e-11
0.024700000000000003	2.0333363178306302e-11
0.024800000000000003	2.0332916243345724e-11
0.024900000000000002	2.0331526361149302e-11
0.025	2.033109813723096e-11
0.0251	2.033055365014794e-11
0.0252	2.0329621852147324e-11
0.0253	2.0328975504255724e-11
0.025400000000000002	2.0327808471900714e-11
0.025500000000000002	2.032691325006531e-11
0.0256	2.0326337775877706e-11
0.0257	2.0325195684131966e-11
0.0258	2.0324454652710256e-11
0.0259	2.032374656045363e-11
0.026000000000000002	2.032325167758971e-11
0.0261	2.0322373073357508e-11
0.0262	2.0321946123333466e-11
0.0263	2.0320671489065422e-11
0.0264	2.0320305011438537e-11
0.0265	2.031960178014386e-11
0.026600000000000002	2.0318768609024105e-11
0.0267	2.031752562745378e-11
0.0268	2.0316483289260543e-11
0.0269	2.031537730073613e-11
0.027	2.0314720950304724e-11
0.0271	2.0313859828673128e-11
0.027200000000000002	2.0313408672372263e-11
0.0273	2.0313052631314302e-11
0.0274	2.03129917637932e-11
0.0275	2.0311165410577333e-11
0.0276	2.0311413991567266e-11
0.0277	2.0310232364813854e-11
0.0278	2.030911210601344e-11
0.0279	2.0307701853902582e-11
0.028	2.0307000894647207e-11
0.0281	2.0307491580862878e-11
0.0282	2.0305702182844225e-11
0.0283	2.030583319617491e-11
0.028399999999999998	2.030413817967926e-11
0.0285	2.0304432774675236e-11
0.0286	2.0303479809988396e-11
0.0287	2.0303780756733564e-11
0.0288	2.0301507640316927e-11
0.0289	2.0301801612002077e-11
0.028999999999999998	2.030048880344919e-11
0.0291	2.0299373765467827e-11
0.0292	2.0299923721014153e-11
0.0293	2.029811378195022e-11
0.0294	2.0298441390223648e-11
0.0295	2.029840380390984e-11
0.0296	2.0297166089578894e-11
0.0297	2.0296993954984877e-11
0.0298	2.0295039880010217e-11
0.0299	2.029486108029289e-11
0.03	2.0294549975076077e-11
0.030100000000000002	2.0292921887550323e-11
0.0302	2.0292659079072956e-11
0.0303	2.0292768517235734e-11
0.030400000000000003	2.0290729950952287e-11
0.030500000000000003	2.0290021120505666e-11
0.030600000000000002	2.0290577634928298e-11
0.0307	2.028967265296741e-11
0.0308	2.028801630504448e-11
0.0309	2.0288490865121975e-11
0.031000000000000003	2.0287105845419723e-11
0.031100000000000003	2.0286871996723046e-11
0.031200000000000002	2.0287195979964437e-11
0.0313	2.0286303613694783e-11
0.031400000000000004	2.028529975241193e-11
0.0315	2.0283787174155435e-11
0.0316	2.0284002185180413e-11
0.0317	2.028221516783959e-11
0.0318	2.0282504032259257e-11
0.031900000000000005	2.0280875814668437e-11
0.032	2.02822197360206e-11
0.032100000000000004	2.0280713892603666e-11
0.0322	2.0280571111300887e-11
0.0323	2.027937045425854e-11
0.0324	2.0277862114009664e-11
0.0325	2.0277098403486972e-11
0.032600000000000004	2.027601130215923e-11
0.03270000000000001	2.0275328679345124e-11
0.0328	2.027551002284177e-11
0.032900000000000006	2.0274551100133494e-11
0.033	2.0275291175847324e-11
0.033100000000000004	2.0274510124229578e-11
0.03320000000000001	2.027465483150688e-11
0.0333	2.0273378117963678e-11
0.033400000000000006	2.027147368604961e-11
0.0335	2.0272787814033625e-11
0.033600000000000005	2.0271972580682234e-11
0.0337	2.0271465989686284e-11
0.033800000000000004	2.027069964306792e-11
0.033900000000000007	2.0270049682936477e-11
0.034	2.0270170021226246e-11
0.034100000000000005	2.026874361312071e-11
0.0342	2.0268943716421825e-11
0.034300000000000004	2.02664709592342e-11
0.03440000000000001	2.0265917390723677e-11
0.0345	2.026687811710319e-11
0.034600000000000006	2.0265712588511746e-11
0.0347	2.0266483420140582e-11
0.034800000000000005	2.026602781252363e-11
0.0349	2.026416541643995e-11
0.035	2.0263529845592245e-11
0.035100000000000006	2.0262410364463828e-11
0.03520000000000001	2.02616859539341e-11
0.035300000000000005	2.0261795295399524e-11
0.03540000000000001	2.0260953667051862e-11
0.035500000000000004	2.026111014550643e-11
0.03560000000000001	2.025972389262713e-11
0.03570000000000001	2.025929919155946e-11
0.035800000000000005	2.025832292546214e-11
0.03590000000000001	2.0257447043174394e-11
0.036000000000000004	2.0259075829272603e-11
0.03610000000000001	2.0258976762337834e-11
0.0362	2.0258557644900088e-11
0.036300000000000006	2.025501367997651e-11
0.03640000000000001	2.025490763356414e-11
0.036500000000000005	2.025624866581504e-11
0.03660000000000001	2.0253434420182208e-11
0.0367	2.0254835872690442e-11
0.036800000000000006	2.0254575624458312e-11
0.03690000000000001	2.0253075196495568e-11
0.037000000000000005	2.0253482368334022e-11
0.03710000000000001	2.0252561570080683e-11
0.037200000000000004	2.025243863295043e-11
0.03730000000000001	2.0250212421891436e-11
0.0374	2.0251095279572894e-11
0.037500000000000006	2.0251256240381173e-11
0.0376	2.0250402795660876e-11
0.037700000000000004	2.0249074962751485e-11
0.0378	2.0248033366860033e-11
0.0379	2.0248951632692747e-11
0.038	2.024801585667131e-11
0.0381	2.0247261904003687e-11
0.038200000000000005	2.024676030570803e-11
0.0383	2.0246489563374786e-11
0.038400000000000004	2.024397863255732e-11
0.0385	2.0243923097256357e-11
0.0386	2.024423618822934e-11
0.0387	2.0244681179860285e-11
0.0388	2.0243869563725113e-11
0.038900000000000004	2.0240905651968002e-11
0.039	2.0242444531042727e-11
0.0391	2.024023917573362e-11
0.0392	2.023970109774854e-11
0.0393	2.0240245368293197e-11
0.039400000000000004	2.024113306552117e-11
0.0395	2.0239560303823582e-11
0.0396	2.0237894594073276e-11
0.0397	2.0239932258325774e-11
0.0398	2.023907511726565e-11
0.039900000000000005	2.0238675195984452e-11
0.04	2.02381034002185e-11
0.040100000000000004	2.0235684618450173e-11
0.04020000000000001	2.023769679625728e-11
0.0403	2.0236145694247725e-11
0.040400000000000005	2.023471926806956e-11
0.0405	2.023511083190135e-11
0.040600000000000004	2.0234807385522763e-11
0.04070000000000001	2.023263792275082e-11
0.0408	2.023171527463601e-11
0.040900000000000006	2.0232430217246485e-11
0.041	2.0233568466154715e-11
0.041100000000000005	2.0232926214395993e-11
0.0412	2.0231195644059258e-11
0.0413	2.023080498989172e-11
0.041400000000000006	2.023063584616568e-11
0.0415	2.02310993118232e-11
0.041600000000000005	2.023013791650063e-11
0.0417	2.0230128131042535e-11
0.041800000000000004	2.022925480886105e-11
0.04190000000000001	2.0230096190241005e-11
0.042	2.0228484717845212e-11
0.042100000000000005	2.022836241627076e-11
0.0422	2.0226409611034935e-11
0.042300000000000004	2.0226758558704262e-11
0.04240000000000001	2.0226858244492177e-11
0.0425	2.0225995574086954e-11
0.042600000000000006	2.022499933988221e-11
0.04270000000000001	2.0225068029783485e-11
0.042800000000000005	2.022472973096848e-11
0.04290000000000001	2.0225750908973317e-11
0.043000000000000003	2.0224261158619414e-11
0.043100000000000006	2.0223357141428183e-11
0.04320000000000001	2.0221720737876904e-11
0.043300000000000005	2.0220223935399788e-11
0.04340000000000001	2.0222024360807318e-11
0.043500000000000004	2.0220306309967062e-11
0.04360000000000001	2.0221473628313843e-11
0.0437	2.0219972422149912e-11
0.043800000000000006	2.0217811038003232e-11
0.04390000000000001	2.0219332031900338e-11
0.044000000000000004	2.0218576566573516e-11
0.04410000000000001	2.02172733628401e-11
0.0442	2.0216147616694006e-11
0.044300000000000006	2.0217069055472687e-11
0.04440000000000001	2.0216556173170185e-11
0.044500000000000005	2.021509958340832e-11
0.04460000000000001	2.0215555315120964e-11
0.044700000000000004	2.0214133505962233e-11
0.044800000000000006	2.0215302321688276e-11
0.04490000000000001	2.0214829555508834e-11
0.045000000000000005	2.0213845948536885e-11
0.04510000000000001	2.0213041876852047e-11
0.04520000000000001	2.02140172138043e-11
0.04530000000000001	2.021251087357876e-11
0.04540000000000001	2.021029143175717e-11
0.045500000000000006	2.0209888819600957e-11
0.04560000000000001	2.0211581533995836e-11
0.04570000000000001	2.021206479579539e-11
0.04580000000000001	2.0210513770346014e-11
0.04590000000000001	2.0210047006416632e-11
0.046000000000000006	2.020946918866804e-11
0.04610000000000001	2.0208451473301904e-11
0.046200000000000005	2.0209031031290747e-11
0.04630000000000001	2.020899224570535e-11
0.04640000000000001	2.0207277926918793e-11
0.04650000000000001	2.020700328538722e-11
0.04660000000000001	2.0207464098517363e-11
0.046700000000000005	2.0205743816088158e-11
0.04680000000000001	2.020711183041577e-11
0.04690000000000001	2.020659003410476e-11
0.04700000000000001	2.0204050692781454e-11
0.04710000000000001	2.0203454697676462e-11
0.047200000000000006	2.0203559716112986e-11
0.04730000000000001	2.020362411646382e-11
0.04740000000000001	2.020286546027409e-11
0.04750000000000001	2.020409957252011e-11
0.0476	2.020413462457385e-11
0.047700000000000006	2.0202982323320103e-11
0.0478	2.0202550128781808e-11
0.047900000000000005	2.0201214288168556e-11
0.048	2.020128041579629e-11
0.048100000000000004	2.0201953547504464e-11
0.04820000000000001	2.0200251920939604e-11
0.0483	2.0200282571256854e-11
0.048400000000000006	2.0199110273085012e-11
0.0485	2.0197962301904895e-11
0.048600000000000004	2.0198727446640383e-11
0.0487	2.0198849250746442e-11
0.0488	2.0199270657163445e-11
0.048900000000000006	2.0197477614505113e-11
0.049	2.0197090320229166e-11
0.049100000000000005	2.0196743789750844e-11
0.0492	2.0196214775167684e-11
0.049300000000000004	2.0196551852456436e-11
0.049400000000000006	2.0196390077633307e-11
0.0495	2.0195526930272673e-11
0.049600000000000005	2.0194373011089995e-11
0.0497	2.0194502108545517e-11
0.049800000000000004	2.0192478825840592e-11
0.0499	2.019155423640362e-11
0.05	2.019348347216664e-11
0.050100000000000006	2.0192845092696804e-11
0.05020000000000001	2.019208855946978e-11
0.050300000000000004	2.0191997647825712e-11
0.05040000000000001	2.019123948758503e-11
0.0505	2.0191195661819087e-11
0.050600000000000006	2.0190764739528947e-11
0.05070000000000001	2.019180392699289e-11
0.050800000000000005	2.019004692174852e-11
0.05090000000000001	2.0189081618793282e-11
0.051000000000000004	2.0188307195755955e-11
0.051100000000000007	2.0189203046109567e-11
0.0512	2.018776180895143e-11
0.051300000000000005	2.0186079147784604e-11
0.05140000000000001	2.0187952357121562e-11
0.051500000000000004	2.0187264286972688e-11
0.05160000000000001	2.0186239535209435e-11
0.0517	2.0186994864024956e-11
0.051800000000000006	2.0185635697241997e-11
0.05190000000000001	2.018420122401837e-11
0.052000000000000005	2.0185186865473598e-11
0.05210000000000001	2.0184086752466524e-11
0.0522	2.0184654650456854e-11
0.052300000000000006	2.01849213859996e-11
0.0524	2.0182415167037053e-11
0.052500000000000005	2.0182462076959625e-11
0.05260000000000001	2.018216108739798e-11
0.05270000000000001	2.0182174919286828e-11
0.05280000000000001	2.018217159408987e-11
0.05290000000000001	2.0181546043490616e-11
0.053000000000000005	2.01804049338713e-11
0.05310000000000001	2.0180723015732205e-11
0.05320000000000001	2.0180129364658733e-11
0.05330000000000001	2.0179210574113995e-11
0.05340000000000001	2.0180155040777804e-11
0.053500000000000006	2.0179637003362566e-11
0.05360000000000001	2.0177273978433206e-11
0.053700000000000005	2.017860546494632e-11
0.05380000000000001	2.017756977275817e-11
0.05390000000000001	2.0177998082823374e-11
0.054000000000000006	2.0177525457283758e-11
0.05410000000000001	2.0177163949734602e-11
0.054200000000000005	2.0175602831389142e-11
0.05430000000000001	2.017591497714242e-11
0.05440000000000001	2.0175942912791177e-11
0.05450000000000001	2.0176761107546362e-11
0.05460000000000001	2.017585866221038e-11
0.054700000000000006	2.0174647459791637e-11
0.05480000000000001	2.017381663692197e-11
0.054900000000000004	2.0173394533072757e-11
0.05500000000000001	2.017200601760535e-11
0.0551	2.0174300000139154e-11
0.055200000000000006	2.017347617153638e-11
0.0553	2.0172312730949697e-11
0.055400000000000005	2.0170783233954368e-11
0.0555	2.0172251826546563e-11
0.055600000000000004	2.0171906870404265e-11
0.055700000000000006	2.017192317358227e-11
0.0558	2.0170739901568593e-11
0.055900000000000005	2.017043718952338e-11
0.056	2.0169239450739863e-11
0.056100000000000004	2.017150089370472e-11
0.0562	2.0169869362909156e-11
0.0563	2.016859413364591e-11
0.056400000000000006	2.0168240801204836e-11
0.0565	2.0169659121854377e-11
0.056600000000000004	2.0169249183062575e-11
0.0567	2.0168125522861146e-11
0.0568	2.016729796817297e-11
0.056900000000000006	2.0167783538847665e-11
0.057	2.0166877903822486e-11
0.057100000000000005	2.0165943281773205e-11
0.0572	2.0166664703195787e-11
0.057300000000000004	2.0165394038478617e-11
0.05740000000000001	2.016601370064803e-11
0.0575	2.0166364915161663e-11
0.057600000000000005	2.0165137029141935e-11
0.05770000000000001	2.0165187852064665e-11
0.057800000000000004	2.0163613788173053e-11
0.05790000000000001	2.016439804288786e-11
0.058	2.016425518936222e-11
0.058100000000000006	2.0163383038047474e-11
0.05820000000000001	2.01633335799951e-11
0.058300000000000005	2.0162580513188724e-11
0.05840000000000001	2.016278246155004e-11
0.0585	2.016299945276681e-11
0.058600000000000006	2.0161358085177295e-11
0.0587	2.0161105229871304e-11
0.058800000000000005	2.0161362521115494e-11
0.05890000000000001	2.0161733435012177e-11
0.059000000000000004	2.0161378153900855e-11
0.05910000000000001	2.016058039463527e-11
0.0592	2.0159821196147653e-11
0.059300000000000005	2.016083055138405e-11
0.05940000000000001	2.0159298713433604e-11
0.059500000000000004	2.0159018148986395e-11
0.05960000000000001	2.015827297077041e-11
0.0597	2.0156886636248664e-11
0.059800000000000006	2.0157889371148187e-11
0.05990000000000001	2.0156262380916364e-11
0.060000000000000005	2.015823973189979e-11
0.06010000000000001	2.0156684532375927e-11
0.06020000000000001	2.0154984040662785e-11
0.060300000000000006	2.0154567247734392e-11
0.06040000000000001	2.015593111838615e-11
0.060500000000000005	2.0156073943721323e-11
0.06060000000000001	2.0154137030016488e-11
0.06070000000000001	2.015457837422622e-11
0.06080000000000001	2.0153917811557357e-11
0.06090000000000001	2.015407927715913e-11
0.061000000000000006	2.0153658424724743e-11
0.06110000000000001	2.0151055900348523e-11
0.061200000000000004	2.0152947400181403e-11
0.06130000000000001	2.0152294433513887e-11
0.06140000000000001	2.0152727687125416e-11
0.061500000000000006	2.0152527433967533e-11
0.06160000000000001	2.015234224747443e-11
0.061700000000000005	2.015129267762129e-11
0.06180000000000001	2.0150782819254844e-11
0.06190000000000001	2.0150905181887535e-11
0.062000000000000006	2.0149963593997562e-11
0.06210000000000001	2.014827371660949e-11
0.062200000000000005	2.0149306957924793e-11
0.06230000000000001	2.0147590733101e-11
0.06240000000000001	2.0146835218722818e-11
0.06250000000000001	2.0146826366394543e-11
0.0626	2.0149156876520773e-11
0.0627	2.014860069851125e-11
0.06280000000000001	2.014666297979562e-11
0.0629	2.014599685507334e-11
0.063	2.0147233427656734e-11
0.0631	2.014455264238914e-11
0.0632	2.014581122470402e-11
0.06330000000000001	2.0145690176942434e-11
0.0634	2.014650569811985e-11
0.0635	2.0145689061352295e-11
0.0636	2.0145396278649552e-11
0.0637	2.0144489720725748e-11
0.06380000000000001	2.0145306109717748e-11
0.0639	2.0144014105205236e-11
0.064	2.0142834835223162e-11
0.0641	2.014342817472471e-11
0.06420000000000001	2.014332623936427e-11
0.0643	2.0142825826794426e-11
0.0644	2.014177626879907e-11
0.0645	2.0142086824724364e-11
0.0646	2.014193698163274e-11
0.06470000000000001	2.0141470653871482e-11
0.0648	2.014142097976087e-11
0.0649	2.0140818947519476e-11
0.065	2.0140882479758415e-11
0.0651	2.013877104992028e-11
0.06520000000000001	2.0139031699608884e-11
0.06530000000000001	2.0140314692709148e-11
0.0654	2.014035099436275e-11
0.0655	2.0138138607311326e-11
0.0656	2.01381310880296e-11
0.06570000000000001	2.013859853420662e-11
0.06580000000000001	2.0139450486141568e-11
0.0659	2.01355461842681e-11
0.066	2.013787321531385e-11
0.0661	2.0135776220864e-11
0.06620000000000001	2.013642116820629e-11
0.06630000000000001	2.0135859495154155e-11
0.0664	2.013555523362574e-11
0.0665	2.0134868272249255e-11
0.0666	2.0136265388193684e-11
0.06670000000000001	2.013561540155817e-11
0.0668	2.013567887555772e-11
0.0669	2.0134890473010714e-11
0.067	2.013513910212179e-11
0.0671	2.0134676993848537e-11
0.06720000000000001	2.0131915536602684e-11
0.0673	2.0132834212626366e-11
0.0674	2.0133115384731992e-11
0.0675	2.0133642706465572e-11
0.06760000000000001	2.0133947412775485e-11
0.06770000000000001	2.0132260990521336e-11
0.06780000000000001	2.0130462227986054e-11
0.0679	2.0132244147635812e-11
0.068	2.013228563087772e-11
0.06810000000000001	2.013282691686533e-11
0.06820000000000001	2.0132591420575545e-11
0.06830000000000001	2.0130239378070465e-11
0.0684	2.013148062370513e-11
0.0685	2.0130478548612762e-11
0.06860000000000001	2.013008511512934e-11
0.06870000000000001	2.0130135491826573e-11
0.06880000000000001	2.0130436189021154e-11
0.0689	2.0129934255293205e-11
0.069	2.0130062043568003e-11
0.06910000000000001	2.012959487852747e-11
0.06920000000000001	2.0129450806007973e-11
0.0693	2.0128326355603048e-11
0.0694	2.012636232820034e-11
0.0695	2.0127678998422577e-11
0.06960000000000001	2.0126023874586877e-11
0.06970000000000001	2.0126907289348932e-11
0.0698	2.0127330331639677e-11
0.0699	2.0126145540611263e-11
0.07	2.0126290763577606e-11
0.07010000000000001	2.012572538732678e-11
0.07020000000000001	2.0122880015039532e-11
0.07030000000000002	2.0124682650461978e-11
0.0704	2.0123766965757622e-11
0.07050000000000001	2.012444094042609e-11
0.07060000000000001	2.0124346412002248e-11
0.07070000000000001	2.0123472844429408e-11
0.07080000000000002	2.0121815616019392e-11
0.0709	2.012115848439401e-11
0.07100000000000001	2.0123058269963494e-11
0.07110000000000001	2.0120400030039622e-11
0.07120000000000001	2.0122798375683288e-11
0.07130000000000002	2.0120740311350412e-11
0.0714	2.0122191495684498e-11
0.07150000000000001	2.0121103962443417e-11
0.07160000000000001	2.012108711066464e-11
0.07170000000000001	2.0118726125109654e-11
0.0718	2.012161125832951e-11
0.0719	2.0120914610334638e-11
0.07200000000000001	2.011822657030157e-11
0.07210000000000001	2.0119835647642352e-11
0.07220000000000001	2.0119544892052413e-11
0.0723	2.0119842656137356e-11
0.0724	2.0118639673953275e-11
0.07250000000000001	2.0117747874095356e-11
0.07260000000000001	2.0116778898238586e-11
0.07270000000000001	2.011646339331726e-11
0.07280000000000002	2.0118469395389983e-11
0.0729	2.0117465825801584e-11
0.07300000000000001	2.0118474613085515e-11
0.07310000000000001	2.011528637024743e-11
0.07320000000000002	2.0116984355275015e-11
0.07330000000000002	2.011723934797853e-11
0.0734	2.011562104501239e-11
0.07350000000000001	2.0116191334700514e-11
0.07360000000000001	2.0116656100782283e-11
0.07370000000000002	2.0115624917972197e-11
0.07380000000000002	2.011538093659215e-11
0.07390000000000001	2.0114632030732908e-11
0.07400000000000001	2.0114650370565675e-11
0.07410000000000001	2.0113408110530072e-11
0.07420000000000002	2.0113568349912592e-11
0.0743	2.0113335982178806e-11
0.07440000000000001	2.0113769572277524e-11
0.07450000000000001	2.0113427960317077e-11
0.07460000000000001	2.0113425077125036e-11
0.07470000000000002	2.0111164083341793e-11
0.0748	2.011291284422443e-11
0.07490000000000001	2.0113032594766792e-11
0.07500000000000001	2.011110868207162e-11
0.0751	2.011145453205057e-11
0.0752	2.011002096155522e-11
0.0753	2.011020490340791e-11
0.0754	2.0111954492895303e-11
0.0755	2.0109590186257465e-11
0.0756	2.0108365846528366e-11
0.0757	2.011012713622633e-11
0.0758	2.0110760113859e-11
0.0759	2.0110612914707537e-11
0.076	2.010943888482129e-11
0.0761	2.010953938239026e-11
0.0762	2.0109687377128846e-11
0.0763	2.0109305404096937e-11
0.0764	2.0107804154344898e-11
0.0765	2.0107642596631328e-11
0.0766	2.010742007115592e-11
0.0767	2.0107101772859018e-11
0.07680000000000001	2.010701809615306e-11
0.0769	2.0106088943948448e-11
0.077	2.0108684480376783e-11
0.0771	2.010687477578663e-11
0.0772	2.0105766443098244e-11
0.0773	2.0107075413959055e-11
0.0774	2.010614552483831e-11
0.0775	2.010433070778077e-11
0.0776	2.0105127835991156e-11
0.0777	2.0103307810869247e-11
0.07780000000000001	2.010592289767832e-11
0.0779	2.0104940119130195e-11
0.078	2.0104796917194633e-11
0.0781	2.0103985306159042e-11
0.0782	2.0104052977896064e-11
0.07830000000000001	2.010364604976407e-11
0.0784	2.0103207202904674e-11
0.0785	2.0104031429052778e-11
0.0786	2.0103460595861048e-11
0.0787	2.0102309771897785e-11
0.07880000000000001	2.0101593413582903e-11
0.0789	2.010192419379551e-11
0.079	2.0100453458095657e-11
0.0791	2.0102611432459002e-11
0.0792	2.0101870956108738e-11
0.07930000000000001	2.0101782719232242e-11
0.0794	2.0100054979600934e-11
0.0795	2.0100155127244e-11
0.0796	2.010146008420253e-11
0.07970000000000001	2.010074716109703e-11
0.0798	2.0100865827479395e-11
0.0799	2.0100362484630095e-11
0.08	2.009988127803144e-11
0.0801	2.0099453650597942e-11
0.08020000000000001	2.0098555068206315e-11
0.08030000000000001	2.0099883492725658e-11
0.0804	2.009964032747511e-11
0.0805	2.0099479619200136e-11
0.0806	2.0097780121486648e-11
0.08070000000000001	2.0097868364714664e-11
0.08080000000000001	2.0097315033657696e-11
0.0809	2.0098136400457693e-11
0.081	2.009726609950326e-11
0.0811	2.0097024211565663e-11
0.08120000000000001	2.009757374691451e-11
0.08130000000000001	2.009597943962315e-11
0.0814	2.009656862514176e-11
0.0815	2.009586257326377e-11
0.0816	2.0094975264480388e-11
0.08170000000000001	2.0094066936265217e-11
0.08180000000000001	2.0095707140734293e-11
0.0819	2.0094163990605647e-11
0.082	2.0095165110330094e-11
0.0821	2.0094749466712246e-11
0.08220000000000001	2.0094699749005676e-11
0.0823	2.0094276908352174e-11
0.0824	2.0093933137885467e-11
0.0825	2.009492652527498e-11
0.0826	2.0092392635245972e-11
0.08270000000000001	2.009292265204082e-11
0.08280000000000001	2.0092819183717826e-11
0.0829	2.0093570373005986e-11
0.083	2.009222625195146e-11
0.08310000000000001	2.009235512890737e-11
0.08320000000000001	2.0091234609215636e-11
0.08330000000000001	2.0091125327112023e-11
0.0834	2.0091728284841975e-11
0.0835	2.0090944494820157e-11
0.08360000000000001	2.0091784574637186e-11
0.08370000000000001	2.0091173793497705e-11
0.08380000000000001	2.0090543341780278e-11
0.0839	2.0090579895936647e-11
0.084	2.0090858329225086e-11
0.08410000000000001	2.008955506658251e-11
0.08420000000000001	2.0089173012321792e-11
0.08430000000000001	2.0089378362746482e-11
0.0844	2.008661563901584e-11
0.0845	2.008677990409319e-11
0.08460000000000001	2.008813992529455e-11
0.08470000000000001	2.0087923367759297e-11
0.0848	2.0087870115169003e-11
0.0849	2.008704317157075e-11
0.085	2.0087645232668606e-11
0.08510000000000001	2.0087253607231875e-11
0.08520000000000001	2.0086956541843554e-11
0.08530000000000001	2.0086265849098205e-11
0.0854	2.008669755545299e-11
0.0855	2.0085286209546703e-11
0.08560000000000001	2.008442577977545e-11
0.08570000000000001	2.008597911893366e-11
0.08580000000000002	2.0086660607392516e-11
0.0859	2.0085307922500432e-11
0.08600000000000001	2.0085456469178093e-11
0.08610000000000001	2.0083228614376314e-11
0.08620000000000001	2.0083214308688974e-11
0.08630000000000002	2.008455950554948e-11
0.0864	2.008465692760463e-11
0.08650000000000001	2.0084827794475104e-11
0.08660000000000001	2.0082660557108835e-11
0.08670000000000001	2.008303464009413e-11
0.08680000000000002	2.0082763141836633e-11
0.0869	2.0082283117078765e-11
0.08700000000000001	2.0081989984268632e-11
0.08710000000000001	2.0081864247057423e-11
0.08720000000000001	2.0081232376335207e-11
0.0873	2.0082664651368863e-11
0.0874	2.0081308384593945e-11
0.08750000000000001	2.008010255189352e-11
0.08760000000000001	2.0082285000665232e-11
0.08770000000000001	2.0080870155415254e-11
0.08780000000000002	2.0080988189286048e-11
0.0879	2.007926475328564e-11
0.08800000000000001	2.007807312391263e-11
0.08810000000000001	2.0079548479839778e-11
0.08820000000000001	2.0079647172773854e-11
0.08830000000000002	2.007822001184451e-11
0.0884	2.0079368886123555e-11
0.08850000000000001	2.0079085290907132e-11
0.08860000000000001	2.0079147297965632e-11
0.08870000000000001	2.00775614279199e-11
0.08880000000000002	2.0078469004952028e-11
0.0889	2.0078167637106433e-11
0.08900000000000001	2.0078092039499865e-11
0.08910000000000001	2.0077711551217224e-11
0.08920000000000002	2.0076939844873195e-11
0.08930000000000002	2.007724664355966e-11
0.08940000000000001	2.0076929804095182e-11
0.08950000000000001	2.0076703534703148e-11
0.08960000000000001	2.0077176932730385e-11
0.08970000000000002	2.0075838640053376e-11
0.0898	2.0076295175750286e-11
0.08990000000000001	2.0075169050671763e-11
0.09000000000000001	2.0076364053672552e-11
0.09010000000000001	2.0073468439248638e-11
0.09020000000000002	2.007431043753608e-11
0.09030000000000002	2.0075110202628833e-11
0.09040000000000001	2.0076450022086895e-11
0.09050000000000001	2.0074595264715905e-11
0.09060000000000001	2.0073237393773462e-11
0.09070000000000002	2.0074569879369042e-11
0.09080000000000002	2.0074629977231465e-11
0.09090000000000001	2.0073954868758713e-11
0.09100000000000001	2.0071935350478274e-11
0.09110000000000001	2.0071814140893404e-11
0.09120000000000002	2.0073779993829768e-11
0.09130000000000002	2.0072135474161236e-11
0.09140000000000001	2.007294206410628e-11
0.09150000000000001	2.007242482658822e-11
0.09160000000000001	2.0070665026334562e-11
0.09170000000000002	2.007231619414366e-11
0.09180000000000002	2.0071867912504745e-11
0.09190000000000001	2.0071810473806243e-11
0.09200000000000001	2.0072015545384798e-11
0.09210000000000002	2.0071584059675842e-11
0.09220000000000002	2.0070553325555898e-11
0.09230000000000001	2.0069331509105427e-11
0.09240000000000001	2.007171332744625e-11
0.09250000000000001	2.007164518424326e-11
0.0926	2.006974940842612e-11
0.0927	2.0070177367673055e-11
0.09280000000000001	2.0070650679482178e-11
0.0929	2.0069783268595926e-11
0.093	2.006884990318714e-11
0.0931	2.006893704147445e-11
0.0932	2.0068591302715065e-11
0.09330000000000001	2.006746995425408e-11
0.0934	2.0067045187494123e-11
0.0935	2.0068743648633845e-11
0.0936	2.0070119803509058e-11
0.0937	2.0066315938849178e-11
0.09380000000000001	2.0068826072839294e-11
0.0939	2.0066066724021796e-11
0.094	2.0066042210433602e-11
0.0941	2.0067261482586017e-11
0.0942	2.006809864149341e-11
0.0943	2.006628207913022e-11
0.0944	2.006640145988271e-11
0.0945	2.0065871114146662e-11
0.0946	2.006653674563134e-11
0.0947	2.006557988549499e-11
0.0948	2.006602181518637e-11
0.0949	2.0065680494234024e-11
0.095	2.006625262823714e-11
0.0951	2.006600246765305e-11
0.0952	2.0065647962461193e-11
0.09530000000000001	2.0064447196225893e-11
0.0954	2.006380257246258e-11
0.0955	2.0063893248036464e-11
0.0956	2.0064115779587374e-11
0.09570000000000001	2.0064662061797283e-11
0.09580000000000001	2.0064663843270717e-11
0.0959	2.006361581617271e-11
0.096	2.00642475148116e-11
0.0961	2.0061162520161466e-11
0.09620000000000001	2.006385635699507e-11
0.09630000000000001	2.0062239446096078e-11
0.0964	2.006202095331558e-11
0.0965	2.0060998401831266e-11
0.0966	2.0062425340198348e-11
0.09670000000000001	2.006147350934709e-11
0.0968	2.0061151227345947e-11
0.0969	2.0060790941523534e-11
0.097	2.006072333049167e-11
0.0971	2.0061262253549034e-11
0.09720000000000001	2.006164644524185e-11
0.0973	2.0060731734814254e-11
0.0974	2.005996723797289e-11
0.0975	2.0058886463804738e-11
0.0976	2.006148352248737e-11
0.09770000000000001	2.006030936712241e-11
0.09780000000000001	2.00599747132256e-11
0.0979	2.00587530866872e-11
0.098	2.0058274468425432e-11
0.0981	2.005731010307353e-11
0.09820000000000001	2.005855235184688e-11
0.09830000000000001	2.0057094807995408e-11
0.0984	2.0057985293893934e-11
0.0985	2.005659533577954e-11
0.09860000000000001	2.0057361627948393e-11
0.09870000000000001	2.0057476757256066e-11
0.09880000000000001	2.0057158413966005e-11
0.0989	2.0056985557278055e-11
0.099	2.0056824737201135e-11
0.09910000000000001	2.00560623630229e-11
0.09920000000000001	2.0056737663650983e-11
0.0993	2.005651226117164e-11
0.0994	2.005636626774593e-11
0.0995	2.0056541756441868e-11
0.09960000000000001	2.0054565045507868e-11
0.09970000000000001	2.0054677381813087e-11
0.0998	2.0055390189274764e-11
0.0999	2.0053640878444875e-11
0.1	2.0055482428561657e-11
0.11	2.003504619496007e-11
0.12	2.001561523933343e-11
0.13	2.0001264704150694e-11
0.14	1.998690130943203e-11
0.15	1.997018054711517e-11
0.16	1.9956980905175252e-11
0.16999999999999998	1.994416801075978e-11
0.18	1.9933085824008814e-11
0.19	1.9922569253203573e-11
0.2	1.991144150725875e-11
0.21000000000000002	1.9901885835887015e-11
0.22	1.989260170788324e-11
0.22999999999999998	1.9883718093127746e-11
0.24	1.987531476327139e-11
0.25	1.9868695930157895e-11
0.26	1.986063931549616e-11
0.27	1.985254741553428e-11
0.28	1.984493664463049e-11
0.29000000000000004	1.9837841167150584e-11
0.30000000000000004	1.9832832704061115e-11
0.31	1.982554257703138e-11
0.32	1.9818907644779702e-11
0.33	1.981257666394816e-11
0.34	1.9806437680951296e-11
0.35000000000000003	1.9800954941740756e-11
0.36	1.97941738902962e-11
0.37	1.9789633392705523e-11
0.38	1.978214137217797e-11
0.39	1.9776375618079664e-11
0.4	1.9771608361246883e-11
0.41000000000000003	1.9767371568870843e-11
0.42000000000000004	1.9762925248890155e-11
0.43	1.9757557032822142e-11
0.44	1.975207437635525e-11
0.45	1.9747909172081234e-11
0.45999999999999996	1.9743017766775313e-11
0.47	1.9738008016159127e-11
0.48	1.97337438913711e-11
0.49	1.97292906409661e-11
0.5	1.972550498218325e-11
0.51	1.9721621574378145e-11
0.52	1.9717141317659015e-11
0.53	1.971314833688566e-11
0.54	1.9709539077819586e-11
0.55	1.9705697640020843e-11
0.56	1.9701887292852795e-11
0.5700000000000001	1.9698701302396957e-11
0.58	1.969526405647694e-11
0.59	1.9691707239530928e-11
0.6	1.968700473774031e-11
0.61	1.9683120887035668e-11
0.62	1.9680336429282327e-11
0.63	1.9677404828175544e-11
0.64	1.9674206212171407e-11
0.6499999999999999	1.9670994623553154e-11
0.6599999999999999	1.9667593810812584e-11
0.6699999999999999	1.966496652940949e-11
0.6799999999999999	1.9662319340013005e-11
0.69	1.9659231376017112e-11
0.7	1.9656011728152134e-11
0.71	1.9653083773707988e-11
0.72	1.96491057462308e-11
0.73	1.9645978995059544e-11
0.74	1.964319007171526e-11
0.75	1.9640707400729316e-11
0.76	1.963775864333888e-11
0.77	1.9635176181799148e-11
0.78	1.9632914596745015e-11
0.79	1.96298265914236e-11
0.8	1.9628954997902614e-11
0.81	1.9626126532054164e-11
0.8200000000000001	1.9624055674750587e-11
0.83	1.9620519336801028e-11
0.84	1.961776142870675e-11
0.85	1.9614818487100322e-11
0.86	1.9613270979593152e-11
0.87	1.961066650519754e-11
0.88	1.96084563149004e-11
0.89	1.9605529225260514e-11
0.9	1.9603882844908797e-11
0.91	1.9600514568831277e-11
0.92	1.959942770715735e-11
0.93	1.9596526445084488e-11
0.9400000000000001	1.959439167926299e-11
0.9500000000000001	1.959176673614046e-11
0.9600000000000001	1.958950128512367e-11
0.97	1.9588192158547146e-11
0.98	1.9585659797280846e-11
0.99	1.958357635667627e-11
1.	1.958164238194306e-11
1.01	1.9579358282169453e-11
1.02	1.957729738127778e-11
1.03	1.9575030767927267e-11
1.04	1.9573006171667626e-11
1.05	1.9571071889259766e-11
1.06	1.956908426836489e-11
1.07	1.956725161589674e-11
1.08	1.9565765775869376e-11
1.09	1.9563791209647032e-11
1.1	1.9561992734658918e-11
1.11	1.956028746873793e-11
1.12	1.955844344457167e-11
1.1300000000000001	1.95564721916887e-11
1.1400000000000001	1.9555287516881605e-11
1.1500000000000001	1.955378972955548e-11
1.1600000000000001	1.9551500511807573e-11
1.1700000000000002	1.9549454142851767e-11
1.1800000000000002	1.954759627962227e-11
1.19	1.9546356824853724e-11
1.2000000000000002	1.954384529949331e-11
1.21	1.9542514076932154e-11
1.22	1.9539895572959397e-11
1.2300000000000002	1.953811200940391e-11
1.2400000000000002	1.9536526607152604e-11
1.2500000000000002	1.9534497176413744e-11
1.2600000000000002	1.9532952396895453e-11
1.2700000000000002	1.9531064148969564e-11
1.2800000000000002	1.9529646944340838e-11
1.2900000000000003	1.9528363926964322e-11
1.3000000000000003	1.9526265323442598e-11
1.3100000000000003	1.9524165948466494e-11
1.3200000000000003	1.952297196938575e-11
1.3300000000000003	1.9521481073146537e-11
1.3400000000000003	1.952012384036002e-11
1.35	1.951847510563589e-11
1.3600000000000003	1.9516837298829734e-11
1.37	1.9515525901618227e-11
1.3800000000000001	1.951366004910785e-11
1.3900000000000001	1.9511383292210685e-11
1.4000000000000001	1.9509848333384097e-11
1.4100000000000001	1.9508672351504684e-11
1.4200000000000002	1.9506969983326528e-11
1.4300000000000002	1.9505967869870073e-11
1.4400000000000002	1.9504359226071663e-11
1.4500000000000002	1.950318242632089e-11
1.4600000000000002	1.9501636646523063e-11
1.4700000000000002	1.9499249230082433e-11
1.4800000000000002	1.949791981470231e-11
1.4900000000000002	1.9496214779189108e-11
1.5000000000000002	1.9495044505175533e-11
1.5100000000000002	1.949229902735653e-11
1.52	1.9491145742872817e-11
1.5300000000000002	1.9489153517124934e-11
1.54	1.9489339160544188e-11
1.55	1.9487761450637395e-11
1.56	1.948609028436993e-11
1.57	1.94853743194779e-11
1.58	1.9484531362002763e-11
1.59	1.9483765787672714e-11
1.6	1.9482624717011735e-11
1.61	1.948082471058359e-11
1.62	1.9478247615411965e-11
1.6300000000000001	1.9477422997805007e-11
1.6400000000000001	1.9475149521337675e-11
1.6500000000000001	1.9473257434811516e-11
1.6600000000000001	1.9473013179769133e-11
1.67	1.9471445419011647e-11
1.6800000000000002	1.9470622072889794e-11
1.69	1.9469292533970146e-11
1.7	1.9468419244957464e-11
1.7100000000000002	1.9467048142937104e-11
1.7200000000000002	1.9465532594199252e-11
1.7300000000000002	1.9462792234703848e-11
1.7400000000000002	1.946218400058941e-11
1.7500000000000002	1.9460405405364833e-11
1.7600000000000002	1.9458344366585762e-11
1.7700000000000002	1.9458223150509482e-11
1.7800000000000002	1.945643516431851e-11
1.7900000000000003	1.9456812436395874e-11
1.8000000000000003	1.9454365361598752e-11
1.8100000000000003	1.945369749408757e-11
1.8200000000000003	1.9451723619109e-11
1.83	1.9451190151579913e-11
1.8400000000000003	1.9449635218029443e-11
1.85	1.9448399516138696e-11
1.86	1.9447040273870074e-11
1.87	1.9446225740319724e-11
1.8800000000000001	1.9445088225656777e-11
1.8900000000000001	1.9445127150238888e-11
1.9000000000000001	1.9443882070455533e-11
1.9100000000000001	1.944325607889817e-11
1.9200000000000002	1.9441319973525056e-11
1.9300000000000002	1.9440389096361305e-11
1.9400000000000002	1.9438893082677698e-11
1.9500000000000002	1.9438161553206116e-11
1.9600000000000002	1.943783913397527e-11
1.9700000000000002	1.9437200611514156e-11
1.98	1.9435804380363583e-11
1.9900000000000002	1.9435244159788893e-11
2.	1.9434790553948927e-11
2.0100000000000002	1.943370049410699e-11
2.02	1.94325614728055e-11
2.0300000000000002	1.9432606456966177e-11
2.04	1.943080615007661e-11
2.0500000000000003	1.9426848186983412e-11
2.06	1.9425490737018987e-11
2.0700000000000003	1.9423930475202033e-11
2.08	1.9423063264149126e-11
2.0900000000000003	1.9422586845288936e-11
2.1	1.9422188282778428e-11
2.1100000000000003	1.9421798393035563e-11
2.12	1.9420585730314562e-11
2.1300000000000003	1.9420572791464424e-11
2.14	1.9419233221752646e-11
2.1500000000000004	1.942023744097148e-11
2.1599999999999997	1.9418029448210496e-11
2.1699999999999995	1.9416961592592627e-11
2.1799999999999997	1.941599886134662e-11
2.1899999999999995	1.9415284039476995e-11
2.1999999999999997	1.9414251452729668e-11
2.2099999999999995	1.941360859226903e-11
2.2199999999999998	1.9413275835811762e-11
2.2299999999999995	1.9412738038361652e-11
2.2399999999999998	1.941209694355066e-11
2.2499999999999996	1.9410305502417444e-11
2.26	1.940942091359492e-11
2.2699999999999996	1.940911460445872e-11
2.28	1.9407840259565978e-11
2.2899999999999996	1.940589258626393e-11
2.3	1.9404013389765044e-11
2.31	1.940392318666809e-11
2.32	1.9403336644055707e-11
2.33	1.940252249579175e-11
2.34	1.9400711175743774e-11
2.35	1.9400377741572134e-11
2.36	1.9399377485385568e-11
2.37	1.9398393317478858e-11
2.38	1.9397773576383925e-11
2.39	1.9396606262391227e-11
2.4	1.9395694726046484e-11
2.41	1.9393851187145307e-11
2.42	1.9393982131940033e-11
2.43	1.9393157815537904e-11
2.44	1.9392211688137513e-11
2.45	1.9391652939782426e-11
2.46	1.9391288465019363e-11
2.4699999999999998	1.939044356203839e-11
2.48	1.9389522941249477e-11
2.4899999999999998	1.9388482146357573e-11
2.5	1.9387447796079914e-11
2.51	1.9384890290351343e-11
2.52	1.93835124576211e-11
2.53	1.9382495490047936e-11
2.54	1.938141912206826e-11
2.55	1.938087382139177e-11
2.56	1.9379916281514186e-11
2.57	1.9378743258350264e-11
2.58	1.937801919497382e-11
2.59	1.93776198122191e-11
2.6	1.937637586362977e-11
2.61	1.9375403337382852e-11
2.6199999999999997	1.937445217135123e-11
2.63	1.9373458464861635e-11
2.6399999999999997	1.9372559245856254e-11
2.65	1.9371705383417102e-11
2.6599999999999997	1.937067468229679e-11
2.67	1.9370043112611776e-11
2.6799999999999997	1.936916903882928e-11
2.69	1.9368432563857884e-11
2.6999999999999997	1.9368086678467462e-11
2.71	1.9367461018285184e-11
2.7199999999999998	1.936669668923265e-11
2.73	1.9366294695778035e-11
2.7399999999999998	1.936437548526436e-11
2.75	1.936387655571932e-11
2.76	1.9363388003337056e-11
2.7699999999999996	1.936309786396139e-11
2.78	1.9362065230879442e-11
2.7899999999999996	1.9361410741636464e-11
2.8	1.936154263460654e-11
2.8099999999999996	1.936015585929348e-11
2.82	1.9359410414662685e-11
2.8299999999999996	1.9358164432284716e-11
2.84	1.9357745466881884e-11
2.8499999999999996	1.935750254386309e-11
2.86	1.9356554288822024e-11
2.8699999999999997	1.9355581215385663e-11
2.88	1.9353811758386094e-11
2.8899999999999997	1.9353252783629653e-11
2.9	1.935237010046616e-11
2.91	1.935191855862853e-11
2.92	1.9350783611765468e-11
2.93	1.9350136556075744e-11
2.94	1.934961061825911e-11
2.95	1.9349011517389987e-11
2.96	1.9348015035366008e-11
2.97	1.9347737329670977e-11
2.98	1.9346987981910635e-11
2.99	1.934628100906707e-11
3.	1.9345566990251457e-11
3.0100000000000002	1.9345074181290997e-11
3.02	1.9344604507151296e-11
3.0300000000000002	1.9343871500558518e-11
3.04	1.9343696754651603e-11
3.0500000000000003	1.934283693363975e-11
3.06	1.934238706349468e-11
3.07	1.9340872567904185e-11
3.08	1.9341229017524015e-11
3.09	1.934082033766858e-11
3.1	1.934007318866987e-11
3.11	1.9339479994675198e-11
3.12	1.933864902343482e-11
3.13	1.9338055502424143e-11
3.14	1.9337264056355187e-11
3.15	1.933700003346839e-11
3.16	1.933616404060269e-11
3.17	1.933519888639581e-11
3.18	1.933462074190642e-11
3.19	1.9333966174930923e-11
3.2	1.9332928872203074e-11
3.21	1.93327182046079e-11
3.2199999999999998	1.9332114332909315e-11
3.23	1.9331136414912486e-11
3.2399999999999998	1.933055070197509e-11
3.25	1.9333631307118434e-11
3.26	1.9328846142040142e-11
3.27	1.932775264428556e-11
3.28	1.932696742546556e-11
3.29	1.9326673510946096e-11
3.3	1.9326425763046592e-11
3.31	1.932648067302963e-11
3.32	1.9325738214751343e-11
3.33	1.9324687112740933e-11
3.34	1.9324817634633367e-11
3.35	1.9324119621114474e-11
3.36	1.9322749286738173e-11
3.3699999999999997	1.9322309446374478e-11
3.38	1.932258075443239e-11
3.3899999999999997	1.932154395723889e-11
3.4	1.9320499379566007e-11
3.4099999999999997	1.931985501370761e-11
3.42	1.931979946987639e-11
3.4299999999999997	1.9318949434571515e-11
3.44	1.9317391140853094e-11
3.4499999999999997	1.9317334682093666e-11
3.46	1.9316077790065718e-11
3.4699999999999998	1.9316200505806612e-11
3.48	1.9314817733616424e-11
3.4899999999999998	1.9314472202584415e-11
3.5	1.931255190264756e-11
3.51	1.9311609161031713e-11
3.5199999999999996	1.93116745255879e-11
3.53	1.9311773703469304e-11
3.5399999999999996	1.9310082399753447e-11
3.55	1.9309267934812704e-11
3.5599999999999996	1.930946522406394e-11
3.57	1.930807485373556e-11
3.5799999999999996	1.9308100400117567e-11
3.59	1.930672985513361e-11
3.5999999999999996	1.9306380209258752e-11
3.61	1.9305240714179625e-11
3.6199999999999997	1.9305707505515333e-11
3.63	1.9304959249108618e-11
3.6399999999999997	1.9305183684799753e-11
3.65	1.9303658845645086e-11
3.66	1.9303148084627842e-11
3.67	1.9302012830452876e-11
3.68	1.9301565062453305e-11
3.69	1.930289773249067e-11
3.7	1.930244661317052e-11
3.71	1.9299496935271832e-11
3.72	1.929914975889597e-11
3.73	1.9298543807779427e-11
3.74	1.929843596839265e-11
3.75	1.9295902279615763e-11
3.7600000000000002	1.9296177019834383e-11
3.77	1.929531480504339e-11
3.7800000000000002	1.9294902392228617e-11
3.79	1.929405389903339e-11
3.8000000000000003	1.929392717877418e-11
3.81	1.929406842553527e-11
3.82	1.9292437619983692e-11
3.83	1.9292275590604547e-11
3.84	1.9291081890856733e-11
3.85	1.9291228348770275e-11
3.86	1.9290854065373012e-11
3.87	1.9290325594434628e-11
3.88	1.9290695137487624e-11
3.89	1.929000650061492e-11
3.9	1.9289698392425678e-11
3.91	1.9292780488884316e-11
3.92	1.9288200905965815e-11
3.93	1.9287821458129318e-11
3.94	1.9286964460772072e-11
3.95	1.9286650571559085e-11
3.96	1.9286268337912282e-11
3.9699999999999998	1.928539846151772e-11
3.98	1.9284959489609655e-11
3.9899999999999998	1.9285272296870482e-11
4.	1.9284945027060065e-11
4.01	1.9283930064676758e-11
4.02	1.928361020256294e-11
4.03	1.9283069971698583e-11
4.04	1.928335744932701e-11
4.05	1.92827217741192e-11
4.06	1.9281757098227484e-11
4.07	1.928080456215188e-11
4.08	1.9280292632534404e-11
4.09	1.9279515399730166e-11
4.1	1.9279319884419396e-11
4.11	1.9278515016468697e-11
4.12	1.9277932930304498e-11
4.13	1.9277677520553177e-11
4.140000000000001	1.9277147376728322e-11
4.15	1.9276617612696417e-11
4.16	1.927625798298859e-11
4.17	1.9275875655254648e-11
4.180000000000001	1.92756165464382e-11
4.19	1.9275392324903522e-11
4.2	1.9274745878182318e-11
4.21	1.927412897689862e-11
4.220000000000001	1.927351835927202e-11
4.23	1.927250230360545e-11
4.24	1.92719313052144e-11
4.25	1.927080937497753e-11
4.260000000000001	1.9270685004705895e-11
4.2700000000000005	1.9270265640141495e-11
4.28	1.92691892704555e-11
4.290000000000001	1.9269089235411954e-11
4.300000000000001	1.9269065363366977e-11
4.3100000000000005	1.926850290349183e-11
4.32	1.9267207714619502e-11
4.330000000000001	1.9266536579887836e-11
4.340000000000001	1.9265735264478912e-11
4.3500000000000005	1.926540586058761e-11
4.36	1.9264951991299387e-11
4.370000000000001	1.926413306290461e-11
4.380000000000001	1.9264186847867107e-11
4.390000000000001	1.9263433109791745e-11
4.4	1.9262921993915938e-11
4.41	1.9261553551117793e-11
4.42	1.9260774883015234e-11
4.43	1.9260327414034445e-11
4.44	1.9259773997317633e-11
4.45	1.925911565787972e-11
4.46	1.925845007270362e-11
4.47	1.9258156988287325e-11
4.48	1.925864193573654e-11
4.49	1.9257667150060606e-11
4.5	1.9256668491305885e-11
4.51	1.9256046688872623e-11
4.5200000000000005	1.9255859362244654e-11
4.53	1.9255132920298636e-11
4.54	1.925461794533108e-11
4.55	1.9254079592192133e-11
4.5600000000000005	1.9253513478599597e-11
4.57	1.9252959976724686e-11
4.58	1.925238687298983e-11
4.590000000000001	1.9251915287212856e-11
4.6000000000000005	1.9251201592827427e-11
4.61	1.9251059726570446e-11
4.62	1.9250863964122165e-11
4.630000000000001	1.925047554629262e-11
4.640000000000001	1.9250171741645287e-11
4.65	1.925016977695619e-11
4.66	1.9249907531686656e-11
4.670000000000001	1.924954642094075e-11
4.680000000000001	1.9249305148868313e-11
4.69	1.924926017970616e-11
4.7	1.9248641708596797e-11
4.710000000000001	1.9248319233433982e-11
4.720000000000001	1.9248293707513607e-11
4.73	1.924741037624185e-11
4.740000000000001	1.924659548998364e-11
4.750000000000001	1.9246118424274378e-11
4.760000000000001	1.924706337148947e-11
4.7700000000000005	1.9246328813416697e-11
4.780000000000001	1.9245689623721215e-11
4.790000000000001	1.924440535264433e-11
4.800000000000001	1.9243678572542005e-11
4.8100000000000005	1.9243525907074746e-11
4.820000000000001	1.9243564062051062e-11
4.830000000000001	1.924245092692443e-11
4.840000000000001	1.9241924409033193e-11
4.8500000000000005	1.9241805215580665e-11
4.86	1.9241718355562762e-11
4.87	1.924138557037763e-11
4.88	1.924130413800842e-11
4.890000000000001	1.9240932293712563e-11
4.9	1.9240911512668897e-11
4.91	1.923956365692189e-11
4.92	1.9238588590358773e-11
4.930000000000001	1.9238591072635612e-11
4.94	1.9238272571509997e-11
4.95	1.923715694653745e-11
4.96	1.9236799127204174e-11
4.970000000000001	1.9236143930594577e-11
4.98	1.9236122734307394e-11
4.99	1.9235733044735794e-11
5.	1.9235312842611597e-11