0.0601   4.0153351549699266e-13
0.0602   4.0153316011796153e-13
0.0603   4.015328146453589e-13
0.0604   4.0153388366493625e-13
0.0605   4.015321330305512e-13
0.0606   4.015317985952474e-13
0.0607   4.0153145626207347e-13
0.0608   4.015311376855555e-13
0.0609   4.015308536851048e-13
0.061   4.0153052225068455e-13
0.0611   4.015302093510155e-13
0.0612   4.015296863382903e-13
0.0613   4.0152939784489533e-13
0.0614   4.0152912018009224e-13
0.0615   4.0152882589558875e-13
0.0616   4.015285718661048e-13
0.0617   4.015284942647008e-13
0.0618   4.015282252613513e-13
0.0619   4.0152867275051337e-13
0.062   4.0152776368152055e-13
0.0621   4.0152755889697676e-13
0.0622   4.015273379838242e-13
0.0623   4.015271311020681e-13
0.0624   4.015271831691107e-13
0.0625   4.015267623001647e-13
0.0626   4.015264502056104e-13
0.0627   4.015262235156941e-13
0.0628   4.0152652160018956e-13
0.0629   4.0152610199116346e-13
0.063   4.0152601363984466e-13
0.0631   4.0152637121569967e-13
0.0632   4.0152639470390413e-13
0.0633   4.015263363256321e-13
0.0634   4.0152632064862306e-13
0.0635   4.0152615201651765e-13
0.0636   4.015263536520525e-13
0.0637   4.015263347656188e-13
0.0638   4.0152635208276775e-13
0.0639   4.0152628404892825e-13
0.064   4.015262487401397e-13
0.0641   4.0152604924991147e-13
0.0642   4.0152639131053875e-13
0.0643   4.0152608827593244e-13
0.0644   4.01526454994794e-13
0.0645   4.0152663510319024e-13
0.0646   4.015267716949958e-13
0.0647   4.0152697492326055e-13
0.0648   4.0152695355754777e-13
0.0649   4.015275634935905e-13
0.065   4.015279139172849e-13
0.0651   4.015279687498646e-13
0.0652   4.0152803129228257e-13
0.0653   4.0152821899840954e-13
0.0654   4.0152825743613157e-13
0.0655   4.0152821858332143e-13
0.0656   4.0153103460550056e-13
0.0657   4.015286053969441e-13
0.0658   4.0152926292414664e-13
0.0659   4.0152866864488167e-13
0.066   4.0152942707561545e-13
0.0661   4.015290711881407e-13
0.0662   4.015298249402787e-13
0.0663   4.015295095116461e-13
0.0664   4.015296090354566e-13
0.0665   4.0152932378534986e-13
0.0666   4.0152997413824056e-13
0.0667   4.01529365609468e-13
0.0668   4.015302866768938e-13
0.0669   4.015287066300964e-13
0.067   4.015284755423807e-13
0.0671   4.0152842079258606e-13
0.0672   4.0152835311018407e-13
0.0673   4.015280680933959e-13
0.0674   4.0152791309017985e-13
0.0675   4.015276719143341e-13
0.0676   4.015275394284888e-13
0.0677   4.0152755943229853e-13
0.0678   4.015271338193093e-13
0.0679   4.0152740084698975e-13
0.068   4.0152696766660784e-13
0.0681   4.0152596403291365e-13
0.0682   4.015264145906535e-13
0.0683   4.015259007922477e-13
0.0684   4.0152476729485866e-13
0.0685   4.0152505921066276e-13
0.0686   4.015240663699226e-13
0.0687   4.015242829058802e-13
0.0688   4.015235653412909e-13
0.0689   4.015236786745655e-13
0.069   4.015228900822019e-13
0.0691   4.015230254970674e-13
0.0692   4.015224558708219e-13
0.0693   4.015224312016648e-13
0.0694   4.015221993987558e-13
0.0695   4.015211796012438e-13
0.0696   4.0152090137950654e-13
0.0697   4.0152097681024534e-13
0.0698   4.01520013794704e-13
0.0699   4.0152031854598004e-13
0.07   4.015197635341068e-13
0.0701   4.01519250071611e-13
0.0702   4.015193463878756e-13
0.0703   4.0151897945944115e-13
0.0704   4.015188137276143e-13
0.0705   4.015185194807088e-13
0.0706   4.015186539495137e-13
0.0707   4.0151771069752057e-13
0.0708   4.015178056096658e-13
0.0709   4.015172510245883e-13
0.071   4.015172149471652e-13
0.0711   4.0151683776602377e-13
0.0712   4.0151675539138787e-13
0.0713   4.015168479786419e-13
0.0714   4.015165932072689e-13
0.0715   4.015163287171367e-13
0.0716   4.0151621103435563e-13
0.0717   4.01516708504413e-13
0.0718   4.015160991929171e-13
0.0719   4.015162622224606e-13
0.072   4.015159139360257e-13
0.0721   4.0151570866824923e-13
0.0722   4.0151700142013933e-13
0.0723   4.0151623085606915e-13
0.0724   4.01516153604289e-13
0.0725   4.0151626888015817e-13
0.0726   4.015159429980079e-13
0.0727   4.0151569231904396e-13
0.0728   4.01516282031002e-13
0.0729   4.015158768744651e-13
0.073   4.0151572141434127e-13
0.0731   4.0151628456891283e-13
0.0732   4.0151618331857834e-13
0.0733   4.0151768114431704e-13
0.0734   4.0151648868905656e-13
0.0735   4.0151605898383605e-13
0.0736   4.015163552426847e-13
0.0737   4.015163621777147e-13
0.0738   4.01516389308677e-13
0.0739   4.015165445130825e-13
0.074   4.0151687470988443e-13
0.0741   4.0151647391671856e-13
0.0742   4.0151629725362584e-13
0.0743   4.015166442226259e-13
0.0744   4.0151698207436e-13
0.0745   4.0151726362518977e-13
0.0746   4.015170565170309e-13
0.0747   4.015168545495704e-13
0.0748   4.015174070374563e-13
0.0749   4.0151683375525126e-13
0.075   4.015177516081345e-13
0.0751   4.0151679214011236e-13
0.0752   4.015175210512646e-13
0.0753   4.0151813188859133e-13
0.0754   4.0151768751437794e-13
0.0755   4.015176687866562e-13
0.0756   4.015180138716525e-13
0.0757   4.015184431434632e-13
0.0758   4.0151801418758457e-13
0.0759   4.0151809515920895e-13
0.076   4.015182303853852e-13
0.0761   4.0151826571268796e-13
0.0762   4.0151818566838534e-13
0.0763   4.0152269699620623e-13
0.0764   4.015180476975777e-13
0.0765   4.015183700847052e-13
0.0766   4.015185373996761e-13
0.0767   4.0151824685905894e-13
0.0768   4.015184806884689e-13
0.0769   4.01518664011088e-13
0.077   4.0151860384261684e-13
0.0771   4.015190417052429e-13
0.0772   4.01518322763956e-13
0.0773   4.015183610125141e-13
0.0774   4.015182948164268e-13
0.0775   4.0151837670959705e-13
0.0776   4.015180916676223e-13
0.0777   4.015181629627671e-13
0.0778   4.015181190288635e-13
0.0779   4.0151799981362445e-13
0.078   4.0151786921319547e-13
0.0781   4.0151776140703e-13
0.0782   4.0151905892964735e-13
0.0783   4.0151746591251957e-13
0.0784   4.01517314993648e-13
0.0785   4.0151747932601924e-13
0.0786   4.0151725948145126e-13
0.0787   4.0151703800154403e-13
0.0788   4.0151638828167394e-13
0.0789   4.015158115704401e-13
0.079   4.0151696570878e-13
0.0791   4.0151581958619327e-13
0.0792   4.015149564244233e-13
0.0793   4.015147051720307e-13
0.0794   4.0151435887314907e-13
0.0795   4.015140384791712e-13
0.0796   4.015137115367617e-13
0.0797   4.0151341323184196e-13
0.0798   4.015130176148876e-13
0.0799   4.0151288103528056e-13
0.08   4.0151251070004853e-13
0.0801   4.0151219490022743e-13
0.0802   4.0151183294257543e-13
0.0803   4.0151165828912796e-13
0.0804   4.015113242216224e-13
0.0805   4.0151073806892507e-13
0.0806   4.0151045173702065e-13
0.0807   4.015100398375631e-13
0.0808   4.015097150696652e-13
0.0809   4.0150939014626415e-13
0.081   4.0150915229545567e-13
0.0811   4.0150884213002313e-13
0.0812   4.015085745995555e-13
0.0813   4.0150827300889997e-13
0.0814   4.0150797739472283e-13
0.0815   4.0150751278729183e-13
0.0816   4.015072453818835e-13
0.0817   4.015069924581836e-13
0.0818   4.0150674506677163e-13
0.0819   4.015066965958639e-13
0.082   4.015064956144906e-13
0.0821   4.0150623322820927e-13
0.0822   4.0150605848045306e-13
0.0823   4.015058334145012e-13
0.0824   4.015056923077849e-13
0.0825   4.015054630194677e-13
0.0826   4.015053225375187e-13
0.0827   4.015051480546513e-13
0.0828   4.015050086369615e-13
0.0829   4.015048475858383e-13
0.083   4.0150475754687943e-13
0.0831   4.015045985466404e-13
0.0832   4.0150450047603096e-13
0.0833   4.01504399187303e-13
0.0834   4.0150431084155717e-13
0.0835   4.015042369439059e-13
0.0836   4.0150417713592725e-13
0.0837   4.015043305070159e-13
0.0838   4.015042897650399e-13
0.0839   4.015042772568637e-13
0.084   4.01504210313807e-13
0.0841   4.015042127533154e-13
0.0842   4.0150421391518704e-13
0.0843   4.015042497955407e-13
0.0844   4.0150424680818813e-13
0.0845   4.0150425901141206e-13
0.0846   4.0150459271208945e-13
0.0847   4.015046154951509e-13
0.0848   4.0150465108940587e-13
0.0849   4.0150471636744236e-13
0.085   4.015047453413334e-13
0.0851   4.015048266316793e-13
0.0852   4.015046433340596e-13
0.0853   4.015047058170501e-13
0.0854   4.015047763176538e-13
0.0855   4.015048326400276e-13
0.0856   4.0150491334260186e-13
0.0857   4.0150496474645653e-13
0.0858   4.015050200276245e-13
0.0859   4.0150508886831407e-13
0.086   4.0150516498110094e-13
0.0861   4.0150522724472695e-13
0.0862   4.0150528180523284e-13
0.0863   4.0150535140646777e-13
0.0864   4.0150540430322033e-13
0.0865   4.0150545953777674e-13
0.0866   4.0150551191065013e-13
0.0867   4.0150558105798524e-13
0.0868   4.0150549682250114e-13
0.0869   4.0150555556988354e-13
0.087   4.0150560084605653e-13
0.0871   4.0150565891517335e-13
0.0872   4.015056834601961e-13
0.0873   4.0150574838338085e-13
0.0874   4.0150583428957325e-13
0.0875   4.0150584179411665e-13
0.0876   4.0150586279006257e-13
0.0877   4.015059358521573e-13
0.0878   4.015059396718083e-13
0.0879   4.0150593794704563e-13
0.088   4.0150594063151607e-13
0.0881   4.0150592662159363e-13
0.0882   4.0150590694176567e-13
0.0883   4.0150589056914564e-13
0.0884   4.0150585341879543e-13
0.0885   4.015056256938052e-13
0.0886   4.015055878242751e-13
0.0887   4.0150554829344524e-13
0.0888   4.0150541848614317e-13
0.0889   4.015057154928703e-13
0.089   4.015056078288524e-13
0.0891   4.015055909336601e-13
0.0892   4.0150569771824986e-13
0.0893   4.0150560731787605e-13
0.0894   4.015055277766984e-13
0.0895   4.0150545714802136e-13
0.0896   4.0150537529869695e-13
0.0897   4.015052966164143e-13
0.0898   4.0150518153090316e-13
0.0899   4.0150507644949246e-13
0.09   4.0150497291392517e-13
0.0901   4.015048907156233e-13
0.0902   4.0150480559134936e-13
0.0903   4.015046950827802e-13
0.0904   4.015045653263502e-13
0.0905   4.015044313861104e-13
0.0906   4.0150454063890773e-13
0.0907   4.0150440229052463e-13
0.0908   4.015042436220485e-13
0.0909   4.0150410074272504e-13
0.091   4.015039476786245e-13
0.0911   4.0150376706263103e-13
0.0912   4.0150362970467493e-13
0.0913   4.0150342736651856e-13
0.0914   4.015032588215718e-13
0.0915   4.0150304004227806e-13
0.0916   4.015028676071124e-13
0.0917   4.015026546314723e-13
0.0918   4.0150243863040057e-13
0.0919   4.0150222207109605e-13
0.092   4.0150200284568003e-13
0.0921   4.0150176054940766e-13
0.0922   4.0150133446628655e-13
0.0923   4.015010910100829e-13
0.0924   4.0150083740001776e-13
0.0925   4.0150057381442797e-13
0.0926   4.0150029272191646e-13
0.0927   4.0150002785195444e-13
0.0928   4.014997626097525e-13
0.0929   4.014994799940484e-13
0.093   4.0149919344437236e-13
0.0931   4.0149890794486266e-13
0.0932   4.014986275504091e-13
0.0933   4.014983425318442e-13
0.0934   4.0149805309431934e-13
0.0935   4.0149779119950626e-13
0.0936   4.0149752215369735e-13
0.0937   4.0149724172214066e-13
0.0938   4.014969586949089e-13
0.0939   4.014966724332054e-13
0.094   4.014964313339443e-13
0.0941   4.0149617496163745e-13
0.0942   4.014959171201553e-13
0.0943   4.0149569958591376e-13
0.0944   4.0149546166263893e-13
0.0945   4.0149522166459005e-13
0.0946   4.0149502430800466e-13
0.0947   4.01494802726691e-13
0.0948   4.0149462874476e-13
0.0949   4.014945694639121e-13
0.095   4.014944122187928e-13
0.0951   4.0149426003239833e-13
0.0952   4.0149415725123586e-13
0.0953   4.01493494924889e-13
0.0954   4.014933627497002e-13
0.0955   4.0149324479783315e-13
0.0956   4.0149314453063745e-13
0.0957   4.014930565236006e-13
0.0958   4.014929567557908e-13
0.0959   4.0149288636664875e-13
0.096   4.014929192783336e-13
0.0961   4.014926887907885e-13
0.0962   4.0149280009201086e-13
0.0963   4.0149257139224076e-13
0.0964   4.014925606506404e-13
0.0965   4.014925097513217e-13
0.0966   4.0149249815039953e-13
0.0967   4.014926855518633e-13
0.0968   4.0149232657543703e-13
0.0969   4.0149254107542306e-13
0.097   4.0149277858901483e-13
0.0971   4.0149265129621454e-13
0.0972   4.0149238783321253e-13
0.0973   4.014928414339307e-13
0.0974   4.014928520652119e-13
0.0975   4.0149318098782914e-13
0.0976   4.0149312569238907e-13
0.0977   4.014929441104776e-13
0.0978   4.0149344056872865e-13
0.0979   4.0149364875076777e-13
0.098   4.014935569050366e-13
0.0981   4.01493419679141e-13
0.0982   4.014937270083994e-13
0.0983   4.0149426074934173e-13
0.0984   4.014938883940389e-13
0.0985   4.0149406668049267e-13
0.0986   4.014938638425314e-13
0.0987   4.014937526892388e-13
0.0988   4.014943336808551e-13
0.0989   4.014945691292637e-13
0.099   4.0149439023194057e-13
0.0991   4.014944697063442e-13
0.0992   4.0149448818932196e-13
0.0993   4.014942336217954e-13
0.0994   4.0149408383347506e-13
0.0995   4.014941829078269e-13
0.0996   4.01495026194291e-13
0.0997   4.0149488392192023e-13
0.0998   4.014951800411952e-13
0.0999   4.0149531478229115e-13
0.1   4.0149564279256385e-13
0.11   4.0148214611722395e-13
0.12   4.0148343344148183e-13
0.13   4.0146961220733784e-13
0.14   4.01470055299097e-13
0.15   4.0145943998780993e-13
0.16   4.0145828185879484e-13
0.17   4.0145011810260964e-13
0.18   4.0144776762268156e-13
0.19   4.0144227174619954e-13
0.2   4.014384661893605e-13
0.21   4.014343821496486e-13
0.22   4.0143167933752217e-13
0.23   4.0142709018281776e-13
0.24   4.0142280566172133e-13
0.25   4.0141972524056387e-13
0.26   4.0141544385182184e-13
0.27   4.014128106596782e-13
0.28   4.014099821609051e-13
0.29   4.014058314309451e-13
0.3   4.0140465902277343e-13
0.31   4.0139999154622725e-13
0.32   4.013976693595104e-13
0.33   4.013957388118678e-13
0.34   4.0139124166286825e-13
0.35   4.0138878354040165e-13
0.36   4.013888482537227e-13
0.37   4.0138497120505534e-13
0.38   4.0138292632775693e-13
0.39   4.0138193576671074e-13
0.4   4.0137876300446157e-13
0.41   4.0137555635203883e-13
0.42   4.0137310955438663e-13
0.43   4.013723464534905e-13
0.44   4.0137008197823537e-13
0.45   4.013674934469041e-13
0.46   4.0136608160484624e-13
0.47   4.013649910952571e-13
0.48   4.0136171137385463e-13
0.49   4.0135906613552673e-13
0.5   4.0135672979600167e-13
0.51   4.0135581719741706e-13
0.52   4.0135433431213814e-13
0.53   4.0135261165861575e-13
0.54   4.0135117605402225e-13
0.55   4.013500380116097e-13
0.56   4.0134803440498583e-13
0.57   4.013453252010093e-13
0.58   4.0134243044743697e-13
0.59   4.0134144617911726e-13
0.6   4.013416720572805e-13
0.61   4.013415043072528e-13
0.62   4.0134050597343776e-13
0.63   4.01338912480116e-13
0.64   4.013365644641487e-13
0.65   4.013348479067069e-13
0.66   4.013327645088581e-13
0.67   4.013307293484547e-13
0.68   4.0132876693318777e-13
0.69   4.0132860943840414e-13
0.7   4.013289204118409e-13
0.71   4.013292842373997e-13
0.72   4.01327799507165e-13
0.73   4.013248902419159e-13
0.74   4.013212632241429e-13
0.75   4.0131795976805577e-13
0.76   4.0131632708741057e-13
0.77   4.01316016157926e-13
0.78   4.013174029109867e-13
0.79   4.013178543520717e-13
0.8   4.0131763574586153e-13
0.81   4.0131677555967993e-13
0.82   4.01314940007533e-13
0.83   4.0131285053088927e-13
0.84   4.013107252924936e-13
0.85   4.0130889257338046e-13
0.86   4.0130790085843953e-13
0.87   4.01306222183342e-13
0.88   4.013060180596159e-13
0.89   4.013060244780405e-13
0.9   4.01306198183078e-13
0.91   4.013060077704197e-13
0.92   4.013055058337246e-13
0.93   4.013042492949169e-13
0.94   4.013016946652157e-13
0.95   4.0129931485674876e-13
0.96   4.01296924156535e-13
0.97   4.012947919224112e-13
0.98   4.0129318369354113e-13
0.99   4.0129238430949634e-13
1.   4.0129215177265106e-13
1.01   4.0129250510676857e-13
1.02   4.012932943656733e-13
1.03   4.012936326330713e-13
1.04   4.012937947254614e-13
1.05   4.012936665544857e-13
1.06   4.0129264135252323e-13
1.07   4.0129126614182024e-13
1.08   4.0128965121871507e-13
1.09   4.0128769505662117e-13
1.1   4.012859761445124e-13
1.11   4.012837662088843e-13
1.12   4.0128282062736223e-13
1.13   4.012819764920684e-13
1.14   4.012816232287395e-13
1.15   4.0128132638289795e-13
1.16   4.0128115722432924e-13
1.17   4.012810074391022e-13
1.18   4.012802482233301e-13
1.19   4.0127958553505663e-13
1.2   4.0127862087886244e-13
1.21   4.0127745175521296e-13
1.22   4.0127626937319194e-13
1.23   4.012747535715311e-13
1.24   4.0127326799318597e-13
1.25   4.012716961997345e-13
1.26   4.012706210223822e-13
1.27   4.0126993633980723e-13
1.28   4.0126966856818867e-13
1.29   4.01269608972891e-13
1.3   4.0127009740050195e-13
1.31   4.012707933101751e-13
1.32   4.012714956914009e-13
1.33   4.012720777069275e-13
1.34   4.012721268034613e-13
1.35   4.012716957664513e-13
1.36   4.0127094033209365e-13
1.37   4.0126985373335437e-13
1.38   4.0126827021092554e-13
1.39   4.012664838170459e-13
1.4   4.0126470803194236e-13
1.41   4.0126248168202665e-13
1.42   4.0126025906921883e-13
1.43   4.0125780404200346e-13
1.44   4.0125596121512627e-13
1.45   4.0125447156241245e-13
1.46   4.012535074735633e-13
1.47   4.012531293266156e-13
1.48   4.0125343979412035e-13
1.49   4.012542044808694e-13
1.5   4.012551772166464e-13
1.51   4.0125606583400846e-13
1.52   4.012566956448469e-13
1.53   4.0125763116619025e-13
1.54   4.0125833105666707e-13
1.55   4.012590997059795e-13
1.56   4.012592599654379e-13
1.57   4.0125905367959745e-13
1.58   4.012584023898942e-13
1.59   4.012573512693595e-13
1.6   4.012558720796416e-13
1.61   4.01254148903683e-13
1.62   4.0125224428374325e-13
1.63   4.0124998608249705e-13
1.64   4.0124768374662497e-13
1.65   4.0124545984798745e-13
1.66   4.012433994782378e-13
1.67   4.012417495547272e-13
1.68   4.01240454993022e-13
1.69   4.012394513777347e-13
1.7   4.0123953862459385e-13
1.71   4.0123947500615197e-13
1.72   4.012393537463335e-13
1.73   4.0123926683559165e-13
1.74   4.0123956902803105e-13
1.75   4.012400844725101e-13
1.76   4.0124005520200023e-13
1.77   4.0124140771191957e-13
1.78   4.0124183568108463e-13
1.79   4.0124375781723333e-13
1.8   4.0124411839233296e-13
1.81   4.012442968601201e-13
1.82   4.0124456391140143e-13
1.83   4.012447795368021e-13
1.84   4.012443563525484e-13
1.85   4.0124373932995187e-13
1.86   4.012422796513763e-13
1.87   4.0124025544673115e-13
1.88   4.0124002141895865e-13
1.89   4.0123854701675963e-13
1.9   4.0123714533744955e-13
1.91   4.0123613323207187e-13
1.92   4.012346983217268e-13
1.93   4.0123324543827684e-13
1.94   4.0123129107895947e-13
1.95   4.012300507367496e-13
1.96   4.0122863911701185e-13
1.97   4.0122736492064025e-13
1.98   4.0122620251288163e-13
1.99   4.0122537353064754e-13
2.   4.012246494817664e-13
2.01   4.0122488977080427e-13
2.02   4.012246200048188e-13
2.03   4.01224574544696e-13
2.04   4.01224369507671e-13
2.05   4.0122478754138747e-13
2.06   4.012254497686888e-13
2.07   4.0122467719230383e-13
2.08   4.0122614258802363e-13
2.09   4.0122778874421806e-13
2.1   4.0122837969190916e-13
2.11   4.012276357814191e-13
2.12   4.0122795136479336e-13
2.13   4.0122809146469223e-13
2.14   4.012289185782626e-13
2.15   4.012289579740687e-13
2.16   4.012294959802851e-13
2.17   4.0122867763375215e-13
2.18   4.012283386224189e-13
2.19   4.012278252565174e-13
2.2   4.012274692821723e-13
2.21   4.012265296279246e-13
2.22   4.012255053962607e-13
2.23   4.0122424380436583e-13
2.24   4.0122288288353825e-13
2.25   4.012213810828261e-13
2.26   4.012199626470043e-13
2.27   4.012185102793144e-13
2.28   4.01216310563664e-13
2.29   4.012151160992038e-13
2.3   4.012134734901721e-13
2.31   4.012124331476495e-13
2.32   4.012113262768533e-13
2.33   4.0120983780601075e-13
2.34   4.0120909736640127e-13
2.35   4.012089308227873e-13
2.36   4.012084922809773e-13
2.37   4.0120833993728017e-13
2.38   4.0120866468718176e-13
2.39   4.0120862936256123e-13
2.4   4.0120880168193024e-13
2.41   4.0120895057126183e-13
2.42   4.012091353755589e-13
2.43   4.012085381653683e-13
2.44   4.012089339619113e-13
2.45   4.0121018878365645e-13
2.46   4.0120975977789994e-13
2.47   4.012102804642205e-13
2.48   4.0121074228633585e-13
2.49   4.012111802607982e-13
2.5   4.012112769456861e-13
2.51   4.012115213306251e-13
2.52   4.012127020881099e-13
2.53   4.0121273890928214e-13
2.54   4.012125884862397e-13
2.55   4.012123373308468e-13
2.56   4.012119496757972e-13
2.57   4.0121139186461427e-13
2.58   4.012098219479128e-13
2.59   4.0120906380971966e-13
2.6   4.0120833152012e-13
2.61   4.012082936289405e-13
2.62   4.0120740518415736e-13
2.63   4.012063616510202e-13
2.64   4.012052461251483e-13
2.65   4.0120411760272205e-13
2.66   4.0120294823869845e-13
2.67   4.012009299658434e-13
2.68   4.0119980178282846e-13
2.69   4.0119829388389347e-13
2.7   4.011971307709302e-13
2.71   4.0119630240389276e-13
2.72   4.011953211339364e-13
2.73   4.011943572197717e-13
2.74   4.0119362714805416e-13
2.75   4.011927317349119e-13
2.76   4.0119207312376627e-13
2.77   4.0119149873778715e-13
2.78   4.0119082025842034e-13
2.79   4.011905041192561e-13
2.8   4.011904059371533e-13
2.81   4.011903986890241e-13
2.82   4.0119053762136486e-13
2.83   4.011908283183425e-13
2.84   4.0119122678876175e-13
2.85   4.011916723403814e-13
2.86   4.0119134761348286e-13
2.87   4.011916211970718e-13
2.88   4.011926420820698e-13
2.89   4.0119270324343725e-13
2.9   4.011927620816472e-13
2.91   4.0119330303800045e-13
2.92   4.011931887080958e-13
2.93   4.01193410306956e-13
2.94   4.011935428341796e-13
2.95   4.011935390571291e-13
2.96   4.0119354528266435e-13
2.97   4.011937979138723e-13
2.98   4.0119430193199466e-13
2.99   4.01194137841836e-13
3.   4.011935644103005e-13
3.01   4.0119327448044904e-13
3.02   4.0119293582603924e-13
3.03   4.011925385830279e-13
3.04   4.011919839219343e-13
3.05   4.0119149835832774e-13
3.06   4.011907357343776e-13
3.07   4.0119015977817237e-13
3.08   4.011901339542888e-13
3.09   4.0118940994102084e-13
3.1   4.0118833385109193e-13
3.11   4.0118742046313543e-13
3.12   4.011864305843388e-13
3.13   4.011852851820325e-13
3.14   4.0118416965053124e-13
3.15   4.0118301684241214e-13
3.16   4.0118183015911115e-13
3.17   4.011807511788133e-13
3.18   4.011796679775961e-13
3.19   4.011784953565738e-13
3.2   4.0117771892991745e-13
3.21   4.0117681878108157e-13
3.22   4.0117605367900967e-13
3.23   4.0117540748383867e-13
3.24   4.0117488161292255e-13
3.25   4.011744871549165e-13
3.26   4.011741552697803e-13
3.27   4.01174038643461e-13
3.28   4.01173892458049e-13
3.29   4.011738462702649e-13
3.3   4.0117384386462686e-13
3.31   4.0117384819548666e-13
3.32   4.0117403705185936e-13
3.33   4.011742772524547e-13
3.34   4.011743975812043e-13
3.35   4.011746669023679e-13
3.36   4.011749853354034e-13
3.37   4.0117532497528494e-13
3.38   4.011748263169573e-13
3.39   4.011759765037108e-13
3.4   4.011764651065609e-13
3.41   4.0117674254672126e-13
3.42   4.0117698019816133e-13
3.43   4.0117689042696005e-13
3.44   4.011770582726316e-13
3.45   4.0117748789565504e-13
3.46   4.011775828019359e-13
3.47   4.011773793674902e-13
3.48   4.011776963898315e-13
3.49   4.011773383842012e-13
3.5   4.0117734657927606e-13
3.51   4.011776490997515e-13
3.52   4.01177544459012e-13
3.53   4.0117745960369576e-13
3.54   4.0117729034002206e-13
3.55   4.0117703416178376e-13
3.56   4.0117676924146894e-13
3.57   4.011763916524845e-13
3.58   4.0117598973073256e-13
3.59   4.0117551445972673e-13
3.6   4.0117498952690713e-13
3.61   4.011743796689037e-13
3.62   4.011737758438124e-13
3.63   4.011729883309002e-13
3.64   4.011722636867204e-13
3.65   4.011714910222119e-13
3.66   4.01170699490167e-13
3.67   4.0116998029611796e-13
3.68   4.0116910995894795e-13
3.69   4.011682545518878e-13
3.7   4.0116734966091874e-13
3.71   4.01166425605507e-13
3.72   4.0116553305770134e-13
3.73   4.011645811871472e-13
3.74   4.011636856608097e-13
3.75   4.01162826725905e-13
3.76   4.011619794326438e-13
3.77   4.011612090532198e-13
3.78   4.011604825023579e-13
3.79   4.0115980551125387e-13
3.8   4.011591749128579e-13
3.81   4.0115863821490205e-13
3.82   4.0115819693161426e-13
3.83   4.0115781867083636e-13
3.84   4.011575610409462e-13
3.85   4.01157371996667e-13
3.86   4.011572836103409e-13
3.87   4.0115724228513155e-13
3.88   4.0115727502942713e-13
3.89   4.011573413591834e-13
3.9   4.0115745659909453e-13
3.91   4.01157608565451e-13
3.92   4.011578095407327e-13
3.93   4.0115802584676627e-13
3.94   4.011582471173507e-13
3.95   4.0115850101238574e-13
3.96   4.0115876750913904e-13
3.97   4.0115846952650894e-13
3.98   4.0115840886215763e-13
3.99   4.011595989905444e-13
4.   4.011599535577454e-13
4.01   4.0116020778210237e-13
4.02   4.011604342557641e-13
4.03   4.0116029006042353e-13
4.04   4.0116048114738604e-13
4.05   4.0116091542457683e-13
4.06   4.011606968012162e-13
4.07   4.01161098038788e-13
4.08   4.0116081768959146e-13
4.09   4.011610021885219e-13
4.1   4.011613713654975e-13
4.11   4.011610661603452e-13
4.12   4.011613230710886e-13
4.13   4.011612505304658e-13
4.14   4.01160844019586e-13
4.15   4.0116092251309735e-13
4.16   4.011608066203328e-13
4.17   4.011606519944234e-13
4.18   4.011605585147591e-13
4.19   4.011603335823121e-13
4.2   4.011600268728165e-13
4.21   4.011597310137151e-13
4.22   4.011593619181109e-13
4.23   4.0115896176923847e-13
4.24   4.011881825584143e-13
4.25   4.0115798419284657e-13
4.26   4.011574246428436e-13
4.27   4.011568439341463e-13
4.28   4.0115617072571346e-13
4.29   4.011555263630086e-13
4.3   4.011548319037625e-13
4.31   4.01154115837853e-13
4.32   4.011533687509267e-13
4.33   4.01152611918363e-13
4.34   4.0115184301089253e-13
4.35   4.0115106824487434e-13
4.36   4.0115028551336705e-13
4.37   4.0114954790770117e-13
4.38   4.011488242096598e-13
4.39   4.0114809579593494e-13
4.4   4.0114738379097754e-13
4.41   4.011464819018242e-13
4.42   4.0114578623491707e-13
4.43   4.011451186071844e-13
4.44   4.0117436253211463e-13
4.45   4.0114382012271974e-13
4.46   4.011432375878447e-13
4.47   4.0114272277122076e-13
4.48   4.0114221398749663e-13
4.49   4.0114141525485804e-13
4.5   4.011410000659428e-13
4.51   4.0114066572222964e-13
4.52   4.011404102618993e-13
4.53   4.011704068139622e-13
4.54   4.011405881726e-13
4.55   4.011405361458556e-13
4.56   4.0114092633341507e-13
4.57   4.011404272324157e-13
4.58   4.0114093812727446e-13
4.59   4.011414143259728e-13
4.6   4.01141068232123e-13
4.61   4.011412606460526e-13
4.62   4.0114150628359826e-13
4.63   4.0114169675207034e-13
4.64   4.0114207573267894e-13
4.65   4.0114201905850035e-13
4.66   4.011416816262093e-13
4.67   4.0114186323808367e-13
4.68   4.0114192330660937e-13
4.69   4.011422886506909e-13
4.7   4.011433774061307e-13
4.71   4.011435389459334e-13
4.72   4.011433573269919e-13
4.73   4.0114380040496213e-13
4.74   4.011442709714141e-13
4.75   4.011440131757572e-13
4.76   4.0114434197980504e-13
4.77   4.011445403063718e-13
4.78   4.011463824468637e-13
4.79   4.011467639463061e-13
4.8   4.011464939305995e-13
4.81   4.0114659555947447e-13
4.82   4.0114663903662656e-13
4.83   4.011469761735326e-13
4.84   4.011470083252007e-13
4.85   4.0114703859130903e-13
4.86   4.0114669549296666e-13
4.87   4.0114695553908347e-13
4.88   4.011468267840974e-13
4.89   4.01146738878111e-13
4.9   4.011459917294201e-13
4.91   4.011452785759433e-13
4.92   4.0114522969052547e-13
4.93   4.011451697413871e-13
4.94   4.0114416290245257e-13
4.95   4.0114369303494043e-13
4.96   4.0114256965704773e-13
4.97   4.0114211426544365e-13
4.98   4.011423803104624e-13
4.99   4.0114300725207586e-13
5.   4.0114103121106136e-13
5.01   4.0114025634471964e-13
5.02   4.0114020928860043e-13
5.03   4.0113928833702765e-13
5.04   4.011390754948318e-13
5.05   4.0113849872923736e-13
5.06   4.011379529384474e-13
5.07   4.01137406543993e-13
5.08   4.0113678157061913e-13
5.09   4.0113618620718336e-13
5.1   4.01135625161948e-13
5.11   4.011349485676121e-13
5.12   4.011342717577139e-13
5.13   4.0113360275420073e-13
5.14   4.0113311837878964e-13
5.15   4.011324736502116e-13
5.16   4.0113199409325493e-13
5.17   4.0113148542579385e-13
5.18   4.0113084817290567e-13
5.19   4.0113025704005954e-13
5.2   4.011294438310249e-13
5.21   4.0112901109705373e-13
5.22   4.011292184592967e-13
5.23   4.011275600888368e-13
5.24   4.0112816282190117e-13
5.25   4.011269046899602e-13
5.26   4.011267806992536e-13
5.27   4.0112563846278334e-13
5.28   4.0112583023306176e-13
5.29   4.011252973513059e-13
5.3   4.011245798489433e-13
5.31   4.0112431481167934e-13
5.32   4.0112384373925984e-13
5.33   4.011245822613779e-13
5.34   4.011243942196094e-13
5.35   4.011234288716817e-13
5.36   4.0112645852511035e-13
5.37   4.011241239559837e-13
5.38   4.011240924434768e-13
5.39   4.0112360799119254e-13
5.4   4.01126510165885e-13
5.41   4.011241989315926e-13
5.42   4.011244252747268e-13
5.43   4.011245517969709e-13
5.44   4.0112466543447667e-13
5.45   4.011248838693909e-13
5.46   4.0112524503113617e-13
5.47   4.0112546791344503e-13
5.48   4.011255234811e-13
5.49   4.011244981878925e-13
5.5   4.011239564063642e-13
5.51   4.011241017360351e-13
5.52   4.011242646400211e-13
5.53   4.011254989567078e-13
5.54   4.011256554318051e-13
5.55   4.0112578061399163e-13
5.56   4.011259073449442e-13
5.57   4.0112571932622246e-13
5.58   4.0112617330431477e-13
5.59   4.0112683735930343e-13
5.6   4.0112691436581453e-13
5.61   4.0112643804966827e-13
5.62   4.0112639855406423e-13
5.63   4.011267652758025e-13
5.64   4.0112838391797227e-13
5.65   4.0112642315181904e-13
5.66   4.011290460681451e-13
5.67   4.0112702545150034e-13
5.68   4.011289275321805e-13
5.69   4.0112723363953813e-13
5.7   4.0112685353954015e-13
5.71   4.0112739723444314e-13
5.72   4.0112763651818006e-13
5.73   4.0112760404469227e-13
5.74   4.011275270014299e-13
5.75   4.011275036398409e-13
5.76   4.0112723580611697e-13
5.77   4.011271117559031e-13
5.78   4.0112696929853535e-13
5.79   4.0112742232388377e-13
5.8   4.011266179884257e-13
5.81   4.011267922180187e-13
5.82   4.0112706412080184e-13
5.83   4.0112633158951804e-13
5.84   4.011261254901842e-13
5.85   4.0115500510600464e-13
5.86   4.01124997817646e-13
5.87   4.0112498778917355e-13
5.88   4.0112415227397477e-13
5.89   4.0112416002310534e-13
5.9   4.0112356685576473e-13
5.91   4.0112337498997416e-13
5.92   4.011227610179266e-13
5.93   4.011226046263313e-13
5.94   4.011221956446371e-13
5.95   4.011214017653548e-13
5.96   4.0112184436554497e-13
5.97   4.0112063178042575e-13
5.98   4.0112140257293683e-13
5.99   4.011199327192254e-13
6.   4.0111933689121257e-13
6.01   4.0111876738279647e-13
6.02   4.0111797784180964e-13
6.03   4.0111737482275486e-13
6.04   4.0111676388243914e-13
6.05   4.011162106611999e-13
6.06   4.011153647574621e-13
6.07   4.011148233401066e-13
6.08   4.011142649598404e-13
6.09   4.0111434829483006e-13
6.1   4.011138798573051e-13
6.11   4.011151536701525e-13
6.12   4.011146125704612e-13
6.13   4.0111259510892666e-13
6.14   4.011122251379307e-13
6.15   4.011119330957292e-13
6.16   4.011114028571761e-13
6.17   4.011111754860172e-13
6.18   4.0111252522606753e-13
6.19   4.0111045747848615e-13
6.2   4.011108156811531e-13
6.21   4.0110957040695803e-13
6.22   4.0110944474131596e-13
6.23   4.011100449682396e-13
6.24   4.0110978016859683e-13
6.25   4.0110952394938765e-13
6.26   4.0110933135766814e-13
6.27   4.011091807721054e-13
6.28   4.0110905857566984e-13
6.29   4.0110896173547095e-13
6.3   4.0110887892891374e-13
6.31   4.011088310840363e-13
6.32   4.0110885794366275e-13
6.33   4.01108917013257e-13
6.34   4.0110897179049263e-13
6.35   4.01109073286595e-13
6.36   4.011091841160725e-13
6.37   4.01109323717652e-13
6.38   4.0110960594606173e-13
6.39   4.0111114876523336e-13
6.4   4.0110995633272066e-13
6.41   4.011100985675011e-13
6.42   4.0111033208220366e-13
6.43   4.01110478140564e-13
6.44   4.011083449060753e-13
6.45   4.0110774835037594e-13
6.46   4.0110850945850555e-13
6.47   4.0110780419904686e-13
6.48   4.011082502555835e-13
6.49   4.011093980106087e-13
6.5   4.0110909428570247e-13
6.51   4.0110922457422645e-13
6.52   4.0110967795981294e-13
6.53   4.011098247854286e-13
6.54   4.011099326599965e-13
6.55   4.0110980309362296e-13
6.56   4.0110958030704753e-13
6.57   4.0110961308119805e-13
6.58   4.011100595808274e-13
6.59   4.0111017823053227e-13
6.6   4.0110992592714744e-13
6.61   4.0111034252357443e-13
6.62   4.011100394625431e-13
6.63   4.0111010570230395e-13
6.64   4.0110989759538403e-13
6.65   4.0111012744901347e-13
6.66   4.011102226002177e-13
6.67   4.011102084083563e-13
6.68   4.011106411072697e-13
6.69   4.0111034981148693e-13
6.7   4.011106774136136e-13
6.71   4.011107176655539e-13
6.72   4.0111034428616237e-13
6.73   4.0111065669974323e-13
6.74   4.011105069108104e-13
6.75   4.0111030354289344e-13
6.76   4.01110067724213e-13
6.77   4.011111545465963e-13
6.78   4.0110981561295594e-13
6.79   4.0110971489392247e-13
6.8   4.01110104582494e-13
6.81   4.011098306104672e-13
6.82   4.0110996234461634e-13
6.83   4.0110983104518545e-13
6.84   4.0110960925722084e-13
6.85   4.0110934051731437e-13
6.86   4.0110860321890595e-13
6.87   4.0110885950250703e-13
6.88   4.0110863029543313e-13
6.89   4.0110874763317084e-13
6.9   4.0110872375140814e-13
6.91   4.011371053199414e-13
6.92   4.011069278979326e-13
6.93   4.011068310094759e-13
6.94   4.011065080693573e-13
6.95   4.0110614167794386e-13
6.96   4.01105501792132e-13
6.97   4.011350466891152e-13
6.98   4.011046475581149e-13
6.99   4.011042387147328e-13
7.   4.011038550786382e-13
7.01   4.01103439971109e-13
7.02   4.011030278587157e-13
7.03   4.011032122809618e-13
7.04   4.0110276236419946e-13
7.05   4.0110231809478834e-13
7.06   4.011018935986692e-13
7.07   4.0110140996176063e-13
7.08   4.011008968707276e-13
7.09   4.0110037625597636e-13
7.1   4.0109990838500357e-13
7.11   4.0109942171523277e-13
7.12   4.010989268445595e-13
7.13   4.0109841207173094e-13
7.14   4.0109794270727265e-13
7.15   4.0109745603010857e-13
7.16   4.010969741532145e-13
7.17   4.010965004257172e-13
7.18   4.0109604758724756e-13
7.19   4.0109558456779983e-13
7.2   4.010951484631491e-13
7.21   4.01094618046358e-13
7.22   4.0109422546509444e-13
7.23   4.01093808320021e-13
7.24   4.010934291088414e-13
7.25   4.0109305452422933e-13
7.26   4.0109270502469505e-13
7.27   4.010923295910977e-13
7.28   4.0109321161796596e-13
7.29   4.010916733487386e-13
7.3   4.010927182791046e-13
7.31   4.0109208703517655e-13
7.32   4.010907798367025e-13
7.33   4.010904466863659e-13
7.34   4.0109018507490457e-13
7.35   4.010899666288348e-13
7.36   4.0108979165912065e-13
7.37   4.010896486160498e-13
7.38   4.0108949477950354e-13
7.39   4.01089402073807e-13
7.4   4.0108932000183347e-13
7.41   4.0108925656383455e-13
7.42   4.0108921598606314e-13
7.43   4.0108919352495765e-13
7.44   4.0111941002850275e-13
7.45   4.0108926602113383e-13
7.46   4.0108929680442783e-13
7.47   4.01089341175201e-13
7.48   4.0108949742697587e-13
7.49   4.010895453917761e-13
7.5   4.0108964654025773e-13
7.51   4.010897631670131e-13
7.52   4.0108990781802335e-13
7.53   4.010899862935849e-13
7.54   4.010901369789803e-13
7.55   4.010902823641393e-13
7.56   4.0109037048612106e-13
7.57   4.0109051783131734e-13
7.58   4.0109064815826306e-13
7.59   4.010907764247356e-13
7.6   4.010909369406899e-13
7.61   4.0109105260623766e-13
7.62   4.0109017265528265e-13
7.63   4.010903294309774e-13
7.64   4.010904127021834e-13
7.65   4.0109153291702105e-13
7.66   4.0109162704350627e-13
7.67   4.010918166445205e-13
7.68   4.010919481287809e-13
7.69   4.0109203543064096e-13
7.7   4.0109210774706167e-13
7.71   4.0109186282957505e-13
7.72   4.0109192214914546e-13
7.73   4.010920258260463e-13
7.74   4.0109377599835396e-13
7.75   4.0109214494297033e-13
7.76   4.0109214972008533e-13
7.77   4.0109258946279795e-13
7.78   4.010938655799908e-13
7.79   4.0109230939172504e-13
7.8   4.010923491785941e-13
7.81   4.010927453196039e-13
7.82   4.010924623161757e-13
7.83   4.0109248810627137e-13
7.84   4.010925033907485e-13
7.85   4.010925222866777e-13
7.86   4.010925324537005e-13
7.87   4.0109258432336284e-13
7.88   4.010929890112471e-13
7.89   4.010929958258814e-13
7.9   4.0109299566280637e-13
7.91   4.0109259863640866e-13
7.92   4.0109296567724663e-13
7.93   4.01092959295091e-13
7.94   4.0109289759361267e-13
7.95   4.010925143919398e-13
7.96   4.010924847202069e-13
7.97   4.0109238233400446e-13
7.98   4.010922070951289e-13
7.99   4.010921782790782e-13
8.   4.0109207996841693e-13
8.01   4.0109195410401746e-13
8.02   4.0109182980225254e-13
8.03   4.0109170142891617e-13
8.04   4.0109159252660303e-13
8.05   4.0109139239820367e-13
8.06   4.010912582168333e-13
8.07   4.010910693682428e-13
8.08   4.01090894789209e-13
8.09   4.010909331923671e-13
8.1   4.010903746929709e-13
8.11   4.010901461640873e-13
8.12   4.010899031756956e-13
8.13   4.010896631364405e-13
8.14   4.0108939297995666e-13
8.15   4.010891517115943e-13
8.16   4.010888592579733e-13
8.17   4.010885790187509e-13
8.18   4.010882991894797e-13
8.19   4.010879661562598e-13
8.2   4.0108767442540263e-13
8.21   4.0108736981779834e-13
8.22   4.01087012868217e-13
8.23   4.0108692072503654e-13
8.24   4.0108664011334693e-13
8.25   4.010862926279411e-13
8.26   4.0108560466546056e-13
8.27   4.010852491595805e-13
8.28   4.0108485379054866e-13
8.29   4.010844988009892e-13
8.3   4.010838580300077e-13
8.31   4.0108344302530407e-13
8.32   4.0108302686911115e-13
8.33   4.01082632285771e-13
8.34   4.01082204174256e-13
8.35   4.0108178699198495e-13
8.36   4.010813935519113e-13
8.37   4.0108100282895054e-13
8.38   4.010805852788407e-13
8.39   4.010801768077042e-13
8.4   4.010797477075354e-13
8.41   4.010793527749539e-13
8.42   4.0107894625393593e-13
8.43   4.0107852135381936e-13
8.44   4.010781435251336e-13
8.45   4.010777740310868e-13
8.46   4.010773725664261e-13
8.47   4.0107697610330537e-13
8.48   4.010765287713915e-13
8.49   4.0107615488970294e-13
8.5   4.0107580452021736e-13
8.51   4.0107547355740303e-13
8.52   4.010751309815023e-13
8.53   4.010748040964452e-13
8.54   4.0107449678148593e-13
8.55   4.0107416251735883e-13
8.56   4.010738860428275e-13
8.57   4.0107360275717013e-13
8.58   4.0107330208925e-13
8.59   4.0107306212777385e-13
8.6   4.010727954766317e-13
8.61   4.0107256449823283e-13
8.62   4.0107233017907647e-13
8.63   4.0107210755210535e-13
8.64   4.0107187991678266e-13
8.65   4.0107171097399905e-13
8.66   4.0107153441929456e-13
8.67   4.010713924245208e-13
8.68   4.0107126827964705e-13
8.69   4.0107117270149843e-13
8.7   4.010710968203418e-13
8.71   4.010710288135809e-13
8.72   4.010710245622325e-13
8.73   4.010709832697343e-13
8.74   4.010709647929684e-13
8.75   4.0107098938836503e-13
8.76   4.010709974866706e-13
8.77   4.0107101104975923e-13
8.78   4.0107129953973434e-13
8.79   4.010713250714127e-13
8.8   4.01071641478728e-13
8.81   4.0107170183827063e-13
8.82   4.01071792363268e-13
8.83   4.010718518559447e-13
8.84   4.010719696410172e-13
8.85   4.0107202428949813e-13
8.86   4.0107214461265113e-13
8.87   4.010722622075992e-13
8.88   4.0107234444435877e-13
8.89   4.010724596624659e-13
8.9   4.0107256789420163e-13
8.91   4.01072681034749e-13
8.92   4.01072781678473e-13
8.93   4.01072893999358e-13
8.94   4.0107299872425747e-13
8.95   4.0107312224415304e-13
8.96   4.0107226336977685e-13
8.97   4.0107234744351877e-13
8.98   4.0107245703665627e-13
8.99   4.0107259286957373e-13
9.   4.0107264202640606e-13
9.01   4.0107375933800263e-13
9.02   4.010738669962134e-13
9.03   4.0107395223199137e-13
9.04   4.0107401153905394e-13
9.05   4.0107408663478833e-13
9.06   4.0107416751305485e-13
9.07   4.010738796066689e-13
9.08   4.0107429183112706e-13
9.09   4.0107433928552757e-13
9.1   4.0107400439331957e-13
9.11   4.010744384992469e-13
9.12   4.0107415827183354e-13
9.13   4.0107453498776263e-13
9.14   4.010742960829069e-13
9.15   4.0107468470976324e-13
9.16   4.0107474530207435e-13
9.17   4.010741550086899e-13
9.18   4.0107454613838206e-13
9.19   4.0107459870993934e-13
9.2   4.010742672205656e-13
9.21   4.0107425322460257e-13
9.22   4.0107434091475167e-13
9.23   4.010743690285804e-13
9.24   4.010743814237213e-13
9.25   4.010747454199857e-13
9.26   4.0107476921422796e-13
9.27   4.010747909707604e-13
9.28   4.0107480093077405e-13
9.29   4.010747800193435e-13
9.3   4.01074403149651e-13
9.31   4.010747561570355e-13
9.32   4.0107475090609845e-13
9.33   4.0107471504012396e-13
9.34   4.0107467342489236e-13
9.35   4.010746186450805e-13
9.36   4.010745892341946e-13
9.37   4.010745439807194e-13
9.38   4.0107446900206994e-13
9.39   4.010743463316276e-13
9.4   4.0107427475335914e-13
9.41   4.010745072266175e-13
9.42   4.010744081594814e-13
9.43   4.010742527975943e-13
9.44   4.0107413767798115e-13
9.45   4.01074013844206e-13
9.46   4.010739316444685e-13
9.47   4.01073783613462e-13
9.48   4.01073636417353e-13
9.49   4.0107344478656726e-13
9.5   4.010732998023739e-13
9.51   4.0107309548063274e-13
9.52   4.010729314068516e-13
9.53   4.010727503832291e-13
9.54   4.010725457598473e-13
9.55   4.0107234275498747e-13
9.56   4.0107214573117805e-13
9.57   4.010719191028869e-13
9.58   4.010716878619887e-13
9.59   4.010713519545159e-13
9.6   4.010711389493347e-13
9.61   4.010708915304509e-13
9.62   4.010706329937469e-13
9.63   4.010703826278621e-13
9.64   4.0107011127523843e-13
9.65   4.0106984009551074e-13
9.66   4.0106956200282697e-13
9.67   4.0106928834835285e-13
9.68   4.010690098574941e-13
9.69   4.0106875350219594e-13
9.7   4.01068469048169e-13
9.71   4.010681576746337e-13
9.72   4.0106783531011783e-13
9.73   4.0106752455321964e-13
9.74   4.010671790922979e-13
9.75   4.0106687200302865e-13
9.76   4.0106655725345733e-13
9.77   4.0106620466280904e-13
9.78   4.01065850926036e-13
9.79   4.010652293427181e-13
9.8   4.0106486962413845e-13
9.81   4.0106446799428096e-13
9.82   4.01064110102516e-13
9.83   4.010637369319451e-13
9.84   4.010634176934128e-13
9.85   4.0106303051527994e-13
9.86   4.010627040782626e-13
9.87   4.010623272223221e-13
9.88   4.0106196785530777e-13
9.89   4.010616407096683e-13
9.9   4.01061274130007e-13
9.91   4.0106095478727397e-13
9.92   4.010605917252887e-13
9.93   4.010602452632768e-13
9.94   4.010599490871742e-13
9.95   4.0105966009951224e-13
9.96   4.010593002003046e-13
9.97   4.010589490179149e-13
9.98   4.010586480766645e-13
9.99   4.010583283811432e-13
10.   4.0105805877912577e-13