0.0001	2.8963994801023423e-9
0.0002	2.6404201065756556e-9
0.00030000000000000003	2.5636266143606577e-9
0.0004	2.5211792332454074e-9
0.0005	2.492343001932181e-9
0.0006000000000000001	2.4731127932203152e-9
0.0007000000000000001	2.461897641839011e-9
0.0008	2.4525398788148886e-9
0.0009000000000000001	2.4473753889055973e-9
0.001	2.4404480286868267e-9
0.0011	2.433636469947726e-9
0.0012000000000000001	2.425663711847614e-9
0.0013000000000000002	2.4171118637365123e-9
0.0014000000000000002	2.4102136736240757e-9
0.0015	2.4032936943110672e-9
0.0016	2.39905991322024e-9
0.0017000000000000001	2.3947121353643896e-9
0.0018000000000000002	2.3906958452882687e-9
0.0019000000000000002	2.3850565267657466e-9
0.002	2.380915888235449e-9
0.0021	2.376388369729283e-9
0.0022	2.3735189473759783e-9
0.0023	2.3696060835692678e-9
0.0024	2.367045265879541e-9
0.0025	2.3637449761835746e-9
0.0026	2.359377158144247e-9
0.0026999999999999997	2.356515101221081e-9
0.0028	2.3538722536904652e-9
0.0029	2.351384986244207e-9
0.003	2.3495594012405084e-9
0.0031	2.346513167985931e-9
0.0031999999999999997	2.342779466904004e-9
0.0033	2.3410075063357258e-9
0.0034	2.3396211179477867e-9
0.0035	2.336605320708711e-9
0.0036	2.3333557676869655e-9
0.0037	2.331479331094206e-9
0.0038	2.329980525531794e-9
0.0039	2.3279435867901296e-9
0.004	2.325092472340707e-9
0.0040999999999999995	2.3229654518721385e-9
0.0042	2.321388149419852e-9
0.0043	2.3196367145913786e-9
0.0044	2.317718436772038e-9
0.0045	2.3151422750016476e-9
0.0046	2.3131786548575057e-9
0.0047	2.3110703114677992e-9
0.0048000000000000004	2.3100277153449178e-9
0.0049	2.308963348589495e-9
0.005	2.3072441278680487e-9
0.0051	2.30535249470552e-9
0.005200000000000001	2.303122646260401e-9
0.0053	2.3013272560611034e-9
0.0054	2.3005960890574958e-9
0.0055000000000000005	2.299370433955607e-9
0.005600000000000001	2.2982640282293387e-9
0.0057	2.2966375255694072e-9
0.0058000000000000005	2.294671067536801e-9
0.005900000000000001	2.2929040980527493e-9
0.006	2.2917854724797327e-9
0.0061	2.2910606642974963e-9
0.006200000000000001	2.290127361925863e-9
0.0063	2.289309507386574e-9
0.0064	2.28784671507356e-9
0.006500000000000001	2.2862743354700464e-9
0.0066	2.284501066568946e-9
0.0067	2.2829012955909694e-9
0.0068000000000000005	2.2815466242216235e-9
0.006900000000000001	2.2807607834017113e-9
0.007	2.2804955275637553e-9
0.0071	2.2795887342753354e-9
0.007200000000000001	2.278407031321956e-9
0.007300000000000001	2.276942607558889e-9
0.0074	2.275650365159835e-9
0.007500000000000001	2.2742394530790082e-9
0.007600000000000001	2.2723674837377455e-9
0.007700000000000001	2.2709733348220178e-9
0.0078000000000000005	2.2700675673455095e-9
0.0079	2.269553601283174e-9
0.008	2.2691220191014325e-9
0.008100000000000001	2.2684634439652634e-9
0.0082	2.2674729787595338e-9
0.0083	2.2665576563270753e-9
0.008400000000000001	2.2656276122393132e-9
0.0085	2.2642681494608246e-9
0.0086	2.262925064265931e-9
0.008700000000000001	2.2615702896860952e-9
0.0088	2.2603823803154075e-9
0.008900000000000002	2.2594913345071557e-9
0.009000000000000001	2.2590294278565326e-9
0.0091	2.2584229852665264e-9
0.009200000000000002	2.258021692150147e-9
0.009300000000000001	2.257529224486697e-9
0.0094	2.2566272250935345e-9
0.009500000000000001	2.2561461538236287e-9
0.009600000000000001	2.2552485591038783e-9
0.0097	2.2544341223992686e-9
0.009800000000000001	2.2530114305975303e-9
0.0099	2.2518309172668472e-9
0.010000000000000002	2.2505295590066274e-9
0.0101	2.2497597605743343e-9
0.010199999999999999	2.2488571462438696e-9
0.0103	2.2481829098705433e-9
0.0104	2.2474549275427016e-9
0.010499999999999999	2.2467130781742404e-9
0.0106	2.2464877575685838e-9
0.0107	2.245848244204768e-9
0.010799999999999999	2.2454429210477817e-9
0.0109	2.2450122753609285e-9
0.011	2.244173410993926e-9
0.011099999999999999	2.2432975830126756e-9
0.0112	2.2421323857267077e-9
0.0113	2.240926206121816e-9
0.0114	2.239957110108803e-9
0.0115	2.2392023647507034e-9
0.0116	2.2383922878088778e-9
0.0117	2.23778770692833e-9
0.0118	2.2375119310241044e-9
0.011899999999999999	2.236763564899463e-9
0.012	2.2365405857190084e-9
0.0121	2.236391865193462e-9
0.012199999999999999	2.2362542914218365e-9
0.0123	2.2359267923550416e-9
0.0124	2.2356067999108528e-9
0.0125	2.235260105456785e-9
0.0126	2.2346002529677088e-9
0.0127	2.2341938085028336e-9
0.0128	2.2333281793148756e-9
0.0129	2.2324447942995887e-9
0.013	2.231753016294274e-9
0.0131	2.2310456586751923e-9
0.0132	2.2301075668754807e-9
0.0133	2.2292783570573506e-9
0.0134	2.228529180226485e-9
0.0135	2.227695411106549e-9
0.013600000000000001	2.227390148647152e-9
0.0137	2.226657026896725e-9
0.0138	2.2263697105312524e-9
0.013900000000000001	2.226297399353709e-9
0.014	2.2261650261131755e-9
0.0141	2.22574267678012e-9
0.0142	2.2252389055617967e-9
0.0143	2.2250028909710984e-9
0.0144	2.224506010800654e-9
0.0145	2.2237995375364557e-9
0.0146	2.2232650104070848e-9
0.014700000000000001	2.2227532611134997e-9
0.0148	2.2223333577762806e-9
0.0149	2.2216873343032346e-9
0.015	2.221153798101722e-9
0.0151	2.220438292338301e-9
0.0152	2.21965682105852e-9
0.015300000000000001	2.2189704216642754e-9
0.0154	2.218209721258542e-9
0.0155	2.2177975643152803e-9
0.015600000000000001	2.2173190299624638e-9
0.015700000000000002	2.2170607859741014e-9
0.0158	2.2167306831212848e-9
0.0159	2.216564952947082e-9
0.016	2.2162298022750915e-9
0.0161	2.216070918958051e-9
0.0162	2.215838682586047e-9
0.016300000000000002	2.2155871614318777e-9
0.0164	2.2151596604500406e-9
0.0165	2.214536207636422e-9
0.0166	2.21394640514481e-9
0.0167	2.2134713806324835e-9
0.016800000000000002	2.21312942289528e-9
0.016900000000000002	2.2124224833048574e-9
0.017	2.2119349487840922e-9
0.0171	2.21146892701331e-9
0.0172	2.2106595765329747e-9
0.0173	2.21003329387463e-9
0.0174	2.2092392953073274e-9
0.0175	2.20870293329588e-9
0.0176	2.2080123527366795e-9
0.0177	2.2074529952773173e-9
0.0178	2.2069899026140545e-9
0.017900000000000003	2.2063837679780145e-9
0.018000000000000002	2.2061088246720857e-9
0.0181	2.205707002359847e-9
0.0182	2.2055143299785204e-9
0.0183	2.205505731318439e-9
0.0184	2.2054814152290847e-9
0.018500000000000003	2.2053532722764738e-9
0.018600000000000002	2.2052570164465424e-9
0.0187	2.205123911061996e-9
0.0188	2.2049411888372125e-9
0.0189	2.2046996358049706e-9
0.019	2.2044640088024405e-9
0.019100000000000002	2.2040401088457266e-9
0.019200000000000002	2.20361472186002e-9
0.0193	2.20316165915939e-9
0.0194	2.202493283494371e-9
0.0195	2.2022299119852438e-9
0.0196	2.2016870025744813e-9
0.019700000000000002	2.2009418117688236e-9
0.0198	2.2004085401513293e-9
0.0199	2.1996894141307236e-9
0.02	2.1990749142721568e-9
0.0201	2.1984251253327263e-9
0.0202	2.197720887496986e-9
0.0203	2.1969094514433733e-9
0.0204	2.196465476842279e-9
0.0205	2.1955466794948814e-9
0.0206	2.195028253701923e-9
0.0207	2.1947225844217506e-9
0.0208	2.1942581426338496e-9
0.0209	2.1940775614810415e-9
0.021	2.1938311855323998e-9
0.0211	2.1936506587079805e-9
0.0212	2.1933645959512e-9
0.0213	2.1930378903053752e-9
0.0214	2.1928953250765116e-9
0.0215	2.192823508371943e-9
0.0216	2.1928136417761934e-9
0.0217	2.192669677167575e-9
0.0218	2.1924904937618777e-9
0.0219	2.1923898803390845e-9
0.022	2.192124421017387e-9
0.0221	2.1918033152140034e-9
0.0222	2.191388461592139e-9
0.0223	2.1913289080482984e-9
0.0224	2.1910726043402663e-9
0.0225	2.190838539637623e-9
0.022600000000000002	2.1905633431316036e-9
0.0227	2.1902087746735842e-9
0.0228	2.189717068222988e-9
0.022900000000000004	2.189313261686428e-9
0.023000000000000003	2.1888098210694023e-9
0.023100000000000002	2.18846628756369e-9
0.023200000000000002	2.1876637373727643e-9
0.0233	2.1871888593527296e-9
0.0234	2.1862985024873256e-9
0.023500000000000004	2.185880594311072e-9
0.023600000000000003	2.185560127259117e-9
0.023700000000000002	2.184824746049979e-9
0.0238	2.184210152206407e-9
0.0239	2.1840286066517687e-9
0.024	2.183564034697207e-9
0.024100000000000003	2.1829429975800976e-9
0.024200000000000003	2.1826363849446477e-9
0.024300000000000002	2.182439382342073e-9
0.0244	2.1822704565961122e-9
0.0245	2.181645162829318e-9
0.024600000000000004	2.1813479620096722e-9
0.024700000000000003	2.181123959004627e-9
0.024800000000000003	2.181155459494321e-9
0.024900000000000002	2.180610691886272e-9
0.025	2.1805216366475165e-9
0.0251	2.1802884200853416e-9
0.0252	2.1801328967199825e-9
0.0253	2.1799990394777783e-9
0.025400000000000002	2.179796691929423e-9
0.025500000000000002	2.1796610066290513e-9
0.0256	2.1795335959018752e-9
0.0257	2.179216449094048e-9
0.0258	2.179252953178794e-9
0.0259	2.179048793658394e-9
0.026000000000000002	2.178969218194685e-9
0.0261	2.1787757352995353e-9
0.0262	2.1785677793043852e-9
0.0263	2.178479064007775e-9
0.0264	2.1784906868201324e-9
0.0265	2.1780195009202506e-9
0.026600000000000002	2.177614428061218e-9
0.0267	2.1773885683662667e-9
0.0268	2.1770748124439443e-9
0.0269	2.1766521245026504e-9
0.027	2.176173180199885e-9
0.0271	2.1756072179815214e-9
0.027200000000000002	2.1752191500591637e-9
0.0273	2.174999122232549e-9
0.0274	2.1747059873792337e-9
0.0275	2.17412132097942e-9
0.0276	2.1739389452818144e-9
0.0277	2.173269814956676e-9
0.0278	2.1729288131303887e-9
0.0279	2.172492973889829e-9
0.028	2.172127893167565e-9
0.0281	2.1717409161845874e-9
0.0282	2.171163919458558e-9
0.0283	2.1708525320636743e-9
0.028399999999999998	2.170401185230428e-9
0.0285	2.170218044538754e-9
0.0286	2.1698406147455096e-9
0.0287	2.169766353972958e-9
0.0288	2.1691118652881596e-9
0.0289	2.1687096195827718e-9
0.028999999999999998	2.1684764704230017e-9
0.0291	2.168256184411841e-9
0.0292	2.1680203866816657e-9
0.0293	2.1677803725067025e-9
0.0294	2.1674664835556266e-9
0.0295	2.1674171901305217e-9
0.0296	2.1673386038190334e-9
0.0297	2.167356540428629e-9
0.0298	2.1670718361096045e-9
0.0299	2.167106284876529e-9
0.03	2.16699072619561e-9
0.030100000000000002	2.1669417782897714e-9
0.0302	2.1668793102132834e-9
0.0303	2.1669743902610403e-9
0.030400000000000003	2.1667968827662687e-9
0.030500000000000003	2.1667970956281597e-9
0.030600000000000002	2.166727072769192e-9
0.0307	2.1665063977506923e-9
0.0308	2.1659739052157656e-9
0.0309	2.1658538074645493e-9
0.031000000000000003	2.1657736055816878e-9
0.031100000000000003	2.1657268086592066e-9
0.031200000000000002	2.165194208287268e-9
0.0313	2.1650576354468863e-9
0.031400000000000004	2.16487900278182e-9
0.0315	2.164594417044499e-9
0.0316	2.1643237088038786e-9
0.0317	2.1639739528127718e-9
0.0318	2.1638853765936923e-9
0.031900000000000005	2.1634581641602755e-9
0.032	2.1632964390331247e-9
0.032100000000000004	2.162720486271708e-9
0.0322	2.1624435647107352e-9
0.0323	2.1620486376667664e-9
0.0324	2.161770217754724e-9
0.0325	2.1615254001987805e-9
0.032600000000000004	2.160916193658941e-9
0.03270000000000001	2.1606540283985977e-9
0.0328	2.1603693870547784e-9
0.032900000000000006	2.159969443344627e-9
0.033	2.159786328087883e-9
0.033100000000000004	2.159273848696808e-9
0.03320000000000001	2.1590157375492697e-9
0.0333	2.158543380260909e-9
0.033400000000000006	2.1582348197710396e-9
0.0335	2.157882794728661e-9
0.033600000000000005	2.1577251818633312e-9
0.0337	2.1573814549101167e-9
0.033800000000000004	2.1570371432576613e-9
0.033900000000000007	2.156846934053121e-9
0.034	2.1566837037113935e-9
0.034100000000000005	2.156353952100058e-9
0.0342	2.1560826760719714e-9
0.034300000000000004	2.1557873178169303e-9
0.03440000000000001	2.15585719779743e-9
0.0345	2.1557604628815023e-9
0.034600000000000006	2.1555831561205086e-9
0.0347	2.1556738430731373e-9
0.034800000000000005	2.1552786584715392e-9
0.0349	2.1551355621487825e-9
0.035	2.1549444834360794e-9
0.035100000000000006	2.154908868759451e-9
0.03520000000000001	2.154684742031255e-9
0.035300000000000005	2.154566093245385e-9
0.03540000000000001	2.154561125277314e-9
0.035500000000000004	2.1543508707077594e-9
0.03560000000000001	2.1543411224108645e-9
0.03570000000000001	2.1541878945807044e-9
0.035800000000000005	2.1537533764152913e-9
0.03590000000000001	2.153702566234967e-9
0.036000000000000004	2.15385393457465e-9
0.03610000000000001	2.153940951091704e-9
0.0362	2.1537482958575355e-9
0.036300000000000006	2.15331117625047e-9
0.03640000000000001	2.153540681630514e-9
0.036500000000000005	2.1536844118847186e-9
0.03660000000000001	2.1533817687499453e-9
0.0367	2.1531894571912054e-9
0.036800000000000006	2.1530204628316932e-9
0.03690000000000001	2.1526886724770354e-9
0.037000000000000005	2.152562069872656e-9
0.03710000000000001	2.1526851481226586e-9
0.037200000000000004	2.1524572456700137e-9
0.03730000000000001	2.1519574136521847e-9
0.0374	2.1517387964419503e-9
0.037500000000000006	2.1517746341334e-9
0.0376	2.151237057488021e-9
0.037700000000000004	2.1508503651554485e-9
0.0378	2.150626649602054e-9
0.0379	2.1505827560760096e-9
0.038	2.1501863145046448e-9
0.0381	2.150067526610909e-9
0.038200000000000005	2.149390514600567e-9
0.0383	2.149250485631607e-9
0.038400000000000004	2.1486642401263652e-9
0.0385	2.1482138386859844e-9
0.0386	2.147878394941102e-9
0.0387	2.1476646491319184e-9
0.0388	2.147518455603381e-9
0.038900000000000004	2.1465874070667315e-9
0.039	2.1469121417125683e-9
0.0391	2.1460514967784828e-9
0.0392	2.1460752826355345e-9
0.0393	2.1459063994477256e-9
0.039400000000000004	2.145835754741547e-9
0.0395	2.1453811018113024e-9
0.0396	2.1450968907558255e-9
0.0397	2.1452331021314263e-9
0.0398	2.144829786019575e-9
0.039900000000000005	2.1449758660192936e-9
0.04	2.1445992329646367e-9
0.040100000000000004	2.1441529447569835e-9
0.04020000000000001	2.1446348464483993e-9
0.0403	2.1441746775799944e-9
0.040400000000000005	2.143926283719112e-9
0.0405	2.1438086017782644e-9
0.040600000000000004	2.143717062237621e-9
0.04070000000000001	2.1434896657495308e-9
0.0408	2.143381142201042e-9
0.040900000000000006	2.1433169963747e-9
0.041	2.1431177390236678e-9
0.041100000000000005	2.142841467113406e-9
0.0412	2.1427206685507904e-9
0.0413	2.1426819470871406e-9
0.041400000000000006	2.1424686995500054e-9
0.0415	2.142612484981218e-9
0.041600000000000005	2.1424416758561506e-9
0.0417	2.142300725110178e-9
0.041800000000000004	2.1422289500604297e-9
0.04190000000000001	2.1424289854274257e-9
0.042	2.1423499577461355e-9
0.042100000000000005	2.1420325972745076e-9
0.0422	2.1419490781641935e-9
0.042300000000000004	2.141872090085122e-9
0.04240000000000001	2.1422305484436883e-9
0.0425	2.141945608150261e-9
0.042600000000000006	2.141862655721311e-9
0.04270000000000001	2.142036233711916e-9
0.042800000000000005	2.141738330180644e-9
0.04290000000000001	2.1417011638699504e-9
0.043000000000000003	2.14163935910233e-9
0.043100000000000006	2.141324748937715e-9
0.04320000000000001	2.141318071617126e-9
0.043300000000000005	2.141163470258278e-9
0.04340000000000001	2.1414323108963555e-9
0.043500000000000004	2.1412344820507166e-9
0.04360000000000001	2.1412705653451315e-9
0.0437	2.1411014535628357e-9
0.043800000000000006	2.140464285454097e-9
0.04390000000000001	2.1404839528995167e-9
0.044000000000000004	2.14047085172067e-9
0.04410000000000001	2.1401688605447344e-9
0.0442	2.139689271946435e-9
0.044300000000000006	2.1394839194843987e-9
0.04440000000000001	2.139268144837339e-9
0.044500000000000005	2.139045244506746e-9
0.04460000000000001	2.1390760441852148e-9
0.044700000000000004	2.1383978751421693e-9
0.044800000000000006	2.1384573531613892e-9
0.04490000000000001	2.138111370924847e-9
0.045000000000000005	2.1378033127604505e-9
0.04510000000000001	2.1373135936984986e-9
0.04520000000000001	2.137228852473994e-9
0.04530000000000001	2.137121706963742e-9
0.04540000000000001	2.1365209359565662e-9
0.045500000000000006	2.1361469814574357e-9
0.04560000000000001	2.1363141123952726e-9
0.04570000000000001	2.135780983431458e-9
0.04580000000000001	2.1358616549744068e-9
0.04590000000000001	2.1354828927126875e-9
0.046000000000000006	2.1354553596266032e-9
0.04610000000000001	2.1351715296834688e-9
0.046200000000000005	2.134853404741549e-9
0.04630000000000001	2.1347066762682426e-9
0.04640000000000001	2.1344820887563053e-9
0.04650000000000001	2.1342389744890327e-9
0.04660000000000001	2.134320354298353e-9
0.046700000000000005	2.1337606645140825e-9
0.04680000000000001	2.1336756327794044e-9
0.04690000000000001	2.1337220113202506e-9
0.04700000000000001	2.133337842129597e-9
0.04710000000000001	2.1332768239059524e-9
0.047200000000000006	2.1326679761785368e-9
0.04730000000000001	2.132893783398744e-9
0.04740000000000001	2.13276481618849e-9
0.04750000000000001	2.132386973059323e-9
0.0476	2.1326111379278748e-9
0.047700000000000006	2.1323808484989173e-9
0.0478	2.132095832133363e-9
0.047900000000000005	2.132085095745374e-9
0.048	2.1322728296563368e-9
0.048100000000000004	2.131983426685828e-9
0.04820000000000001	2.1315940066028573e-9
0.0483	2.1314936981729185e-9
0.048400000000000006	2.131587974277139e-9
0.0485	2.131276436735346e-9
0.048600000000000004	2.1316149272046615e-9
0.0487	2.1313559511658936e-9
0.0488	2.131182206247167e-9
0.048900000000000006	2.1311567060507258e-9
0.049	2.130723767314111e-9
0.049100000000000005	2.130615025850421e-9
0.0492	2.1304628815494806e-9
0.049300000000000004	2.1305472733994115e-9
0.049400000000000006	2.1307071617525663e-9
0.0495	2.130169842923783e-9
0.049600000000000005	2.1302175480461983e-9
0.0497	2.130266635843102e-9
0.049800000000000004	2.130090915228148e-9
0.0499	2.12992575208634e-9
0.05	2.130138501829034e-9
0.050100000000000006	2.129882486371227e-9
0.05020000000000001	2.129876890165454e-9
0.050300000000000004	2.1299761241067174e-9
0.05040000000000001	2.1300264560116766e-9
0.0505	2.129889253205795e-9
0.050600000000000006	2.1300470810110483e-9
0.05070000000000001	2.1299255420463178e-9
0.050800000000000005	2.1296086720946808e-9
0.05090000000000001	2.129514497447762e-9
0.051000000000000004	2.12975672016665e-9
0.051100000000000007	2.1296747387087187e-9
0.0512	2.129243609323134e-9
0.051300000000000005	2.128983044347108e-9
0.05140000000000001	2.1290358152972664e-9
0.051500000000000004	2.1292292458967924e-9
0.05160000000000001	2.128909169160881e-9
0.0517	2.12878619545789e-9
0.051800000000000006	2.128435180248784e-9
0.05190000000000001	2.128356571575964e-9
0.052000000000000005	2.1281007599027804e-9
0.05210000000000001	2.1278445877193406e-9
0.0522	2.1279091549738636e-9
0.052300000000000006	2.127756807023159e-9
0.0524	2.1271893340580113e-9
0.052500000000000005	2.1274031503799903e-9
0.05260000000000001	2.126888894472953e-9
0.05270000000000001	2.1267086812473837e-9
0.05280000000000001	2.126418132695878e-9
0.05290000000000001	2.126566209073431e-9
0.053000000000000005	2.126047278096465e-9
0.05310000000000001	2.1256603252502205e-9
0.05320000000000001	2.125569246904935e-9
0.05330000000000001	2.125507492554819e-9
0.05340000000000001	2.12530340129681e-9
0.053500000000000006	2.124772589197582e-9
0.05360000000000001	2.124443363844071e-9
0.053700000000000005	2.1247232993257075e-9
0.05380000000000001	2.1241185963158185e-9
0.05390000000000001	2.12370862601831e-9
0.054000000000000006	2.123770936536826e-9
0.05410000000000001	2.123528336143508e-9
0.054200000000000005	2.1230027320501582e-9
0.05430000000000001	2.1230673640156567e-9
0.05440000000000001	2.1228974066082563e-9
0.05450000000000001	2.1225595295153796e-9
0.05460000000000001	2.1226360907150958e-9
0.054700000000000006	2.1225541664912715e-9
0.05480000000000001	2.1220041413014084e-9
0.054900000000000004	2.1219161328201987e-9
0.05500000000000001	2.1215816388461222e-9
0.0551	2.1215847242341886e-9
0.055200000000000006	2.121816164509162e-9
0.0553	2.1216139337735396e-9
0.055400000000000005	2.121007555111057e-9
0.0555	2.1212265565200186e-9
0.055600000000000004	2.121304048639032e-9
0.055700000000000006	2.1207017808793323e-9
0.0558	2.120853668012296e-9
0.055900000000000005	2.120517673436117e-9
0.056	2.12065090142691e-9
0.056100000000000004	2.1204117661632765e-9
0.0562	2.1199983060194876e-9
0.0563	2.120146328425945e-9
0.056400000000000006	2.119907834866129e-9
0.0565	2.1199484380970106e-9
0.056600000000000004	2.1197210438508983e-9
0.0567	2.1194210461399733e-9
0.0568	2.1194793708969377e-9
0.056900000000000006	2.1191273793940094e-9
0.057	2.119232158411892e-9
0.057100000000000005	2.1190322347676615e-9
0.0572	2.1190777496936046e-9
0.057300000000000004	2.119192379105502e-9
0.05740000000000001	2.1189012625793833e-9
0.0575	2.1186365066356604e-9
0.057600000000000005	2.1190782476980336e-9
0.05770000000000001	2.1190163046836017e-9
0.057800000000000004	2.118723409959168e-9
0.05790000000000001	2.1187874704091194e-9
0.058	2.1187181011597652e-9
0.058100000000000006	2.118505463137224e-9
0.05820000000000001	2.1187775464349277e-9
0.058300000000000005	2.1185617866989353e-9
0.05840000000000001	2.1186079499214312e-9
0.0585	2.1185022448307353e-9
0.058600000000000006	2.1182979270798056e-9
0.0587	2.118194716279826e-9
0.058800000000000005	2.1182637282311085e-9
0.05890000000000001	2.1181477244025716e-9
0.059000000000000004	2.1183728503320085e-9
0.05910000000000001	2.118015660091029e-9
0.0592	2.1180232487797637e-9
0.059300000000000005	2.1178309735145662e-9
0.05940000000000001	2.11782454389752e-9
0.059500000000000004	2.1179762412187542e-9
0.05960000000000001	2.1178522096331952e-9
0.0597	2.117698675575504e-9
0.059800000000000006	2.117628593594958e-9
0.05990000000000001	2.11723659951786e-9
0.060000000000000005	2.1172888285099985e-9
0.06010000000000001	2.117214650134977e-9
0.06020000000000001	2.1173414377017546e-9
0.060300000000000006	2.117010726998544e-9
0.06040000000000001	2.1170030690904312e-9
0.060500000000000005	2.1173309995845015e-9
0.06060000000000001	2.116924176056069e-9
0.06070000000000001	2.11663050923911e-9
0.06080000000000001	2.1165116504700643e-9
0.06090000000000001	2.116609455943582e-9
0.061000000000000006	2.1164463245226855e-9
0.06110000000000001	2.1159703434776885e-9
0.061200000000000004	2.116218127863648e-9
0.06130000000000001	2.11592040653949e-9
0.06140000000000001	2.1160663951822166e-9
0.061500000000000006	2.1155755071163147e-9
0.06160000000000001	2.1154369437205652e-9
0.061700000000000005	2.115157357715796e-9
0.06180000000000001	2.1151488058426026e-9
0.06190000000000001	2.1151753988292407e-9
0.062000000000000006	2.114680127579139e-9
0.06210000000000001	2.1143145427441637e-9
0.062200000000000005	2.1140699209334555e-9
0.06230000000000001	2.1137653424798248e-9
0.06240000000000001	2.113312318363279e-9
0.06250000000000001	2.1131560682477993e-9
0.0626	2.1134622933070085e-9
0.0627	2.113023559394563e-9
0.06280000000000001	2.112508182084078e-9
0.0629	2.1124452362573167e-9
0.063	2.1122574423837568e-9
0.0631	2.1120186042869627e-9
0.0632	2.1119417687252347e-9
0.06330000000000001	2.1115117802007273e-9
0.0634	2.111818598437374e-9
0.0635	2.111247060204543e-9
0.0636	2.1112807269238666e-9
0.0637	2.1108017348771667e-9
0.06380000000000001	2.110967753037546e-9
0.0639	2.1105100150097323e-9
0.064	2.110394697392005e-9
0.0641	2.1105821574113284e-9
0.06420000000000001	2.1102338872887346e-9
0.0643	2.109928170523775e-9
0.0644	2.1097780775008755e-9
0.0645	2.109531407113459e-9
0.0646	2.1095806169053254e-9
0.06470000000000001	2.1095898598608183e-9
0.0648	2.1091134670934378e-9
0.0649	2.109269019396289e-9
0.065	2.1087771810691145e-9
0.0651	2.108611036376124e-9
0.06520000000000001	2.1085586290950813e-9
0.06530000000000001	2.1086482978576113e-9
0.0654	2.108428276428202e-9
0.0655	2.1082813707478017e-9
0.0656	2.107963326906807e-9
0.06570000000000001	2.108080655766541e-9
0.06580000000000001	2.1080266894702625e-9
0.0659	2.107626911504423e-9
0.066	2.1075743079701624e-9
0.0661	2.107189278536164e-9
0.06620000000000001	2.1073512644347717e-9
0.06630000000000001	2.1072818723485598e-9
0.0664	2.10710104634647e-9
0.0665	2.106745654192755e-9
0.0666	2.106867797885122e-9
0.06670000000000001	2.1070613242182915e-9
0.0668	2.1067476319132344e-9
0.0669	2.106612386355356e-9
0.067	2.1066071697358312e-9
0.0671	2.1064536477321456e-9
0.06720000000000001	2.1061257707996864e-9
0.0673	2.106305451609976e-9
0.0674	2.1062233910546985e-9
0.0675	2.1060481677541195e-9
0.06760000000000001	2.1059226105459793e-9
0.06770000000000001	2.1058903801433513e-9
0.06780000000000001	2.105521976041789e-9
0.0679	2.1059009713672166e-9
0.068	2.1059135211487117e-9
0.06810000000000001	2.105827089825272e-9
0.06820000000000001	2.1058169061166403e-9
0.06830000000000001	2.1054854739772496e-9
0.0684	2.1055634199547324e-9
0.0685	2.1052230268559683e-9
0.06860000000000001	2.1053855192032094e-9
0.06870000000000001	2.105374821251053e-9
0.06880000000000001	2.1054344039022618e-9
0.0689	2.105247329025525e-9
0.069	2.105371686573735e-9
0.06910000000000001	2.105066350171498e-9
0.06920000000000001	2.1052681784438308e-9
0.0693	2.1050608516962216e-9
0.0694	2.1047846006836772e-9
0.0695	2.1050005995670146e-9
0.06960000000000001	2.104876981888726e-9
0.06970000000000001	2.104692562350212e-9
0.0698	2.1050598318296756e-9
0.0699	2.104649007725863e-9
0.07	2.104558093121905e-9
0.07010000000000001	2.10437720864483e-9
0.07020000000000001	2.1040597950529428e-9
0.07030000000000002	2.104304913879884e-9
0.0704	2.1043395792951734e-9
0.07050000000000001	2.1041457264238288e-9
0.07060000000000001	2.1041292988339446e-9
0.07070000000000001	2.1040774638343034e-9
0.07080000000000002	2.1040002742590375e-9
0.0709	2.103965384808024e-9
0.07100000000000001	2.1040012414144622e-9
0.07110000000000001	2.103756804658004e-9
0.07120000000000001	2.103864845131413e-9
0.07130000000000002	2.103549916063754e-9
0.0714	2.1037979835031664e-9
0.07150000000000001	2.103624285573153e-9
0.07160000000000001	2.103689724554285e-9
0.07170000000000001	2.10328314997374e-9
0.0718	2.103375132200458e-9
0.0719	2.1034653143371925e-9
0.07200000000000001	2.1030107011774068e-9
0.07210000000000001	2.1030598242442422e-9
0.07220000000000001	2.102962791767644e-9
0.0723	2.1027892005270585e-9
0.0724	2.1026700088449845e-9
0.07250000000000001	2.1025018673314913e-9
0.07260000000000001	2.1022606704674563e-9
0.07270000000000001	2.1020916231472567e-9
0.07280000000000002	2.10212965670477e-9
0.0729	2.101914690959177e-9
0.07300000000000001	2.1018893328080327e-9
0.07310000000000001	2.1014121746231956e-9
0.07320000000000002	2.1016823416026238e-9
0.07330000000000002	2.1014837595664993e-9
0.0734	2.1012582098598954e-9
0.07350000000000001	2.100906958412833e-9
0.07360000000000001	2.1006053551519675e-9
0.07370000000000002	2.1005624592603155e-9
0.07380000000000002	2.1002526270593696e-9
0.07390000000000001	2.1001628670849664e-9
0.07400000000000001	2.0998916296973854e-9
0.07410000000000001	2.0995970005286076e-9
0.07420000000000002	2.099512692364475e-9
0.0743	2.0993018469746264e-9
0.07440000000000001	2.0992639273194827e-9
0.07450000000000001	2.09899892673498e-9
0.07460000000000001	2.098817182712335e-9
0.07470000000000002	2.0983589485546254e-9
0.0748	2.09853432770181e-9
0.07490000000000001	2.0983439217800585e-9
0.07500000000000001	2.09801153073964e-9
0.0751	2.097994705952435e-9
0.0752	2.0976647314157206e-9
0.0753	2.0976035199713103e-9
0.0754	2.097516242037593e-9
0.0755	2.0972803796088028e-9
0.0756	2.097075725499428e-9
0.0757	2.097262627868646e-9
0.0758	2.0972028273744913e-9
0.0759	2.0971608586976318e-9
0.076	2.096831289771958e-9
0.0761	2.096963703856325e-9
0.0762	2.096693686177751e-9
0.0763	2.0966788760594065e-9
0.0764	2.096124224205317e-9
0.0765	2.0962655795531992e-9
0.0766	2.096219051267334e-9
0.0767	2.0959664336494474e-9
0.07680000000000001	2.095880655678134e-9
0.0769	2.0956514972682567e-9
0.077	2.0958400763814666e-9
0.0771	2.095532261829088e-9
0.0772	2.095545628009865e-9
0.0773	2.0953797684564382e-9
0.0774	2.0952697023932455e-9
0.0775	2.0949926807638624e-9
0.0776	2.0950316186445687e-9
0.0777	2.0947564363294735e-9
0.07780000000000001	2.0949579145577114e-9
0.0779	2.094698904834457e-9
0.078	2.0946852717093854e-9
0.0781	2.0945887082831e-9
0.0782	2.0945572638197398e-9
0.07830000000000001	2.0943107724264432e-9
0.0784	2.0944094421926726e-9
0.0785	2.0941988263957375e-9
0.0786	2.0940532976542763e-9
0.0787	2.0940154315493406e-9
0.07880000000000001	2.093714392882256e-9
0.0789	2.0938752759152075e-9
0.079	2.0936735402990398e-9
0.0791	2.0937316720215704e-9
0.0792	2.093882718164688e-9
0.07930000000000001	2.093686956112736e-9
0.0794	2.0934748200884928e-9
0.0795	2.0934794451471898e-9
0.0796	2.0936679972475996e-9
0.07970000000000001	2.0934306831316413e-9
0.0798	2.0933713027320657e-9
0.0799	2.0932330939289004e-9
0.08	2.093196263166599e-9
0.0801	2.093139248630106e-9
0.08020000000000001	2.092976547123879e-9
0.08030000000000001	2.0931636895156067e-9
0.0804	2.0930005453655348e-9
0.0805	2.093043387121664e-9
0.0806	2.0926699154714244e-9
0.08070000000000001	2.0928350465169576e-9
0.08080000000000001	2.092622640781066e-9
0.0809	2.0927435553354244e-9
0.081	2.092567075835182e-9
0.0811	2.09254555894951e-9
0.08120000000000001	2.092560865903812e-9
0.08130000000000001	2.09242148359046e-9
0.0814	2.0924141409557138e-9
0.0815	2.0923940922659544e-9
0.0816	2.0922463333522264e-9
0.08170000000000001	2.0921754543525718e-9
0.08180000000000001	2.0922646963562696e-9
0.0819	2.0921327124325378e-9
0.082	2.0922529728794086e-9
0.0821	2.0921630334274125e-9
0.08220000000000001	2.092085724533721e-9
0.0823	2.0920912709929844e-9
0.0824	2.0919515321345143e-9
0.0825	2.0921130471786034e-9
0.0826	2.091785504178853e-9
0.08270000000000001	2.0918983675158184e-9
0.08280000000000001	2.0918921511187115e-9
0.0829	2.091863580674047e-9
0.083	2.091769980104717e-9
0.08310000000000001	2.091671753952928e-9
0.08320000000000001	2.0916138423366137e-9
0.08330000000000001	2.091690020707398e-9
0.0834	2.0916062420976376e-9
0.0835	2.0915287895628763e-9
0.08360000000000001	2.0915540878876976e-9
0.08370000000000001	2.091515635387187e-9
0.08380000000000001	2.0913172147013294e-9
0.0839	2.0913491608889654e-9
0.084	2.0913383765882458e-9
0.08410000000000001	2.0913265936630576e-9
0.08420000000000001	2.09125008531002e-9
0.08430000000000001	2.091074814709436e-9
0.0844	2.090640111980884e-9
0.0845	2.090782937564946e-9
0.08460000000000001	2.090917200483141e-9
0.08470000000000001	2.090551808696685e-9
0.0848	2.090695288847899e-9
0.0849	2.090555644672777e-9
0.085	2.0903778324673797e-9
0.08510000000000001	2.0905241587424392e-9
0.08520000000000001	2.090296925762384e-9
0.08530000000000001	2.090144291396296e-9
0.0854	2.0899954283671762e-9
0.0855	2.0898675944614013e-9
0.08560000000000001	2.0896172013729134e-9
0.08570000000000001	2.0896715444893326e-9
0.08580000000000002	2.0898036361566613e-9
0.0859	2.0894729783564044e-9
0.08600000000000001	2.0893420185122272e-9
0.08610000000000001	2.089119952718391e-9
0.08620000000000001	2.0889925094222156e-9
0.08630000000000002	2.0888530545413696e-9
0.0864	2.088880813447131e-9
0.08650000000000001	2.088680100184709e-9
0.08660000000000001	2.0883754854950356e-9
0.08670000000000001	2.088216272997078e-9
0.08680000000000002	2.088240739578144e-9
0.0869	2.0878873703190415e-9
0.08700000000000001	2.087903895258139e-9
0.08710000000000001	2.0876273948339557e-9
0.08720000000000001	2.0875180007038935e-9
0.0873	2.0874226239495375e-9
0.0874	2.087147367493672e-9
0.08750000000000001	2.0870072246803685e-9
0.08760000000000001	2.0870410130720715e-9
0.08770000000000001	2.086684489192913e-9
0.08780000000000002	2.0866514788212982e-9
0.0879	2.0861713061169465e-9
0.08800000000000001	2.086096362462909e-9
0.08810000000000001	2.0861452889907915e-9
0.08820000000000001	2.0858178180185144e-9
0.08830000000000002	2.0855710756563713e-9
0.0884	2.085590630279688e-9
0.08850000000000001	2.085438783261354e-9
0.08860000000000001	2.08559820610871e-9
0.08870000000000001	2.0851014486062666e-9
0.08880000000000002	2.085086611157271e-9
0.0889	2.085085993869858e-9
0.08900000000000001	2.085248161159242e-9
0.08910000000000001	2.0848439067859536e-9
0.08920000000000002	2.084667054539801e-9
0.08930000000000002	2.084616426212897e-9
0.08940000000000001	2.084601124699375e-9
0.08950000000000001	2.084473366275256e-9
0.08960000000000001	2.0843680981801494e-9
0.08970000000000002	2.084105988276474e-9
0.0898	2.084118223878276e-9
0.08990000000000001	2.0839208486855693e-9
0.09000000000000001	2.0840978263600255e-9
0.09010000000000001	2.0835736919404484e-9
0.09020000000000002	2.083599335662664e-9
0.09030000000000002	2.0835720209248264e-9
0.09040000000000001	2.083666298583489e-9
0.09050000000000001	2.0834057578692043e-9
0.09060000000000001	2.0830949120608802e-9
0.09070000000000002	2.083113290156946e-9
0.09080000000000002	2.0832299243926795e-9
0.09090000000000001	2.0829572987533234e-9
0.09100000000000001	2.0827786992495914e-9
0.09110000000000001	2.0826269675740673e-9
0.09120000000000002	2.082781894474935e-9
0.09130000000000002	2.0827093195589155e-9
0.09140000000000001	2.082678575009357e-9
0.09150000000000001	2.082388247707547e-9
0.09160000000000001	2.0820549693862236e-9
0.09170000000000002	2.082299967094424e-9
0.09180000000000002	2.0821482685224443e-9
0.09190000000000001	2.0820999301204213e-9
0.09200000000000001	2.08212127271505e-9
0.09210000000000002	2.081938700545624e-9
0.09220000000000002	2.08180019271704e-9
0.09230000000000001	2.081516637569016e-9
0.09240000000000001	2.0817989378737246e-9
0.09250000000000001	2.0816392748015143e-9
0.0926	2.0813603645394273e-9
0.0927	2.081348897667985e-9
0.09280000000000001	2.0815338569850633e-9
0.0929	2.0813922493148578e-9
0.093	2.0810411611558814e-9
0.0931	2.0810448205631897e-9
0.0932	2.080933770243118e-9
0.09330000000000001	2.0807696884153107e-9
0.0934	2.0806442063736087e-9
0.0935	2.0807759611589724e-9
0.0936	2.080899671222309e-9
0.0937	2.080676987313914e-9
0.09380000000000001	2.0807499403976965e-9
0.0939	2.0807009525289947e-9
0.094	2.0803281749506887e-9
0.0941	2.080731126774872e-9
0.0942	2.080638480941746e-9
0.0943	2.0804958462853642e-9
0.0944	2.080349979400884e-9
0.0945	2.0802399829930366e-9
0.0946	2.0803062191803876e-9
0.0947	2.080104213421195e-9
0.0948	2.0801863187893816e-9
0.0949	2.0799889008106705e-9
0.095	2.080147968766856e-9
0.0951	2.0800432138587647e-9
0.0952	2.0798876337858526e-9
0.09530000000000001	2.0798936063351e-9
0.0954	2.079506599375834e-9
0.0955	2.0796986249032783e-9
0.0956	2.0797179823426587e-9
0.09570000000000001	2.0798101322216525e-9
0.09580000000000001	2.079580895006153e-9
0.0959	2.079571332278355e-9
0.096	2.079625284593666e-9
0.0961	2.07925880561587e-9
0.09620000000000001	2.0794000432092158e-9
0.09630000000000001	2.079227326587926e-9
0.0964	2.0792898823212947e-9
0.0965	2.079186729042171e-9
0.0966	2.0792251357877357e-9
0.09670000000000001	2.0790811459472375e-9
0.0968	2.079059288633271e-9
0.0969	2.0789518872398345e-9
0.097	2.079175056559268e-9
0.0971	2.079059343982649e-9
0.09720000000000001	2.079221285115492e-9
0.0973	2.0789921286105486e-9
0.0974	2.079016833561384e-9
0.0975	2.0791303660331696e-9
0.0976	2.0791378760151215e-9
0.09770000000000001	2.0791410296240296e-9
0.09780000000000001	2.0788915333730763e-9
0.0979	2.078724472952169e-9
0.098	2.0786356635810393e-9
0.0981	2.0785390579232366e-9
0.09820000000000001	2.078769955939276e-9
0.09830000000000001	2.078553615330462e-9
0.0984	2.0784883710616043e-9
0.0985	2.078390823535211e-9
0.09860000000000001	2.078488454606079e-9
0.09870000000000001	2.078475690577415e-9
0.09880000000000001	2.0782541461361827e-9
0.0989	2.0783146762501705e-9
0.099	2.0782690113641416e-9
0.09910000000000001	2.078169697968146e-9
0.09920000000000001	2.077963937322811e-9
0.0993	2.0779512529975026e-9
0.0994	2.0780836192451145e-9
0.0995	2.0778970580704513e-9
0.09960000000000001	2.077677831841951e-9
0.09970000000000001	2.0777735112591964e-9
0.0998	2.077594542918556e-9
0.0999	2.077494744750883e-9
0.1	2.0776905298290033e-9
0.11	2.0677866597443817e-9
0.12	2.0624640890272333e-9
0.13	2.0550160265509407e-9
0.14	2.0513781483989752e-9
0.15	2.0436886105639215e-9
0.16	2.040389124099302e-9
0.16999999999999998	2.0347531194237993e-9
0.18	2.029790174914888e-9
0.19	2.0277536359288232e-9
0.2	2.0223897907105318e-9
0.21000000000000002	2.017969074194647e-9
0.22	2.0156517653437552e-9
0.22999999999999998	2.0129636029517497e-9
0.24	2.0078110427276053e-9
0.25	2.0049359586266466e-9
0.26	2.003187884020345e-9
0.27	2.000784541264284e-9
0.28	1.996139526519902e-9
0.29000000000000004	1.9931627674434427e-9
0.30000000000000004	1.991230061259957e-9
0.31	1.9899646083776077e-9
0.32	1.987351250831444e-9
0.33	1.983377517445849e-9
0.34	1.980729627670264e-9
0.35000000000000003	1.9788811387702387e-9
0.36	1.977542628432389e-9
0.37	1.976155751931024e-9
0.38	1.9733092455219844e-9
0.39	1.9695860526269776e-9
0.4	1.9674597797635165e-9
0.41000000000000003	1.965790858685008e-9
0.42000000000000004	1.964516455807976e-9
0.43	1.963310199219771e-9
0.44	1.9614680827419838e-9
0.45	1.95901369985436e-9
0.45999999999999996	1.9559788240054606e-9
0.47	1.9540437562989175e-9
0.48	1.9527041298783818e-9
0.49	1.9517659875137506e-9
0.5	1.9509241105688567e-9
0.51	1.9503871625111025e-9
0.52	1.9488112150938215e-9
0.53	1.94665608059243e-9
0.54	1.9442142710158204e-9
0.55	1.9427820738417528e-9
0.56	1.941497599985701e-9
0.5700000000000001	1.9406135109006765e-9
0.58	1.939835394773592e-9
0.59	1.9393353641350776e-9
0.6	1.9386089954612594e-9
0.61	1.937655723412941e-9
0.62	1.9362662198104872e-9
0.63	1.934229493095892e-9
0.64	1.9326677007117387e-9
0.6499999999999999	1.931384341770534e-9
0.6599999999999999	1.9303422233645536e-9
0.6699999999999999	1.9295063970259883e-9
0.6799999999999999	1.928978514429579e-9
0.69	1.928538325238862e-9
0.7	1.9280226728127014e-9
0.71	1.927641139783587e-9
0.72	1.926465827540019e-9
0.73	1.925354560376669e-9
0.74	1.9233017201234745e-9
0.75	1.921828865320731e-9
0.76	1.9207937520885747e-9
0.77	1.919805563130532e-9
0.78	1.919001472342968e-9
0.79	1.9181754532723454e-9
0.8	1.917710774560026e-9
0.81	1.9171214055541883e-9
0.8200000000000001	1.9167841291687497e-9
0.83	1.9162034564047763e-9
0.84	1.9154660080809555e-9
0.85	1.9146064082699474e-9
0.86	1.913330145013674e-9
0.87	1.9120443516478936e-9
0.88	1.9105472085613075e-9
0.89	1.909027999178397e-9
0.9	1.9084911509302124e-9
0.91	1.9073078477249653e-9
0.92	1.9065539726053128e-9
0.93	1.905670015832347e-9
0.9400000000000001	1.9050180814898977e-9
0.9500000000000001	1.9046690360653653e-9
0.9600000000000001	1.9040715180773417e-9
0.97	1.9039266988633246e-9
0.98	1.903482141604264e-9
0.99	1.902839080350622e-9
1.	1.901937416259064e-9
1.01	1.9009864604926254e-9
1.02	1.8997832266960623e-9
1.03	1.898378349477503e-9
1.04	1.89719645408665e-9
1.05	1.8962834339311463e-9
1.06	1.8955360592124844e-9
1.07	1.894617514707297e-9
1.08	1.8940089615746728e-9
1.09	1.8933300969668976e-9
1.1	1.892683292236939e-9
1.11	1.892199457305671e-9
1.12	1.891852093072891e-9
1.1300000000000001	1.8916685900426896e-9
1.1400000000000001	1.8914060779034947e-9
1.1500000000000001	1.8910489481952566e-9
1.1600000000000001	1.890612689610696e-9
1.1700000000000002	1.8899596619495804e-9
1.1800000000000002	1.889486340416737e-9
1.19	1.8888797561806854e-9
1.2000000000000002	1.8876848355271808e-9
1.21	1.8868530484592335e-9
1.22	1.885764145568069e-9
1.2300000000000002	1.8850750147423387e-9
1.2400000000000002	1.8841773004710764e-9
1.2500000000000002	1.8837087398935734e-9
1.2600000000000002	1.883247145068771e-9
1.2700000000000002	1.8827020838762216e-9
1.2800000000000002	1.8820497216440352e-9
1.2900000000000003	1.8817486591565254e-9
1.3000000000000003	1.8813630801259675e-9
1.3100000000000003	1.8809509323039156e-9
1.3200000000000003	1.8807149007858085e-9
1.3300000000000003	1.880392274744501e-9
1.3400000000000003	1.880315887383617e-9
1.35	1.879908036308472e-9
1.3600000000000003	1.879856838025108e-9
1.37	1.879318181642485e-9
1.3800000000000001	1.8788894215131865e-9
1.3900000000000001	1.878327762038358e-9
1.4000000000000001	1.8776379587771096e-9
1.4100000000000001	1.8768991106655234e-9
1.4200000000000002	1.8759886675137303e-9
1.4300000000000002	1.8748938541627868e-9
1.4400000000000002	1.874106209800362e-9
1.4500000000000002	1.8732955447140813e-9
1.4600000000000002	1.872414243295088e-9
1.4700000000000002	1.871685859382413e-9
1.4800000000000002	1.871041761715316e-9
1.4900000000000002	1.8703592818559123e-9
1.5000000000000002	1.869631922493293e-9
1.5100000000000002	1.8689263401057967e-9
1.52	1.868586081914735e-9
1.5300000000000002	1.8679995407620143e-9
1.54	1.867957887934499e-9
1.55	1.8675254520843395e-9
1.56	1.8671425897808906e-9
1.57	1.866828709646605e-9
1.58	1.8666215067752656e-9
1.59	1.866389446813096e-9
1.6	1.8661669324860795e-9
1.61	1.8657840414397318e-9
1.62	1.8652238809131758e-9
1.6300000000000001	1.8649024288028756e-9
1.6400000000000001	1.8643805024106437e-9
1.6500000000000001	1.8638228067640275e-9
1.6600000000000001	1.863307998129907e-9
1.67	1.8623791627172603e-9
1.6800000000000002	1.8616552925499671e-9
1.69	1.8609785702820758e-9
1.7	1.8604078145318816e-9
1.7100000000000002	1.8597925630667563e-9
1.7200000000000002	1.8592288861451183e-9
1.7300000000000002	1.8586852253268094e-9
1.7400000000000002	1.8583451298300401e-9
1.7500000000000002	1.857793759208239e-9
1.7600000000000002	1.8573816436579557e-9
1.7700000000000002	1.8570471485427e-9
1.7800000000000002	1.8565872072783775e-9
1.7900000000000003	1.8564104148361613e-9
1.8000000000000003	1.8560483200762354e-9
1.8100000000000003	1.8557535487580948e-9
1.8200000000000003	1.855395925413353e-9
1.83	1.855324377979187e-9
1.8400000000000003	1.8549092251673843e-9
1.85	1.8547390375665538e-9
1.86	1.8544757401874712e-9
1.87	1.8543018089577449e-9
1.8800000000000001	1.8539820885955818e-9
1.8900000000000001	1.853784759535172e-9
1.9000000000000001	1.8535028417424164e-9
1.9100000000000001	1.8532495428489724e-9
1.9200000000000002	1.8525474547695406e-9
1.9300000000000002	1.8521921259288287e-9
1.9400000000000002	1.8517939951845764e-9
1.9500000000000002	1.8511577273770587e-9
1.9600000000000002	1.8505589046825093e-9
1.9700000000000002	1.8498810926437413e-9
1.98	1.8491267842361155e-9
1.9900000000000002	1.848422972306655e-9
2.	1.8479984760899847e-9
2.0100000000000002	1.8471569061060532e-9
2.02	1.846627885173732e-9
2.0300000000000002	1.84631659245706e-9
2.04	1.8458392871270426e-9
2.0500000000000003	1.8451915897634094e-9
2.06	1.844734716440787e-9
2.0700000000000003	1.8443197778823493e-9
2.08	1.8438623292793957e-9
2.0900000000000003	1.8436348526604247e-9
2.1	1.8434304857009505e-9
2.1100000000000003	1.8431629605855548e-9
2.12	1.842918335678715e-9
2.1300000000000003	1.8427675444593946e-9
2.14	1.8425406691634735e-9
2.1500000000000004	1.8424926788997266e-9
2.1599999999999997	1.8421190597613762e-9
2.1699999999999995	1.8420028437761288e-9
2.1799999999999997	1.8420060030909216e-9
2.1899999999999995	1.8418184502358204e-9
2.1999999999999997	1.8416372687853817e-9
2.2099999999999995	1.8414918932340524e-9
2.2199999999999998	1.8415877556957682e-9
2.2299999999999995	1.841351613311181e-9
2.2399999999999998	1.8412423608393674e-9
2.2499999999999996	1.8409449126894493e-9
2.26	1.840709715192725e-9
2.2699999999999996	1.840432273536208e-9
2.28	1.8401243937111313e-9
2.2899999999999996	1.8397221578455089e-9
2.3	1.839229964828888e-9
2.31	1.8388333858719514e-9
2.32	1.8383929317725028e-9
2.33	1.8376896029217382e-9
2.34	1.8372145032911687e-9
2.35	1.8366104668972161e-9
2.36	1.8360615018392934e-9
2.37	1.8356936374013796e-9
2.38	1.8352075576978701e-9
2.39	1.834749159121886e-9
2.4	1.834443216764728e-9
2.41	1.8339667724492472e-9
2.42	1.833546462256825e-9
2.43	1.833480210972964e-9
2.44	1.8331065542798972e-9
2.45	1.8326927982399812e-9
2.46	1.8323529358179143e-9
2.4699999999999998	1.831977989609712e-9
2.48	1.831650347778773e-9
2.4899999999999998	1.8313368000507436e-9
2.5	1.830989749919222e-9
2.51	1.8307526415819445e-9
2.52	1.8304223459059265e-9
2.53	1.8303058185898134e-9
2.54	1.829966081201884e-9
2.55	1.8297837501553871e-9
2.56	1.829447700141275e-9
2.57	1.8293492851764109e-9
2.58	1.829284923784403e-9
2.59	1.8292037048038047e-9
2.6	1.829093172758857e-9
2.61	1.8288754505479726e-9
2.6199999999999997	1.8287409478108873e-9
2.63	1.8285377198938206e-9
2.6399999999999997	1.8284666423854108e-9
2.65	1.8282338309588623e-9
2.6599999999999997	1.827867092854042e-9
2.67	1.8278258780252917e-9
2.6799999999999997	1.8276161778934285e-9
2.69	1.8273889040894996e-9
2.6999999999999997	1.8270893185388804e-9
2.71	1.8267559689546936e-9
2.7199999999999998	1.8264400313740883e-9
2.73	1.825986527009951e-9
2.7399999999999998	1.8255059658238743e-9
2.75	1.825184341010904e-9
2.76	1.8248601378969932e-9
2.7699999999999996	1.8244131141685696e-9
2.78	1.823961406845117e-9
2.7899999999999996	1.8236828714809135e-9
2.8	1.8233615838961785e-9
2.8099999999999996	1.822990733920822e-9
2.82	1.8227199352170486e-9
2.8299999999999996	1.8225066705212532e-9
2.84	1.8222329001817718e-9
2.8499999999999996	1.822032378926296e-9
2.86	1.8217300311168363e-9
2.8699999999999997	1.8214974342135804e-9
2.88	1.8212198397823514e-9
2.8899999999999997	1.8207619433918448e-9
2.9	1.8205646168846832e-9
2.91	1.8203103787627025e-9
2.92	1.8200515265361972e-9
2.93	1.8198320230758862e-9
2.94	1.8195792120586385e-9
2.95	1.8195677625811074e-9
2.96	1.8192556487722942e-9
2.97	1.8190313010920832e-9
2.98	1.8188631804699097e-9
2.99	1.8184731487199498e-9
3.	1.8183668323416585e-9
3.0100000000000002	1.8181528223880064e-9
3.02	1.8178805349524894e-9
3.0300000000000002	1.8177510623345961e-9
3.04	1.8176615612908514e-9
3.0500000000000003	1.817374349263673e-9
3.06	1.8172662100040825e-9
3.07	1.8170367067872752e-9
3.08	1.8168385702812726e-9
3.09	1.8168576517404785e-9
3.1	1.8167118647060543e-9
3.11	1.8164332758642122e-9
3.12	1.8162483924385116e-9
3.13	1.8159995964576288e-9
3.14	1.815718769549202e-9
3.15	1.8156130791289598e-9
3.16	1.815316089694012e-9
3.17	1.8151147969237521e-9
3.18	1.8148726302843645e-9
3.19	1.8145858641412981e-9
3.2	1.8142953565725546e-9
3.21	1.8139996978861776e-9
3.2199999999999998	1.8136926933238923e-9
3.23	1.8133374878076712e-9
3.2399999999999998	1.8130332646246733e-9
3.25	1.8125431465110372e-9
3.26	1.8123407597247706e-9
3.27	1.8118816984157232e-9
3.28	1.8115318814127523e-9
3.29	1.811409450267423e-9
3.3	1.8113273281984073e-9
3.31	1.8110056643265833e-9
3.32	1.8108323708477336e-9
3.33	1.8106314990069242e-9
3.34	1.810553347530454e-9
3.35	1.8103904760060224e-9
3.36	1.810049024289929e-9
3.3699999999999997	1.8099983004467276e-9
3.38	1.8099199252619657e-9
3.3899999999999997	1.8096316660865306e-9
3.4	1.8093260721210585e-9
3.4099999999999997	1.809070430608884e-9
3.42	1.8088066597188377e-9
3.4299999999999997	1.8085777841511739e-9
3.44	1.8082629893924534e-9
3.4499999999999997	1.808095453027178e-9
3.46	1.8079741440518034e-9
3.4699999999999998	1.807711935153665e-9
3.48	1.8074119069649162e-9
3.4899999999999998	1.807262891561466e-9
3.5	1.8068854310873087e-9
3.51	1.8066401947004647e-9
3.5199999999999996	1.8064762835678557e-9
3.53	1.8064122948759535e-9
3.5399999999999996	1.805972875512609e-9
3.55	1.8056787150138808e-9
3.5599999999999996	1.8055152426907425e-9
3.57	1.8054000394634852e-9
3.5799999999999996	1.8051506615934885e-9
3.59	1.8049628748622503e-9
3.5999999999999996	1.804815351725593e-9
3.61	1.8046372820357822e-9
3.6199999999999997	1.804578998338e-9
3.63	1.804396007596629e-9
3.6399999999999997	1.804284808186028e-9
3.65	1.8039582739756033e-9
3.66	1.803918742355288e-9
3.67	1.8036319636945976e-9
3.68	1.8034952719345904e-9
3.69	1.8032848491008602e-9
3.7	1.8031960691525903e-9
3.71	1.8028455565504076e-9
3.72	1.802607286847556e-9
3.73	1.8024343790964516e-9
3.74	1.8022971733374365e-9
3.75	1.8018811884570556e-9
3.7600000000000002	1.8016909005240171e-9
3.77	1.8014504604253795e-9
3.7800000000000002	1.801328611849601e-9
3.79	1.8009358061575423e-9
3.8000000000000003	1.800757874444626e-9
3.81	1.8006934136827315e-9
3.82	1.8000985070495818e-9
3.83	1.7999390404899692e-9
3.84	1.7996558193322113e-9
3.85	1.7994615194592303e-9
3.86	1.7992758083514418e-9
3.87	1.798996261205994e-9
3.88	1.7989880266765284e-9
3.89	1.7987684367674725e-9
3.9	1.7985355390467931e-9
3.91	1.7984937864271919e-9
3.92	1.7983392733539736e-9
3.93	1.7981747719978024e-9
3.94	1.798054197558285e-9
3.95	1.797986210464508e-9
3.96	1.7977856983565223e-9
3.9699999999999998	1.7976968302082883e-9
3.98	1.7975315704075778e-9
3.9899999999999998	1.797348945277487e-9
4.	1.7972732641791435e-9
4.01	1.7970092903642187e-9
4.02	1.7967989693089518e-9
4.03	1.7966256579236502e-9
4.04	1.7966288724055607e-9
4.05	1.7964570826720087e-9
4.06	1.7962201753960653e-9
4.07	1.7959027383510566e-9
4.08	1.7957454814576416e-9
4.09	1.7956314358447305e-9
4.1	1.795410799263392e-9
4.11	1.7952592478012448e-9
4.12	1.794972951710913e-9
4.13	1.7948743990851612e-9
4.140000000000001	1.7946440250346675e-9
4.15	1.7945340680179217e-9
4.16	1.794228701822165e-9
4.17	1.7940823685444042e-9
4.180000000000001	1.7939127893260785e-9
4.19	1.793665304567452e-9
4.2	1.793650096094317e-9
4.21	1.7934945678830805e-9
4.220000000000001	1.7932250264366116e-9
4.23	1.792998968989538e-9
4.24	1.79278594542225e-9
4.25	1.7925321478430793e-9
4.260000000000001	1.7923736579109068e-9
4.2700000000000005	1.792355314364578e-9
4.28	1.7920896930857071e-9
4.290000000000001	1.791872968260265e-9
4.300000000000001	1.7918723508354574e-9
4.3100000000000005	1.7916150054171247e-9
4.32	1.79154045118282e-9
4.330000000000001	1.7912822253207808e-9
4.340000000000001	1.7911012155155677e-9
4.3500000000000005	1.7909753665082297e-9
4.36	1.7908285565522644e-9
4.370000000000001	1.7905667702212103e-9
4.380000000000001	1.7905220693950227e-9
4.390000000000001	1.7904070062851947e-9
4.4	1.7902877909809927e-9
4.41	1.7898930097894547e-9
4.42	1.789804711041158e-9
4.43	1.7896016376704391e-9
4.44	1.789392125573483e-9
4.45	1.7891874752650228e-9
4.46	1.788951486186329e-9
4.47	1.788778756847277e-9
4.48	1.788716758323779e-9
4.49	1.7884218178014924e-9
4.5	1.7881165589589887e-9
4.51	1.787915606827737e-9
4.5200000000000005	1.7876972419271311e-9
4.53	1.7875300792574107e-9
4.54	1.7872305776783864e-9
4.55	1.787106182603269e-9
4.5600000000000005	1.7870132210116155e-9
4.57	1.7868283183509417e-9
4.58	1.7866695094521404e-9
4.590000000000001	1.786528057693172e-9
4.6000000000000005	1.7862281009821733e-9
4.61	1.7864125886954307e-9
4.62	1.7861207161637923e-9
4.630000000000001	1.7861576762232496e-9
4.640000000000001	1.7859533122808021e-9
4.65	1.7858873200959837e-9
4.66	1.7858521972411701e-9
4.670000000000001	1.7857930770522885e-9
4.680000000000001	1.785721507135372e-9
4.69	1.7854395680048482e-9
4.7	1.7853831999466678e-9
4.710000000000001	1.7852046646306428e-9
4.720000000000001	1.784991579532296e-9
4.73	1.7850006090074616e-9
4.740000000000001	1.7846898672816337e-9
4.750000000000001	1.7846200531070651e-9
4.760000000000001	1.7845066859932612e-9
4.7700000000000005	1.784199028229874e-9
4.780000000000001	1.7840458631770674e-9
4.790000000000001	1.7838686806890146e-9
4.800000000000001	1.7836850680806079e-9
4.8100000000000005	1.7836202539111942e-9
4.820000000000001	1.7834831574138806e-9
4.830000000000001	1.7831225833416608e-9
4.840000000000001	1.7830125897637649e-9
4.8500000000000005	1.7829086978600004e-9
4.86	1.7828000518049723e-9
4.87	1.7825538949092648e-9
4.88	1.7825345596084583e-9
4.890000000000001	1.7823049692055343e-9
4.9	1.782105677032301e-9
4.91	1.7819147123733778e-9
4.92	1.7817859066145513e-9
4.930000000000001	1.781711358549481e-9
4.94	1.7813047411127013e-9
4.95	1.7811873307871559e-9
4.96	1.7811303202261198e-9
4.970000000000001	1.7809113149499806e-9
4.98	1.7808858382149148e-9
4.99	1.7807210443906622e-9
5.	1.7805772128965001e-9