0.0001	2.7930163886762312e-9
0.0002	2.736113589585372e-9
0.00030000000000000003	2.695201195211407e-9
0.0004	2.664056957116799e-9
0.0005	2.6381726641555747e-9
0.0006000000000000001	2.6176572926916606e-9
0.0007000000000000001	2.6011040857661623e-9
0.0008	2.5876150554048385e-9
0.0009000000000000001	2.57476941939112e-9
0.001	2.563233296181971e-9
0.0011	2.5544576693406937e-9
0.0012000000000000001	2.5465615679111817e-9
0.0013000000000000002	2.5366183495279497e-9
0.0014000000000000002	2.531124082861579e-9
0.0015	2.521411137219212e-9
0.0016	2.515950940791798e-9
0.0017000000000000001	2.508505265386757e-9
0.0018000000000000002	2.5032965505890034e-9
0.0019000000000000002	2.497918840145116e-9
0.002	2.490025860462397e-9
0.0021	2.486977076242928e-9
0.0022	2.4823646059474682e-9
0.0023	2.4748263743103964e-9
0.0024	2.4712777304284475e-9
0.0025	2.4688286672197328e-9
0.0026	2.463866420740723e-9
0.0026999999999999997	2.4581170864103793e-9
0.0028	2.454557373244159e-9
0.0029	2.4525048289354973e-9
0.003	2.4493397468690888e-9
0.0031	2.4446869128813044e-9
0.0031999999999999997	2.44030228542504e-9
0.0033	2.4370471912058714e-9
0.0034	2.435953573255087e-9
0.0035	2.43344052639077e-9
0.0036	2.42999613595281e-9
0.0037	2.4259779291345458e-9
0.0038	2.422373211539646e-9
0.0039	2.4207168320142134e-9
0.004	2.418855778212791e-9
0.0040999999999999995	2.4174152203276983e-9
0.0042	2.414955203629764e-9
0.0043	2.4111368259082673e-9
0.0044	2.407678210136816e-9
0.0045	2.4056075806588244e-9
0.0046	2.4036213491950325e-9
0.0047	2.4023446826306572e-9
0.0048000000000000004	2.4011503057177783e-9
0.0049	2.399552753906874e-9
0.005	2.396712276713446e-9
0.0051	2.393781457044194e-9
0.005200000000000001	2.3914036803339077e-9
0.0053	2.3894164503251266e-9
0.0054	2.3882681847892383e-9
0.0055000000000000005	2.3869713360091553e-9
0.005600000000000001	2.3859937984830785e-9
0.0057	2.3851647606931726e-9
0.0058000000000000005	2.3834166903607074e-9
0.005900000000000001	2.380900693858218e-9
0.006	2.378275721743387e-9
0.0061	2.375912058854341e-9
0.006200000000000001	2.374473260855614e-9
0.0063	2.3731334447467855e-9
0.0064	2.3717908773621383e-9
0.006500000000000001	2.3710751542512163e-9
0.0066	2.3702168857868942e-9
0.0067	2.369297222482176e-9
0.0068000000000000005	2.368009178861422e-9
0.006900000000000001	2.366326030549701e-9
0.007	2.3638788411703213e-9
0.0071	2.361634651245497e-9
0.007200000000000001	2.360057636590054e-9
0.007300000000000001	2.358563282032957e-9
0.0074	2.3574628847986222e-9
0.007500000000000001	2.356183711353284e-9
0.007600000000000001	2.35519425893141e-9
0.007700000000000001	2.3544249612575e-9
0.0078000000000000005	2.3534445473662866e-9
0.0079	2.35252098352806e-9
0.008	2.351443958564205e-9
0.008100000000000001	2.3500393334587238e-9
0.0082	2.3478912864900613e-9
0.0083	2.3457242795357607e-9
0.008400000000000001	2.3437714161108203e-9
0.0085	2.3423833601281745e-9
0.0086	2.3413296427556148e-9
0.008700000000000001	2.3401869333787658e-9
0.0088	2.339133810067708e-9
0.008900000000000002	2.338295788839761e-9
0.009000000000000001	2.337527578378341e-9
0.0091	2.336918507308491e-9
0.009200000000000002	2.336328304746278e-9
0.009300000000000001	2.335580590959651e-9
0.0094	2.334597144470405e-9
0.009500000000000001	2.3333534555987102e-9
0.009600000000000001	2.331977957127072e-9
0.0097	2.330146815662748e-9
0.009800000000000001	2.3284304991534164e-9
0.0099	2.326850789906599e-9
0.010000000000000002	2.3257860466293615e-9
0.0101	2.3247842481742375e-9
0.010199999999999999	2.3239282096255423e-9
0.0103	2.322965484270617e-9
0.0104	2.3221847871880454e-9
0.010499999999999999	2.321468078463546e-9
0.0106	2.320865427168691e-9
0.0107	2.3203479099241775e-9
0.010799999999999999	2.31979809658221e-9
0.0109	2.3191725711691776e-9
0.011	2.3184650850158054e-9
0.011099999999999999	2.3174316522892943e-9
0.0112	2.3163918904181014e-9
0.0113	2.3151698552698448e-9
0.0114	2.3136211358678393e-9
0.0115	2.312037628056711e-9
0.0116	2.3105055028226615e-9
0.0117	2.3094210765769317e-9
0.0118	2.3084548027667336e-9
0.011899999999999999	2.3074973038934177e-9
0.012	2.3068455733005644e-9
0.0121	2.306032636037477e-9
0.012199999999999999	2.3052833065704217e-9
0.0123	2.3045558401087906e-9
0.0124	2.3039915839000938e-9
0.0125	2.3035568403056902e-9
0.0126	2.3029577608764814e-9
0.0127	2.302492830196096e-9
0.0128	2.302040230379398e-9
0.0129	2.3014469249187237e-9
0.013	2.3008288253186294e-9
0.0131	2.2999331707998537e-9
0.0132	2.299098606104153e-9
0.0133	2.29813002270825e-9
0.0134	2.296844405072811e-9
0.0135	2.2955463413685797e-9
0.013600000000000001	2.2942539906648756e-9
0.0137	2.2931186158423786e-9
0.0138	2.292181210126153e-9
0.013900000000000001	2.2914234433205726e-9
0.014	2.2907330416446728e-9
0.0141	2.2900291075670023e-9
0.0142	2.289400485901122e-9
0.0143	2.2887636162626357e-9
0.0144	2.2880496831658473e-9
0.0145	2.287637055181475e-9
0.0146	2.2871201820693146e-9
0.014700000000000001	2.286685915749087e-9
0.0148	2.2862010659556934e-9
0.0149	2.285829700564992e-9
0.015	2.285529335247348e-9
0.0151	2.285167678278009e-9
0.0152	2.2846410633799723e-9
0.015300000000000001	2.2840640892493997e-9
0.0154	2.2832979986001006e-9
0.0155	2.282575821375415e-9
0.015600000000000001	2.281846495712818e-9
0.015700000000000002	2.2809570436273776e-9
0.0158	2.279740388637659e-9
0.0159	2.2787299517078674e-9
0.016	2.277663036889652e-9
0.0161	2.2766383523715727e-9
0.0162	2.275794609917451e-9
0.016300000000000002	2.275057003202413e-9
0.0164	2.2744072603647395e-9
0.0165	2.2738785608991625e-9
0.0166	2.2732190938948796e-9
0.0167	2.272712109300942e-9
0.016800000000000002	2.272126235562881e-9
0.016900000000000002	2.271559081433452e-9
0.017	2.2711824307854236e-9
0.0171	2.270786944028768e-9
0.0172	2.270328019729999e-9
0.0173	2.269919834578819e-9
0.0174	2.269604654227095e-9
0.0175	2.2692141180693625e-9
0.0176	2.268897994175608e-9
0.0177	2.268596417325485e-9
0.0178	2.2682291373358506e-9
0.017900000000000003	2.267804540482118e-9
0.018000000000000002	2.267355748208222e-9
0.0181	2.2668168969844904e-9
0.0182	2.266137698756282e-9
0.0183	2.2655139980250116e-9
0.0184	2.264832719346922e-9
0.018500000000000003	2.2640421256131867e-9
0.018600000000000002	2.263134231502455e-9
0.0187	2.2621698204739334e-9
0.0188	2.2611812566625393e-9
0.0189	2.260380096480962e-9
0.019	2.259603088616574e-9
0.019100000000000002	2.2588408286992024e-9
0.019200000000000002	2.258272342712045e-9
0.0193	2.257698154576868e-9
0.0194	2.2571823497856636e-9
0.0195	2.2566844990855604e-9
0.0196	2.256242648126046e-9
0.019700000000000002	2.2557896717131354e-9
0.0198	2.25533575416885e-9
0.0199	2.254826927561597e-9
0.02	2.2544353595882327e-9
0.0201	2.2540791536407175e-9
0.0202	2.253801133588327e-9
0.0203	2.2536171982655907e-9
0.0204	2.253185902039037e-9
0.0205	2.2529107733603494e-9
0.0206	2.2526830591357287e-9
0.0207	2.2523158117800274e-9
0.0208	2.2520159983756963e-9
0.0209	2.2517463196825404e-9
0.021	2.2514515223498823e-9
0.0211	2.2511248152217324e-9
0.0212	2.2506571955179207e-9
0.0213	2.2503145952037604e-9
0.0214	2.249671773399647e-9
0.0215	2.2491725809513747e-9
0.0216	2.248655274564945e-9
0.0217	2.247996027776827e-9
0.0218	2.247324156637849e-9
0.0219	2.246494791160779e-9
0.022	2.245795870736732e-9
0.0221	2.2448889040479197e-9
0.0222	2.244153534380299e-9
0.0223	2.2436746964108913e-9
0.0224	2.2428189728602554e-9
0.0225	2.242214114329491e-9
0.022600000000000002	2.2417196786958346e-9
0.0227	2.2412886709185327e-9
0.0228	2.2409067020665053e-9
0.022900000000000004	2.2404587462323312e-9
0.023000000000000003	2.2401033800344594e-9
0.023100000000000002	2.239672668106238e-9
0.023200000000000002	2.239239697339296e-9
0.0233	2.2388733977453976e-9
0.0234	2.238384389500328e-9
0.023500000000000004	2.2380826763400738e-9
0.023600000000000003	2.2378308950125925e-9
0.023700000000000002	2.237432034641282e-9
0.0238	2.2372858096493002e-9
0.0239	2.236883185247128e-9
0.024	2.2366425195817923e-9
0.024100000000000003	2.236393640463613e-9
0.024200000000000003	2.236169276526104e-9
0.024300000000000002	2.235862310760466e-9
0.0244	2.235580771049577e-9
0.0245	2.2353980543239433e-9
0.024600000000000004	2.235015795376501e-9
0.024700000000000003	2.2348398834860927e-9
0.024800000000000003	2.2346721734845046e-9
0.024900000000000002	2.234293596369049e-9
0.025	2.2339266841419647e-9
0.0251	2.2335662103757055e-9
0.0252	2.233149154994316e-9
0.0253	2.232594160158576e-9
0.025400000000000002	2.2321915343504165e-9
0.025500000000000002	2.2317122723004835e-9
0.0256	2.23120537744107e-9
0.0257	2.230604421012951e-9
0.0258	2.2298770956273695e-9
0.0259	2.2291102144971836e-9
0.026000000000000002	2.2285085106578356e-9
0.0261	2.227785944773898e-9
0.0262	2.2272760845053712e-9
0.0263	2.2269140096816058e-9
0.0264	2.226130422193538e-9
0.0265	2.225816462325446e-9
0.026600000000000002	2.2253271920347724e-9
0.0267	2.224889361824453e-9
0.0268	2.2247026899575745e-9
0.0269	2.224169537796877e-9
0.027	2.2238958975818836e-9
0.0271	2.2237170749581386e-9
0.027200000000000002	2.223212975158046e-9
0.0273	2.2226803323297187e-9
0.0274	2.2221482080218293e-9
0.0275	2.2220871776166796e-9
0.0276	2.2217652667492154e-9
0.0277	2.2213357688344435e-9
0.0278	2.221248694775645e-9
0.0279	2.2208809411950737e-9
0.028	2.22054186058036e-9
0.0281	2.2201851570404105e-9
0.0282	2.2200250294621562e-9
0.0283	2.2202227129589552e-9
0.028399999999999998	2.219601825206142e-9
0.0285	2.2193589470236385e-9
0.0286	2.219209910845235e-9
0.0287	2.2189357002653005e-9
0.0288	2.2186478146229697e-9
0.0289	2.2184389791816794e-9
0.028999999999999998	2.2183008160712064e-9
0.0291	2.2183449233076384e-9
0.0292	2.2181289830403066e-9
0.0293	2.217762713236601e-9
0.0294	2.217329091849173e-9
0.0295	2.2168109131510023e-9
0.0296	2.216635786799586e-9
0.0297	2.216294741706146e-9
0.0298	2.2158626774289785e-9
0.0299	2.215713724014383e-9
0.03	2.215573304022363e-9
0.030100000000000002	2.2152563139526643e-9
0.0302	2.2143654256785783e-9
0.0303	2.213867018392321e-9
0.030400000000000003	2.213757374377037e-9
0.030500000000000003	2.2130838927069135e-9
0.030600000000000002	2.2123808842830907e-9
0.0307	2.2117593108097485e-9
0.0308	2.21158910462632e-9
0.0309	2.2107292649988e-9
0.031000000000000003	2.210226545389554e-9
0.031100000000000003	2.21011443336945e-9
0.031200000000000002	2.2096762195090884e-9
0.0313	2.2091244484093454e-9
0.031400000000000004	2.2086914667685386e-9
0.0315	2.2087085314317187e-9
0.0316	2.2083493480816444e-9
0.0317	2.208039428706881e-9
0.0318	2.2082577825701408e-9
0.031900000000000005	2.2078376074308266e-9
0.032	2.207260979438256e-9
0.032100000000000004	2.2071090215176883e-9
0.0322	2.2070796363397223e-9
0.0323	2.206405372724017e-9
0.0324	2.2061539386662937e-9
0.0325	2.2062173785284227e-9
0.032600000000000004	2.2055615371528367e-9
0.03270000000000001	2.205475887211249e-9
0.0328	2.2057508332764487e-9
0.032900000000000006	2.205074859901185e-9
0.033	2.2046741752219455e-9
0.033100000000000004	2.2050018078176413e-9
0.03320000000000001	2.2049925063764283e-9
0.0333	2.2044221667941404e-9
0.033400000000000006	2.2045128886061884e-9
0.0335	2.2039491991261203e-9
0.033600000000000005	2.2038650393839547e-9
0.0337	2.204272392874621e-9
0.033800000000000004	2.2033377945538107e-9
0.033900000000000007	2.2036297998681546e-9
0.034	2.2031189997300523e-9
0.034100000000000005	2.2034110645028872e-9
0.0342	2.20320801387295e-9
0.034300000000000004	2.2028657961483404e-9
0.03440000000000001	2.2023840749625536e-9
0.0345	2.202884427233974e-9
0.034600000000000006	2.2020463662214233e-9
0.0347	2.202204680404533e-9
0.034800000000000005	2.201829511759904e-9
0.0349	2.2015644383686993e-9
0.035	2.2012860916297407e-9
0.035100000000000006	2.20057199996372e-9
0.03520000000000001	2.2001248781713794e-9
0.035300000000000005	2.200592321541579e-9
0.03540000000000001	2.2000834199519243e-9
0.035500000000000004	2.1997954476181595e-9
0.03560000000000001	2.199129109357806e-9
0.03570000000000001	2.198902524856344e-9
0.035800000000000005	2.198050055637351e-9
0.03590000000000001	2.1976594919805666e-9
0.036000000000000004	2.19750260680441e-9
0.03610000000000001	2.196913654169978e-9
0.0362	2.1968063605555026e-9
0.036300000000000006	2.1960330640379003e-9
0.03640000000000001	2.1956694969672494e-9
0.036500000000000005	2.1954695027946515e-9
0.03660000000000001	2.1945857587858685e-9
0.0367	2.19412226569914e-9
0.036800000000000006	2.194286127171163e-9
0.03690000000000001	2.1941742490847666e-9
0.037000000000000005	2.193409374658334e-9
0.03710000000000001	2.1929377293075598e-9
0.037200000000000004	2.193502545632076e-9
0.03730000000000001	2.1927870255621777e-9
0.0374	2.1924407059880255e-9
0.037500000000000006	2.1926466341985127e-9
0.0376	2.1918488291646696e-9
0.037700000000000004	2.1920464342130907e-9
0.0378	2.1913152769040767e-9
0.0379	2.1917342516801853e-9
0.038	2.1915022828108027e-9
0.0381	2.19109345378679e-9
0.038200000000000005	2.1904073615796403e-9
0.0383	2.1905645826145323e-9
0.038400000000000004	2.190521130094613e-9
0.0385	2.189830796475068e-9
0.0386	2.1894617438830008e-9
0.0387	2.1897198738400274e-9
0.0388	2.1891599099375133e-9
0.038900000000000004	2.1894136347181415e-9
0.039	2.189211579073671e-9
0.0391	2.1893922596186033e-9
0.0392	2.189142238105716e-9
0.0393	2.1884575394264085e-9
0.039400000000000004	2.1885500157726785e-9
0.0395	2.1887011711604452e-9
0.0396	2.1882463482120014e-9
0.0397	2.1881231342672632e-9
0.0398	2.1878772665106082e-9
0.039900000000000005	2.1878649955743847e-9
0.04	2.187701627860688e-9
0.040100000000000004	2.187720955553719e-9
0.04020000000000001	2.187305214451518e-9
0.0403	2.1871995188305105e-9
0.040400000000000005	2.187042486270237e-9
0.0405	2.1870301513337643e-9
0.040600000000000004	2.186722133480749e-9
0.04070000000000001	2.1866861942839004e-9
0.0408	2.1862121437316153e-9
0.040900000000000006	2.1864190583470106e-9
0.041	2.185958383663152e-9
0.041100000000000005	2.185822347970038e-9
0.0412	2.185294211493078e-9
0.0413	2.185362844947802e-9
0.041400000000000006	2.1847097661689994e-9
0.0415	2.1844769590764628e-9
0.041600000000000005	2.184132079185737e-9
0.0417	2.184426923828365e-9
0.041800000000000004	2.183667437598268e-9
0.04190000000000001	2.1831413253426765e-9
0.042	2.183447098259912e-9
0.042100000000000005	2.1830779968892484e-9
0.0422	2.1823934988161654e-9
0.042300000000000004	2.1818505109841976e-9
0.04240000000000001	2.181208300143356e-9
0.0425	2.1810252189150352e-9
0.042600000000000006	2.181018772730584e-9
0.04270000000000001	2.1807563716561765e-9
0.042800000000000005	2.1796474489312752e-9
0.04290000000000001	2.1796618017385166e-9
0.043000000000000003	2.1791622147772496e-9
0.043100000000000006	2.178741598594273e-9
0.04320000000000001	2.17861966171829e-9
0.043300000000000005	2.1784609240100412e-9
0.04340000000000001	2.1783670528312673e-9
0.043500000000000004	2.178435267432549e-9
0.04360000000000001	2.177431961748205e-9
0.0437	2.177863684336769e-9
0.043800000000000006	2.1773483784033143e-9
0.04390000000000001	2.176904585478493e-9
0.044000000000000004	2.1765293309955787e-9
0.04410000000000001	2.1770458167189075e-9
0.0442	2.176683217985664e-9
0.044300000000000006	2.1763105632178475e-9
0.04440000000000001	2.176148689001772e-9
0.044500000000000005	2.175984362340794e-9
0.04460000000000001	2.175580397448268e-9
0.044700000000000004	2.175931339763415e-9
0.044800000000000006	2.1750015165606907e-9
0.04490000000000001	2.174748589580877e-9
0.045000000000000005	2.174445995415528e-9
0.04510000000000001	2.174850547511064e-9
0.04520000000000001	2.1746261279030896e-9
0.04530000000000001	2.1743469273110792e-9
0.04540000000000001	2.1739616190081165e-9
0.045500000000000006	2.1741091797795304e-9
0.04560000000000001	2.1734618692766545e-9
0.04570000000000001	2.1741529711702105e-9
0.04580000000000001	2.173166188965251e-9
0.04590000000000001	2.1737577510181694e-9
0.046000000000000006	2.173511630025555e-9
0.04610000000000001	2.1731865712619764e-9
0.046200000000000005	2.172888186593735e-9
0.04630000000000001	2.1726994700075833e-9
0.04640000000000001	2.1726223374507294e-9
0.04650000000000001	2.1724541913094006e-9
0.04660000000000001	2.1719646236662364e-9
0.046700000000000005	2.171958398290137e-9
0.04680000000000001	2.171954572791636e-9
0.04690000000000001	2.1718760075952366e-9
0.04700000000000001	2.1716901924877496e-9
0.04710000000000001	2.1715124707886734e-9
0.047200000000000006	2.17161742004271e-9
0.04730000000000001	2.1719883847210075e-9
0.04740000000000001	2.1711766170394306e-9
0.04750000000000001	2.1718030612773144e-9
0.0476	2.1708672395241074e-9
0.047700000000000006	2.170805123220527e-9
0.0478	2.170613690488464e-9
0.047900000000000005	2.1706325446345864e-9
0.048	2.1705242271525078e-9
0.048100000000000004	2.1700643050198258e-9
0.04820000000000001	2.1702554496412692e-9
0.0483	2.170306004670554e-9
0.048400000000000006	2.169821047756819e-9
0.0485	2.169186865919303e-9
0.048600000000000004	2.1695421774305005e-9
0.0487	2.1688547451768896e-9
0.0488	2.1689238188760572e-9
0.048900000000000006	2.168567681168951e-9
0.049	2.1680883097097777e-9
0.049100000000000005	2.1679808378148496e-9
0.0492	2.167756639911891e-9
0.049300000000000004	2.1678341816746925e-9
0.049400000000000006	2.1677348597027854e-9
0.0495	2.1670564216038514e-9
0.049600000000000005	2.1668098214283617e-9
0.0497	2.1659361202108084e-9
0.049800000000000004	2.1655666442518373e-9
0.0499	2.165416626370972e-9
0.05	2.165441715811287e-9
0.050100000000000006	2.165085454736229e-9
0.05020000000000001	2.1649250222349614e-9
0.050300000000000004	2.1640497595354834e-9
0.05040000000000001	2.1639746839099662e-9
0.0505	2.163709383292007e-9
0.050600000000000006	2.1637687080558697e-9
0.05070000000000001	2.163466722560342e-9
0.050800000000000005	2.163279149351929e-9
0.05090000000000001	2.1629812624563097e-9
0.051000000000000004	2.1626994859854782e-9
0.051100000000000007	2.1620486167502382e-9
0.0512	2.162076979112473e-9
0.051300000000000005	2.1620878764655077e-9
0.05140000000000001	2.1609946377209607e-9
0.051500000000000004	2.161636907357078e-9
0.05160000000000001	2.1611292310025367e-9
0.0517	2.1613265132600333e-9
0.051800000000000006	2.161342995440072e-9
0.05190000000000001	2.160266967580866e-9
0.052000000000000005	2.1601708343936974e-9
0.05210000000000001	2.1605380774872406e-9
0.0522	2.160125427891785e-9
0.052300000000000006	2.1596875689646083e-9
0.0524	2.1601366985246557e-9
0.052500000000000005	2.1598233518260628e-9
0.05260000000000001	2.159768550168854e-9
0.05270000000000001	2.158926692494565e-9
0.05280000000000001	2.1593602401512443e-9
0.05290000000000001	2.158900110375821e-9
0.053000000000000005	2.159119015907845e-9
0.05310000000000001	2.1589328657659043e-9
0.05320000000000001	2.1588477597063085e-9
0.05330000000000001	2.15857283709429e-9
0.05340000000000001	2.1584995701374285e-9
0.053500000000000006	2.1583068671369224e-9
0.05360000000000001	2.157743022260988e-9
0.053700000000000005	2.15798746007115e-9
0.05380000000000001	2.157934409605261e-9
0.05390000000000001	2.1578641658365167e-9
0.054000000000000006	2.157270490429166e-9
0.05410000000000001	2.157646913451007e-9
0.054200000000000005	2.1574508187190597e-9
0.05430000000000001	2.1573888056992663e-9
0.05440000000000001	2.1569929477553095e-9
0.05450000000000001	2.1573476155702976e-9
0.05460000000000001	2.1570075472726546e-9
0.054700000000000006	2.1567828864448174e-9
0.05480000000000001	2.1569030475728403e-9
0.054900000000000004	2.1565748793840916e-9
0.05500000000000001	2.1562182691726107e-9
0.0551	2.156735752569558e-9
0.055200000000000006	2.1560711523737304e-9
0.0553	2.156107731144414e-9
0.055400000000000005	2.1562057461320996e-9
0.0555	2.156136633378796e-9
0.055600000000000004	2.1556664172308347e-9
0.055700000000000006	2.155337653304203e-9
0.0558	2.155313534548317e-9
0.055900000000000005	2.155172673188814e-9
0.056	2.1557603086865802e-9
0.056100000000000004	2.155519946178858e-9
0.0562	2.1550138770107933e-9
0.0563	2.1551996698390862e-9
0.056400000000000006	2.1546050408308013e-9
0.0565	2.1548407080149614e-9
0.056600000000000004	2.1543506784897066e-9
0.0567	2.1546801984146404e-9
0.0568	2.154506396554883e-9
0.056900000000000006	2.1537427308669155e-9
0.057	2.1539133215589058e-9
0.057100000000000005	2.153876009061337e-9
0.0572	2.154099328511031e-9
0.057300000000000004	2.1537326957002546e-9
0.05740000000000001	2.1532081581730115e-9
0.0575	2.153059533600187e-9
0.057600000000000005	2.1530086873186762e-9
0.05770000000000001	2.152328613656109e-9
0.057800000000000004	2.1525191395834834e-9
0.05790000000000001	2.152026900855346e-9
0.058	2.152361366463806e-9
0.058100000000000006	2.151625087097859e-9
0.05820000000000001	2.1510416110468392e-9
0.058300000000000005	2.1509798798336625e-9
0.05840000000000001	2.1510129781177353e-9
0.0585	2.150474987705329e-9
0.058600000000000006	2.150811998029157e-9
0.0587	2.150498849626737e-9
0.058800000000000005	2.1500444934723203e-9
0.05890000000000001	2.149646386377667e-9
0.059000000000000004	2.149274873758696e-9
0.05910000000000001	2.1491606383845014e-9
0.0592	2.148496252391431e-9
0.059300000000000005	2.1487931963880747e-9
0.05940000000000001	2.148577878027609e-9
0.059500000000000004	2.147962554271624e-9
0.05960000000000001	2.1477022564837285e-9
0.0597	2.147358319780413e-9
0.059800000000000006	2.147240289503012e-9
0.05990000000000001	2.1474795608761967e-9
0.060000000000000005	2.147059843855021e-9
0.06010000000000001	2.1495568695984506e-9
0.06020000000000001	2.1495356306901683e-9
0.060300000000000006	2.1491583645456083e-9
0.06040000000000001	2.1489360982296278e-9
0.060500000000000005	2.1488889188411015e-9
0.06060000000000001	2.1485935407003105e-9
0.06070000000000001	2.148518780824472e-9
0.06080000000000001	2.148351400041203e-9
0.06090000000000001	2.14831218644621e-9
0.061000000000000006	2.1480754282263887e-9
0.06110000000000001	2.148226646391282e-9
0.061200000000000004	2.147715452483319e-9
0.06130000000000001	2.147621237365058e-9
0.06140000000000001	2.147556289749611e-9
0.061500000000000006	2.1474009299792085e-9
0.06160000000000001	2.1472514809696178e-9
0.061700000000000005	2.147184334694356e-9
0.06180000000000001	2.147003161001767e-9
0.06190000000000001	2.146816569810168e-9
0.062000000000000006	2.146664578226387e-9
0.06210000000000001	2.1465019446855277e-9
0.062200000000000005	2.146350251062453e-9
0.06230000000000001	2.14619935493499e-9
0.06240000000000001	2.146140032964741e-9
0.06250000000000001	2.145943153863348e-9
0.0626	2.1458196532549212e-9
0.0627	2.145723628681379e-9
0.06280000000000001	2.1455991119633066e-9
0.0629	2.145517987081243e-9
0.063	2.1453524718560666e-9
0.0631	2.1453509010154226e-9
0.0632	2.1450767836679508e-9
0.06330000000000001	2.145037557829238e-9
0.0634	2.1449140805560715e-9
0.0635	2.1448866904521844e-9
0.0636	2.144695042585438e-9
0.0637	2.1446072030701102e-9
0.06380000000000001	2.1444738459980817e-9
0.0639	2.144469327722505e-9
0.064	2.1443975594294597e-9
0.0641	2.1443441453410207e-9
0.06420000000000001	2.1441623775455045e-9
0.0643	2.14403475541864e-9
0.0644	2.1439385185200866e-9
0.0645	2.1438094343510358e-9
0.0646	2.1437300502990163e-9
0.06470000000000001	2.1436524927010188e-9
0.0648	2.1434783616286316e-9
0.0649	2.1434657624524383e-9
0.065	2.143370664021625e-9
0.0651	2.1432215051150835e-9
0.06520000000000001	2.1431383075569624e-9
0.06530000000000001	2.1430719780055723e-9
0.0654	2.143033308770856e-9
0.0655	2.142952616303918e-9
0.0656	2.142818705392917e-9
0.06570000000000001	2.1427372878217043e-9
0.06580000000000001	2.1428169152144328e-9
0.0659	2.142619313508051e-9
0.066	2.1425468514558387e-9
0.0661	2.1422904711611017e-9
0.06620000000000001	2.142250182791199e-9
0.06630000000000001	2.1420557815589924e-9
0.0664	2.1420181120882068e-9
0.0665	2.1421380390127903e-9
0.0666	2.141749913226775e-9
0.06670000000000001	2.1416901003734653e-9
0.0668	2.1414142743136796e-9
0.0669	2.141353681864189e-9
0.067	2.14120906182047e-9
0.0671	2.1412694205139198e-9
0.06720000000000001	2.1408958054017175e-9
0.0673	2.1406955911455098e-9
0.0674	2.1405205668820207e-9
0.0675	2.1404342172999282e-9
0.06760000000000001	2.140260194019509e-9
0.06770000000000001	2.1400734420358243e-9
0.06780000000000001	2.1399275637565373e-9
0.0679	2.1397140204445475e-9
0.068	2.139521077630978e-9
0.06810000000000001	2.139374880838387e-9
0.06820000000000001	2.139156981188636e-9
0.06830000000000001	2.1390339454885307e-9
0.0684	2.1387850668611937e-9
0.0685	2.1385621627356495e-9
0.06860000000000001	2.138365986165796e-9
0.06870000000000001	2.1381227218381353e-9
0.06880000000000001	2.1378025102780733e-9
0.0689	2.1376097407858142e-9
0.069	2.137376629828453e-9
0.06910000000000001	2.1371552823119696e-9
0.06920000000000001	2.1368602023304495e-9
0.0693	2.136597969674304e-9
0.0694	2.136370185048808e-9
0.0695	2.136103330031743e-9
0.06960000000000001	2.1358623256767165e-9
0.06970000000000001	2.135650515013164e-9
0.0698	2.1353682637602286e-9
0.0699	2.1351295308095877e-9
0.07	2.134991657548232e-9
0.07010000000000001	2.1347511470543435e-9
0.07020000000000001	2.1344922800278648e-9
0.07030000000000002	2.1343001873878734e-9
0.0704	2.134161921712102e-9
0.07050000000000001	2.133973436029918e-9
0.07060000000000001	2.1337794288504164e-9
0.07070000000000001	2.1335820463082046e-9
0.07080000000000002	2.133402854763885e-9
0.0709	2.1332737694145146e-9
0.07100000000000001	2.133047985003514e-9
0.07110000000000001	2.132955214689735e-9
0.07120000000000001	2.132745282259274e-9
0.07130000000000002	2.1326351638083455e-9
0.0714	2.1324919494948997e-9
0.07150000000000001	2.132555807220008e-9
0.07160000000000001	2.1322319037321243e-9
0.07170000000000001	2.1321215389259276e-9
0.0718	2.1320386480792444e-9
0.0719	2.1319040301014827e-9
0.07200000000000001	2.13175392853774e-9
0.07210000000000001	2.1316305569776868e-9
0.07220000000000001	2.1315086870440775e-9
0.0723	2.131360115374103e-9
0.0724	2.1312675475286907e-9
0.07250000000000001	2.131115944099734e-9
0.07260000000000001	2.130969041208943e-9
0.07270000000000001	2.1308770035870314e-9
0.07280000000000002	2.1307914064175706e-9
0.0729	2.1305385502754746e-9
0.07300000000000001	2.130535627336029e-9
0.07310000000000001	2.1303693276180293e-9
0.07320000000000002	2.1302650190069884e-9
0.07330000000000002	2.1300670890579496e-9
0.0734	2.129895835858417e-9
0.07350000000000001	2.1298208866338642e-9
0.07360000000000001	2.1297012844608375e-9
0.07370000000000002	2.1295952145487362e-9
0.07380000000000002	2.1294523247859656e-9
0.07390000000000001	2.1293263291442963e-9
0.07400000000000001	2.1293220803672177e-9
0.07410000000000001	2.129145420434681e-9
0.07420000000000002	2.1290807972604404e-9
0.0743	2.1289359841439236e-9
0.07440000000000001	2.128941450670413e-9
0.07450000000000001	2.128787026442888e-9
0.07460000000000001	2.12865774864792e-9
0.07470000000000002	2.1285655299509804e-9
0.0748	2.128765120234347e-9
0.07490000000000001	2.1284311012162163e-9
0.07500000000000001	2.128465658394996e-9
0.0751	2.1282457902839505e-9
0.0752	2.128199650763036e-9
0.0753	2.128087639405729e-9
0.0754	2.127976578657629e-9
0.0755	2.1279508376415942e-9
0.0756	2.127870990901892e-9
0.0757	2.127764984875811e-9
0.0758	2.127705349245358e-9
0.0759	2.1276187560318082e-9
0.076	2.1275125377905555e-9
0.0761	2.1273832887678422e-9
0.0762	2.1273197203020686e-9
0.0763	2.1272351803702587e-9
0.0764	2.1271729334994887e-9
0.0765	2.12707091125995e-9
0.0766	2.1269663298291356e-9
0.0767	2.126920511269487e-9
0.07680000000000001	2.1268458106943496e-9
0.0769	2.1268074791439557e-9
0.077	2.126709746120981e-9
0.0771	2.12657603463461e-9
0.0772	2.1265803988005236e-9
0.0773	2.1265091309533997e-9
0.0774	2.126330050459119e-9
0.0775	2.126272947497195e-9
0.0776	2.126245642010417e-9
0.0777	2.1261362233437767e-9
0.07780000000000001	2.1260998333713183e-9
0.0779	2.1259198005282743e-9
0.078	2.1259173498181295e-9
0.0781	2.1258474641389214e-9
0.0782	2.125668318753998e-9
0.07830000000000001	2.125657353278577e-9
0.0784	2.1255303264292237e-9
0.0785	2.125383082235994e-9
0.0786	2.125198813053972e-9
0.0787	2.1251874641748823e-9
0.07880000000000001	2.1250555295643296e-9
0.0789	2.1248046232777617e-9
0.079	2.1247636634280124e-9
0.0791	2.124651491883644e-9
0.0792	2.1245180828883953e-9
0.07930000000000001	2.124309441392154e-9
0.0794	2.124265439626504e-9
0.0795	2.1240737529819225e-9
0.0796	2.1239188039496024e-9
0.07970000000000001	2.1237891948265564e-9
0.0798	2.123706873686985e-9
0.0799	2.123488352196214e-9
0.08	2.1232694769018906e-9
0.0801	2.1231931253500713e-9
0.08020000000000001	2.123013852994672e-9
0.08030000000000001	2.122866907828625e-9
0.0804	2.1226905503650245e-9
0.0805	2.12245542070542e-9
0.0806	2.1223348681254326e-9
0.08070000000000001	2.1222215888822345e-9
0.08080000000000001	2.122019201534438e-9
0.0809	2.1218105997433067e-9
0.081	2.1215914677658477e-9
0.0811	2.121420067281307e-9
0.08120000000000001	2.1211303595130243e-9
0.08130000000000001	2.120933951300856e-9
0.0814	2.1206661888910346e-9
0.0815	2.1204534690409606e-9
0.0816	2.1202364608960633e-9
0.08170000000000001	2.1200838958365497e-9
0.08180000000000001	2.11989814388727e-9
0.0819	2.119650709071705e-9
0.082	2.1195269265558294e-9
0.0821	2.119229211481885e-9
0.08220000000000001	2.1190251706466684e-9
0.0823	2.118928999401794e-9
0.0824	2.1190111428631862e-9
0.0825	2.1185937200899235e-9
0.0826	2.1184084333532092e-9
0.08270000000000001	2.1181291287314466e-9
0.08280000000000001	2.1180353803589773e-9
0.0829	2.117860007650532e-9
0.083	2.1177383739182687e-9
0.08310000000000001	2.1174838641503384e-9
0.08320000000000001	2.1173253102419497e-9
0.08330000000000001	2.117252955881493e-9
0.0834	2.117097345784089e-9
0.0835	2.116885482899216e-9
0.08360000000000001	2.1167316957136002e-9
0.08370000000000001	2.116674759863566e-9
0.08380000000000001	2.1165006589127674e-9
0.0839	2.1163888948085897e-9
0.084	2.1163063618251583e-9
0.08410000000000001	2.1161713602279338e-9
0.08420000000000001	2.1163000538651977e-9
0.08430000000000001	2.115870138128895e-9
0.0844	2.115882228809008e-9
0.0845	2.1157100909925776e-9
0.08460000000000001	2.1156924467655353e-9
0.08470000000000001	2.1155250402662887e-9
0.0848	2.1154327172701337e-9
0.0849	2.1152565110281007e-9
0.085	2.115135708185122e-9
0.08510000000000001	2.1150812365894738e-9
0.08520000000000001	2.114973114571258e-9
0.08530000000000001	2.114904926893093e-9
0.0854	2.1147571855673152e-9
0.0855	2.114655923434869e-9
0.08560000000000001	2.1145246404296317e-9
0.08570000000000001	2.114449545122425e-9
0.08580000000000002	2.1143251374169593e-9
0.0859	2.1141589501126146e-9
0.08600000000000001	2.114143951911653e-9
0.08610000000000001	2.1139832966735966e-9
0.08620000000000001	2.113864994879731e-9
0.08630000000000002	2.1137512667414723e-9
0.0864	2.113616940149861e-9
0.08650000000000001	2.113544516770963e-9
0.08660000000000001	2.1133974156685724e-9
0.08670000000000001	2.1133691223774e-9
0.08680000000000002	2.1131932750917542e-9
0.0869	2.113128305194721e-9
0.08700000000000001	2.112996556255976e-9
0.08710000000000001	2.112952389858771e-9
0.08720000000000001	2.1129035874709868e-9
0.0873	2.112815072138339e-9
0.0874	2.1126494436657776e-9
0.08750000000000001	2.112640556966272e-9
0.08760000000000001	2.1125369003414573e-9
0.08770000000000001	2.112447751631086e-9
0.08780000000000002	2.112339825918858e-9
0.0879	2.1123215818090076e-9
0.08800000000000001	2.112238296265873e-9
0.08810000000000001	2.112134684119717e-9
0.08820000000000001	2.112075731840394e-9
0.08830000000000002	2.11201426930191e-9
0.0884	2.1118746373145934e-9
0.08850000000000001	2.111915680755419e-9
0.08860000000000001	2.111810568919926e-9
0.08870000000000001	2.1117377784295997e-9
0.08880000000000002	2.111683872467484e-9
0.0889	2.111692213987534e-9
0.08900000000000001	2.1115348886667905e-9
0.08910000000000001	2.1114932764346e-9
0.08920000000000002	2.11142065820166e-9
0.08930000000000002	2.111321063314603e-9
0.08940000000000001	2.1112937939990657e-9
0.08950000000000001	2.1111948852757723e-9
0.08960000000000001	2.1111509346042365e-9
0.08970000000000002	2.1110577813596773e-9
0.0898	2.111012227192473e-9
0.08990000000000001	2.1109739562166985e-9
0.09000000000000001	2.110858704186717e-9
0.09010000000000001	2.1107477440677097e-9
0.09020000000000002	2.110720369515812e-9
0.09030000000000002	2.11068385176576e-9
0.09040000000000001	2.1105940964732285e-9
0.09050000000000001	2.1105276029835493e-9
0.09060000000000001	2.1105564658065893e-9
0.09070000000000002	2.11045265044039e-9
0.09080000000000002	2.1103331277343033e-9
0.09090000000000001	2.1103047457180263e-9
0.09100000000000001	2.110241225058453e-9
0.09110000000000001	2.110159444151485e-9
0.09120000000000002	2.1101173278169947e-9
0.09130000000000002	2.1100615225258764e-9
0.09140000000000001	2.1099062344939484e-9
0.09150000000000001	2.1098888848831044e-9
0.09160000000000001	2.1098106929778557e-9
0.09170000000000002	2.10975087352696e-9
0.09180000000000002	2.1096782272088423e-9
0.09190000000000001	2.1096268879260252e-9
0.09200000000000001	2.109570235775369e-9
0.09210000000000002	2.109491137674369e-9
0.09220000000000002	2.109369715228624e-9
0.09230000000000001	2.1092683103354675e-9
0.09240000000000001	2.1092864095298618e-9
0.09250000000000001	2.109156114902708e-9
0.0926	2.1089995277990157e-9
0.0927	2.108954387351678e-9
0.09280000000000001	2.1088679371788446e-9
0.0929	2.1087591072567875e-9
0.093	2.108651904066804e-9
0.0931	2.1084866376468386e-9
0.0932	2.1083979245733494e-9
0.09330000000000001	2.1082879017667504e-9
0.0934	2.1081463770933332e-9
0.0935	2.10808977109768e-9
0.0936	2.1079676187734556e-9
0.0937	2.1078664634641398e-9
0.09380000000000001	2.1077415712170074e-9
0.0939	2.107617043132703e-9
0.094	2.107462458530044e-9
0.0941	2.107414154742621e-9
0.0942	2.1072250438831574e-9
0.0943	2.107186470263922e-9
0.0944	2.1070472057319195e-9
0.0945	2.1069178452895457e-9
0.0946	2.1067981117351684e-9
0.0947	2.106676742158992e-9
0.0948	2.1065338719838875e-9
0.0949	2.1063793073604778e-9
0.095	2.106147538301447e-9
0.0951	2.1059731336980387e-9
0.0952	2.1058577789955997e-9
0.09530000000000001	2.1057164611971822e-9
0.0954	2.1055083970748962e-9
0.0955	2.1054050175591755e-9
0.0956	2.105230229676088e-9
0.09570000000000001	2.105002105963745e-9
0.09580000000000001	2.1047888136366197e-9
0.0959	2.1046492444815637e-9
0.096	2.1045050528267507e-9
0.0961	2.104261307338112e-9
0.09620000000000001	2.1041069161511576e-9
0.09630000000000001	2.103982508669718e-9
0.0964	2.1037803550896324e-9
0.0965	2.103625186046396e-9
0.0966	2.1034606358052125e-9
0.09670000000000001	2.103313936915767e-9
0.0968	2.1033843091082623e-9
0.0969	2.10296959206273e-9
0.097	2.1028491095589494e-9
0.0971	2.1026524864730753e-9
0.09720000000000001	2.1025317380510807e-9
0.0973	2.1023280543063613e-9
0.0974	2.1022473679143376e-9
0.0975	2.102134332082497e-9
0.0976	2.101917398470211e-9
0.09770000000000001	2.1018481942891835e-9
0.09780000000000001	2.1016708916995533e-9
0.0979	2.101563874576276e-9
0.098	2.1014776263487264e-9
0.0981	2.101345154972336e-9
0.09820000000000001	2.1011654199325297e-9
0.09830000000000001	2.1010988986895405e-9
0.0984	2.100973866736665e-9
0.0985	2.1007880531127343e-9
0.09860000000000001	2.1007580243273904e-9
0.09870000000000001	2.100589628103081e-9
0.09880000000000001	2.1005287865628625e-9
0.0989	2.100456453423217e-9
0.099	2.1003230289171715e-9
0.09910000000000001	2.100269251156729e-9
0.09920000000000001	2.1001556566995924e-9
0.0993	2.100061992878998e-9
0.0994	2.100018975916938e-9
0.0995	2.099923978940196e-9
0.09960000000000001	2.0996872613337576e-9
0.09970000000000001	2.099705125722472e-9
0.0998	2.0996478034686512e-9
0.0999	2.0995601289954914e-9
0.1	2.099365140220577e-9
0.11	2.092017528762407e-9
0.12	2.081090801763775e-9
0.13	2.0756858443474044e-9
0.14	2.066840925064495e-9
0.15	2.0623199185140743e-9
0.16	2.054288699702493e-9
0.16999999999999998	2.049601690190384e-9
0.18	2.046152314564818e-9
0.19	2.039106704633519e-9
0.2	2.0347423575597243e-9
0.21000000000000002	2.0317345126612625e-9
0.22000000000000003	2.0258000536608584e-9
0.23	2.0211407239450723e-9
0.24000000000000002	2.0177438053079697e-9
0.25	2.0144647615900142e-9
0.26	2.0096606247357882e-9
0.27	2.0068363174326285e-9
0.28	2.004173145680152e-9
0.29000000000000004	2.001182513961292e-9
0.30000000000000004	1.9974215043903756e-9
0.31	1.9942346858502558e-9
0.32	1.992517643710328e-9
0.33	1.9901979188211488e-9
0.33999999999999997	1.9868777420625008e-9
0.35	1.983857726601271e-9
0.36	1.9804619610175013e-9
0.37	1.9792778729234408e-9
0.38	1.977243411010916e-9
0.39	1.974287236072107e-9
0.4	1.9714868271405002e-9
0.41	1.9696762143046575e-9
0.42	1.9680747437226182e-9
0.43	1.9663824198548083e-9
0.43999999999999995	1.964498086636179e-9
0.44999999999999996	1.961511981612655e-9
0.45999999999999996	1.9587673122936214e-9
0.47	1.9568264507606983e-9
0.48	1.9553037997875784e-9
0.49	1.9540460378431994e-9
0.5	1.952293681811963e-9
0.51	1.950617889964517e-9
0.52	1.9484869102280717e-9
0.53	1.9460816311108978e-9
0.54	1.944492135481712e-9
0.55	1.9433456852686757e-9
0.56	1.942229853548492e-9
0.5700000000000001	1.940954972332428e-9
0.5800000000000001	1.9394024237506104e-9
0.59	1.937364556925622e-9
0.6	1.935511265554107e-9
0.61	1.9336337606485024e-9
0.62	1.9318406865888074e-9
0.63	1.931010441204249e-9
0.64	1.9303882687581624e-9
0.65	1.9294107322906414e-9
0.66	1.928137009358697e-9
0.6699999999999999	1.9267289768727312e-9
0.6799999999999999	1.925401090373462e-9
0.69	1.9236751363375015e-9
0.7	1.9220519732709454e-9
0.71	1.9205903503670345e-9
0.72	1.9195543986154297e-9
0.73	1.918703934835644e-9
0.74	1.918164589525284e-9
0.75	1.9173780766759693e-9
0.76	1.9163641406853762e-9
0.77	1.915459645956787e-9
0.78	1.914337019837573e-9
0.7899999999999999	1.9130588200240397e-9
0.7999999999999999	1.911718096903898e-9
0.81	1.910188353192697e-9
0.8200000000000001	1.9089303228164298e-9
0.8300000000000001	1.908181294339175e-9
0.8400000000000001	1.9073566628333996e-9
0.8500000000000001	1.9065787774829173e-9
0.8600000000000001	1.905618469714818e-9
0.8700000000000001	1.9045805727281226e-9
0.8800000000000001	1.9034379940876016e-9
0.89	1.9025689667016725e-9
0.9	1.901173566685832e-9
0.91	1.9000681133137427e-9
0.92	1.8988479593554624e-9
0.93	1.8976625294844445e-9
0.9400000000000001	1.8967878315087556e-9
0.9500000000000001	1.8958798587772567e-9
0.9600000000000001	1.89515777172392e-9
0.97	1.8944325245803924e-9
0.98	1.893514766956888e-9
0.99	1.892606225332308e-9
1.	1.8916128707982504e-9
1.01	1.8905345948066506e-9
1.02	1.8895967650491223e-9
1.03	1.8887897627646343e-9
1.04	1.8880391457288258e-9
1.05	1.8872120722554544e-9
1.06	1.88635020552725e-9
1.07	1.8854250665594873e-9
1.08	1.884572876922526e-9
1.09	1.8839679140469642e-9
1.1	1.8833758711328137e-9
1.11	1.882631084650028e-9
1.12	1.8817233707383488e-9
1.1300000000000001	1.8809574905044245e-9
1.1400000000000001	1.880202804790744e-9
1.1500000000000001	1.8794045755590874e-9
1.1600000000000001	1.8786632017518585e-9
1.1700000000000002	1.877955217135236e-9
1.1800000000000002	1.8772777520200247e-9
1.1900000000000002	1.876744813735365e-9
1.2000000000000002	1.8758581401115525e-9
1.2100000000000002	1.875074478309006e-9
1.2200000000000002	1.874179023236302e-9
1.2300000000000002	1.8732887399403194e-9
1.2400000000000002	1.8724669642183853e-9
1.2500000000000002	1.8716947770733816e-9
1.2600000000000002	1.871015155511236e-9
1.2700000000000002	1.870374676433541e-9
1.2800000000000002	1.8696761390453842e-9
1.2900000000000003	1.8688648805971457e-9
1.3000000000000003	1.868244840889787e-9
1.31	1.8675539843831215e-9
1.32	1.86678712405632e-9
1.33	1.8659840476145164e-9
1.34	1.8651192943524687e-9
1.35	1.8643702084964182e-9
1.36	1.8637758418323503e-9
1.37	1.8631962850874212e-9
1.3800000000000001	1.8625081980108797e-9
1.3900000000000001	1.8618610649169582e-9
1.4000000000000001	1.8610858230537242e-9
1.4100000000000001	1.860386198196012e-9
1.4200000000000002	1.8595860748535607e-9
1.4300000000000002	1.8589142717155698e-9
1.4400000000000002	1.8583549510764358e-9
1.4500000000000002	1.8578072042437496e-9
1.4600000000000002	1.8573511875338097e-9
1.4700000000000002	1.8568082171917862e-9
1.4800000000000002	1.8560797843164103e-9
1.4900000000000002	1.8556587767400687e-9
1.5000000000000002	1.855013742156672e-9
1.5100000000000002	1.8543986398696563e-9
1.5200000000000002	1.8536740577910158e-9
1.5300000000000002	1.8530194896057732e-9
1.5400000000000003	1.8522978263256858e-9
1.5500000000000003	1.8516776592904435e-9
1.5600000000000003	1.8513139487014998e-9
1.5700000000000003	1.8508856432565503e-9
1.5800000000000003	1.8504756303929432e-9
1.5900000000000003	1.8499823744778916e-9
1.6000000000000003	1.8494798357625088e-9
1.61	1.8488690971659047e-9
1.62	1.8481622743523722e-9
1.6300000000000001	1.8474332881032195e-9
1.6400000000000001	1.8468241723537319e-9
1.6500000000000001	1.8462254293212791e-9
1.6600000000000001	1.8456760680349897e-9
1.6700000000000002	1.8451095727042598e-9
1.6800000000000002	1.84451954033017e-9
1.6900000000000002	1.8440388560674213e-9
1.7000000000000002	1.8435244230121642e-9
1.7100000000000002	1.843083105419653e-9
1.7200000000000002	1.8426823704020967e-9
1.7300000000000002	1.8422608986307488e-9
1.7400000000000002	1.8417551573049444e-9
1.7500000000000002	1.8411627198900464e-9
1.7600000000000002	1.8405616438453585e-9
1.7700000000000002	1.8399242355895094e-9
1.7800000000000002	1.8393319184746336e-9
1.7900000000000003	1.8387156427665135e-9
1.8000000000000003	1.8382634120261784e-9
1.81	1.837713012183542e-9
1.82	1.8372280119529371e-9
1.83	1.8368933679586396e-9
1.84	1.8364998811518557e-9
1.85	1.836152607507386e-9
1.86	1.8358080397436216e-9
1.87	1.8354191489164079e-9
1.8800000000000001	1.83487320034389e-9
1.8900000000000001	1.8345634866017094e-9
1.9000000000000001	1.8339978012302885e-9
1.9100000000000001	1.8336408031788914e-9
1.9200000000000002	1.8331396376372762e-9
1.9300000000000002	1.8327032109162414e-9
1.9400000000000002	1.832211450800792e-9
1.9500000000000002	1.8316488903665851e-9
1.9600000000000002	1.8310615566827475e-9
1.9700000000000002	1.830639081542674e-9
1.9800000000000002	1.830280915827479e-9
1.9900000000000002	1.8299695227866203e-9
2.	1.8296113750668369e-9
2.0100000000000002	1.8292555310066415e-9
2.02	1.8288944734345878e-9
2.0300000000000002	1.828562567777021e-9
2.04	1.8281608994265435e-9
2.0500000000000003	1.82771374483501e-9
2.06	1.827224387148346e-9
2.0700000000000003	1.8268461229468717e-9
2.08	1.8262920294998153e-9
2.0900000000000003	1.8258187657181253e-9
2.1	1.825440017370976e-9
2.11	1.8249015117590987e-9
2.1199999999999997	1.8244974021387057e-9
2.13	1.824064315301417e-9
2.1399999999999997	1.823551576010582e-9
2.15	1.823077005256313e-9
2.1599999999999997	1.822666499716111e-9
2.17	1.8222798790962623e-9
2.1799999999999997	1.821939481833276e-9
2.19	1.8216371704527399e-9
2.1999999999999997	1.8212919296308234e-9
2.21	1.8210726164955923e-9
2.2199999999999998	1.8207994956264744e-9
2.23	1.8204895583428668e-9
2.2399999999999998	1.8209086767836862e-9
2.25	1.819613699856954e-9
2.26	1.8191986199225026e-9
2.27	1.8188606218643104e-9
2.28	1.8184670684219299e-9
2.29	1.8179499526460934e-9
2.3	1.8176876232310526e-9
2.31	1.8171729821716286e-9
2.32	1.8167701711553294e-9
2.33	1.8164233080573259e-9
2.34	1.816089676634347e-9
2.35	1.8157021055018253e-9
2.36	1.8153906505290737e-9
2.37	1.815079466595104e-9
2.38	1.8148310195927434e-9
2.39	1.8145172364262273e-9
2.4	1.8142071322960566e-9
2.41	1.8138777413233111e-9
2.42	1.8135637015767014e-9
2.43	1.8132042539706787e-9
2.44	1.8126957572453609e-9
2.45	1.8123274753903603e-9
2.46	1.811885141208678e-9
2.47	1.8116041011052211e-9
2.48	1.8111235649416756e-9
2.49	1.8107600077702899e-9
2.5	1.81023679927273e-9