0.0001   3.22437106293726e-9
0.0002   3.0963637034194656e-9
0.0003   3.021761959075345e-9
0.0004   2.971919417375255e-9
0.0005   2.93459111024527e-9
0.0006   2.904471558326665e-9
0.0007   2.8797474616468727e-9
0.0008   2.857805956981028e-9
0.0009   2.8382608940500997e-9
0.001   2.8187485678421303e-9
0.0011   2.8021668549235745e-9
0.0012   2.789616814492338e-9
0.0013   2.7738117274539687e-9
0.0014   2.762716883069927e-9
0.0015   2.7507276307844936e-9
0.0016   2.7384834492110063e-9
0.0017   2.7310024391517952e-9
0.0018   2.7193641885270625e-9
0.0019   2.7108517864817026e-9
0.002   2.70435654820855e-9
0.0021   2.694071212526411e-9
0.0022   2.686272904069994e-9
0.0023   2.680577987578076e-9
0.0024   2.6743948574007206e-9
0.0025   2.665234162574824e-9
0.0026   2.658911271459174e-9
0.0027   2.654248596301211e-9
0.0028   2.649539925514616e-9
0.0029   2.6418611964219217e-9
0.003   2.635496260031169e-9
0.0031   2.6307145258617267e-9
0.0032   2.6271688069487896e-9
0.0033   2.6229750921172195e-9
0.0034   2.6164672845185486e-9
0.0035   2.610698573851274e-9
0.0036   2.6062962219554145e-9
0.0037   2.6028235152576125e-9
0.0038   2.599809897189349e-9
0.0039   2.5960324194357265e-9
0.004   2.590493947039814e-9
0.0041   2.585231713548779e-9
0.0042   2.581466246618726e-9
0.0043   2.578155689862342e-9
0.0044   2.5754761507682228e-9
0.0045   2.572948497379406e-9
0.0046   2.5695545028503054e-9
0.0047   2.564870730227845e-9
0.0048   2.560141343194158e-9
0.0049   2.5568196830258334e-9
0.005   2.5537193885558106e-9
0.0051   2.5512213825817913e-9
0.0052   2.5489534331889005e-9
0.0053   2.546792158271651e-9
0.0054   2.5439132402320367e-9
0.0055   2.540271790917839e-9
0.0056   2.535944917861661e-9
0.0057   2.532554896737084e-9
0.0058   2.5298360909884496e-9
0.0059   2.5272201842761696e-9
0.006   2.5251651224005224e-9
0.0061   2.5232204900423692e-9
0.0062   2.5213832591452832e-9
0.0063   2.5192757850194778e-9
0.0064   2.516567659466827e-9
0.0065   2.5132893543134238e-9
0.0066   2.5096536506466714e-9
0.0067   2.506741430945428e-9
0.0068   2.5047385530559006e-9
0.0069   2.502722229791882e-9
0.007   2.50091274721349e-9
0.0071   2.4994674499453737e-9
0.0072   2.4980322140758237e-9
0.0073   2.4966649964690078e-9
0.0074   2.4950659426727863e-9
0.0075   2.4930074020983023e-9
0.0076   2.4906923163340474e-9
0.0077   2.487739306094732e-9
0.0078   2.484947069557089e-9
0.0079   2.482691988905046e-9
0.008   2.4809742998358085e-9
0.0081   2.479077480709325e-9
0.0082   2.4773868686704116e-9
0.0083   2.4759893896416925e-9
0.0084   2.4747296391327336e-9
0.0085   2.4734626605953547e-9
0.0086   2.4722959300845524e-9
0.0087   2.4710065036342063e-9
0.0088   2.4692948723505287e-9
0.0089   2.4674637640654176e-9
0.009   2.465199206480612e-9
0.0091   2.462609925575801e-9
0.0092   2.4603843519772006e-9
0.0093   2.4584945486929252e-9
0.0094   2.4569732580210445e-9
0.0095   2.4555249126889863e-9
0.0096   2.453999737362934e-9
0.0097   2.4527283704444425e-9
0.0098   2.4515657122535388e-9
0.0099   2.450554869513993e-9
0.01   2.449473620574477e-9
0.0101   2.4484896807704463e-9
0.0102   2.447428212436322e-9
0.0103   2.446165091743379e-9
0.0104   2.4446413845980037e-9
0.0105   2.443076091317912e-9
0.0106   2.4410728982810424e-9
0.0107   2.4388823935782798e-9
0.0108   2.4369070798857062e-9
0.0109   2.435170648945825e-9
0.011   2.4336562964845818e-9
0.0111   2.4323992741889335e-9
0.0112   2.4310966471128226e-9
0.0113   2.4297610696762147e-9
0.0114   2.428579982155934e-9
0.0115   2.4275733705819907e-9
0.0116   2.4266099348005746e-9
0.0117   2.425664132260798e-9
0.0118   2.4247086565558294e-9
0.0119   2.4238029385555608e-9
0.012   2.4229184230286066e-9
0.0121   2.421800940543978e-9
0.0122   2.4205850321182613e-9
0.0123   2.4192081934002437e-9
0.0124   2.4177198607577665e-9
0.0125   2.415969681613108e-9
0.0126   2.4141118439245667e-9
0.0127   2.412254543236975e-9
0.0128   2.410613009762722e-9
0.0129   2.4090944895459717e-9
0.013   2.40790555515981e-9
0.0131   2.4066965056833976e-9
0.0132   2.405512326804701e-9
0.0133   2.4042946542562752e-9
0.0134   2.403136159716311e-9
0.0135   2.4021485589014953e-9
0.0136   2.401195487361115e-9
0.0137   2.4003659508352233e-9
0.0138   2.399464395587905e-9
0.0139   2.398603618909309e-9
0.014   2.3977485231171585e-9
0.0141   2.3968839514936786e-9
0.0142   2.395921904976556e-9
0.0143   2.394894434221375e-9
0.0144   2.393638407949201e-9
0.0145   2.392456198891047e-9
0.0146   2.391195205289287e-9
0.0147   2.3895892312528878e-9
0.0148   2.387981617150941e-9
0.0149   2.3864424186647708e-9
0.015   2.384954417761066e-9
0.0151   2.383702011718673e-9
0.0152   2.3824250716665363e-9
0.0153   2.381380550074848e-9
0.0154   2.3804004619935873e-9
0.0155   2.379425525157656e-9
0.0156   2.378442383936468e-9
0.0157   2.377472154968605e-9
0.0158   2.376591489203675e-9
0.0159   2.3757656416941684e-9
0.016   2.3749905033141066e-9
0.0161   2.3742836578829304e-9
0.0162   2.373564481320317e-9
0.0163   2.372873717773688e-9
0.0164   2.3721673961248636e-9
0.0165   2.371558278834103e-9
0.0166   2.3708209586202582e-9
0.0167   2.370083460365308e-9
0.0168   2.3692909244825415e-9
0.0169   2.3683647493742603e-9
0.017   2.3673386081420022e-9
0.0171   2.3663645239968887e-9
0.0172   2.365314807889297e-9
0.0173   2.363995819353023e-9
0.0174   2.3627284765468684e-9
0.0175   2.3613371458586917e-9
0.0176   2.3600869745494394e-9
0.0177   2.3589451204394854e-9
0.0178   2.357790705932022e-9
0.0179   2.3568301804582916e-9
0.018   2.356128557464129e-9
0.0181   2.3552071765097354e-9
0.0182   2.3543576650838624e-9
0.0183   2.3535309746198974e-9
0.0184   2.3525280037477164e-9
0.0185   2.3516584727317037e-9
0.0186   2.350864427928791e-9
0.0187   2.3500432932422302e-9
0.0188   2.349382254452328e-9
0.0189   2.3487648514438946e-9
0.019   2.3481142061988172e-9
0.0191   2.3474225734821696e-9
0.0192   2.346693977205551e-9
0.0193   2.346081973336605e-9
0.0194   2.345445830408753e-9
0.0195   2.3447645266101495e-9
0.0196   2.344151226830043e-9
0.0197   2.3434215718416435e-9
0.0198   2.3425906552299674e-9
0.0199   2.3417108215873738e-9
0.02   2.3408468625799965e-9
0.0201   2.33980985016613e-9
0.0202   2.3388449048146e-9
0.0203   2.3377243931614214e-9
0.0204   2.3365615154103973e-9
0.0205   2.3353576913384704e-9
0.0206   2.3341766391944558e-9
0.0207   2.332983079693154e-9
0.0208   2.3318922297187992e-9
0.0209   2.33089591736917e-9
0.021   2.3299532621747317e-9
0.0211   2.3290772107975566e-9
0.0212   2.3283156880860154e-9
0.0213   2.3275840708156713e-9
0.0214   2.3269378607159006e-9
0.0215   2.3261719354034057e-9
0.0216   2.3254273628546972e-9
0.0217   2.324644345514553e-9
0.0218   2.323856003191697e-9
0.0219   2.3231754471611013e-9
0.022   2.3225867557873048e-9
0.0221   2.3219656235419703e-9
0.0222   2.3214566688635934e-9
0.0223   2.3209112686816256e-9
0.0224   2.3203753894698394e-9
0.0225   2.3197861921583186e-9
0.0226   2.3192928293605974e-9
0.0227   2.31871474982111e-9
0.0228   2.3183135303454396e-9
0.0229   2.317710353651019e-9
0.023   2.317241861450583e-9
0.0231   2.316747737901141e-9
0.0232   2.3161211018879157e-9
0.0233   2.315460023628634e-9
0.0234   2.314771263406273e-9
0.0235   2.3140150970247384e-9
0.0236   2.31341984720418e-9
0.0237   2.312662306559513e-9
0.0238   2.3120658261884863e-9
0.0239   2.311156561274587e-9
0.024   2.310279589986064e-9
0.0241   2.3092406677728225e-9
0.0242   2.308343218531304e-9
0.0243   2.3073451811232438e-9
0.0244   2.3065834374393616e-9
0.0245   2.3056699708801123e-9
0.0246   2.3047480460048853e-9
0.0247   2.304211131302674e-9
0.0248   2.3032842927185566e-9
0.0249   2.3029187041222e-9
0.025   2.302326959532574e-9
0.0251   2.301574078589603e-9
0.0252   2.300998853848326e-9
0.0253   2.300371035646599e-9
0.0254   2.299698619009339e-9
0.0255   2.299147341258855e-9
0.0256   2.298572479907689e-9
0.0257   2.2979481138703677e-9
0.0258   2.2973731878872503e-9
0.0259   2.2968956741552336e-9
0.026   2.2966252149640988e-9
0.0261   2.29595968736929e-9
0.0262   2.2958048077832072e-9
0.0263   2.2952239726649985e-9
0.0264   2.294724863970829e-9
0.0265   2.294431468255905e-9
0.0266   2.2940329049786755e-9
0.0267   2.293374536884843e-9
0.0268   2.2929849282418056e-9
0.0269   2.2925691730791375e-9
0.027   2.292169044349969e-9
0.0271   2.291717380489745e-9
0.0272   2.2913376326203866e-9
0.0273   2.2907646263882273e-9
0.0274   2.290455198385299e-9
0.0275   2.289725208648579e-9
0.0276   2.2895357172333516e-9
0.0277   2.2886839415437756e-9
0.0278   2.288403874885195e-9
0.0279   2.2876327857515215e-9
0.028   2.2867460351631374e-9
0.0281   2.286412563818505e-9
0.0282   2.285890291391565e-9
0.0283   2.2851796761273306e-9
0.0284   2.2837437518398844e-9
0.0285   2.282923388024148e-9
0.0286   2.282288155318417e-9
0.0287   2.281496191602076e-9
0.0288   2.2808377036267683e-9
0.0289   2.2798954739852853e-9
0.029   2.2792313920820574e-9
0.0291   2.2788361299236122e-9
0.0292   2.277844648519176e-9
0.0293   2.277447354705133e-9
0.0294   2.2769378732536786e-9
0.0295   2.2762794981966526e-9
0.0296   2.2759383844925272e-9
0.0297   2.275404621776648e-9
0.0298   2.2749636806088087e-9
0.0299   2.27445959644935e-9
0.03   2.2738905241081968e-9
0.0301   2.2733116762007345e-9
0.0302   2.2732713836721987e-9
0.0303   2.2723452450494213e-9
0.0304   2.2719154113444346e-9
0.0305   2.2717197480358204e-9
0.0306   2.2712263029463655e-9
0.0307   2.2709092590174347e-9
0.0308   2.2704849690900163e-9
0.0309   2.2703038412585574e-9
0.031   2.269699018443251e-9
0.0311   2.2696216195770564e-9
0.0312   2.269070504862472e-9
0.0313   2.2688136806250652e-9
0.0314   2.268542071135218e-9
0.0315   2.267905427407541e-9
0.0316   2.2681444082508095e-9
0.0317   2.2673818774176312e-9
0.0318   2.2670057008391754e-9
0.0319   2.2670395187748764e-9
0.032   2.2665850492585445e-9
0.0321   2.2659808186966454e-9
0.0322   2.265636929758391e-9
0.0323   2.2652019256377254e-9
0.0324   2.2648242767489594e-9
0.0325   2.264094710328281e-9
0.0326   2.2635807082263467e-9
0.0327   2.2632555346396995e-9
0.0328   2.2629123775974174e-9
0.0329   2.2624908189228206e-9
0.033   2.2620128018149168e-9
0.0331   2.261680553159702e-9
0.0332   2.260605268967068e-9
0.0333   2.2603777307290063e-9
0.0334   2.259714040541228e-9
0.0335   2.258584038956684e-9
0.0336   2.258587703737223e-9
0.0337   2.2581608503884877e-9
0.0338   2.257190177520501e-9
0.0339   2.256837359450976e-9
0.034   2.2558437613738756e-9
0.0341   2.2557676784980765e-9
0.0342   2.254636312712022e-9
0.0343   2.2546863435683377e-9
0.0344   2.2538280054830945e-9
0.0345   2.253502728495255e-9
0.0346   2.2525071700458603e-9
0.0347   2.2534448155455588e-9
0.0348   2.252026280725337e-9
0.0349   2.2512204058489248e-9
0.035   2.25070015261777e-9
0.0351   2.2511187420124268e-9
0.0352   2.250665261014242e-9
0.0353   2.2501374961630357e-9
0.0354   2.2494461780566743e-9
0.0355   2.2490434062409526e-9
0.0356   2.2482481425198225e-9
0.0357   2.2486303141716317e-9
0.0358   2.247279015674574e-9
0.0359   2.247672484129185e-9
0.036   2.247138525175098e-9
0.0361   2.2470221770353815e-9
0.0362   2.2466603000507524e-9
0.0363   2.246597791276277e-9
0.0364   2.245768909828637e-9
0.0365   2.246260978279035e-9
0.0366   2.2450733384607327e-9
0.0367   2.245446244152272e-9
0.0368   2.2443677144489005e-9
0.0369   2.2445500016064568e-9
0.037   2.243897014570871e-9
0.0371   2.2436703275403813e-9
0.0372   2.242850417184112e-9
0.0373   2.2435259839593342e-9
0.0374   2.2428587121111817e-9
0.0375   2.2426073365837657e-9
0.0376   2.2424157978375436e-9
0.0377   2.2417707938845793e-9
0.0378   2.2414093506168458e-9
0.0379   2.241428893183049e-9
0.038   2.240979547630309e-9
0.0381   2.2407659676744578e-9
0.0382   2.2398057729204727e-9
0.0383   2.239776659224478e-9
0.0384   2.2390434925185393e-9
0.0385   2.239562979059379e-9
0.0386   2.239050986401061e-9
0.0387   2.2382386158187124e-9
0.0388   2.2375672646593685e-9
0.0389   2.2381176162173153e-9
0.039   2.2371686422294017e-9
0.0391   2.2367062522874127e-9
0.0392   2.236423231267392e-9
0.0393   2.2359964925401017e-9
0.0394   2.2345117684074273e-9
0.0395   2.2344562037414795e-9
0.0396   2.2337407863256726e-9
0.0397   2.2327884771984525e-9
0.0398   2.2323696908654153e-9
0.0399   2.2321166901720725e-9
0.04   2.2323093306360467e-9
0.0401   2.2313609671097528e-9
0.0402   2.231247513078772e-9
0.0403   2.2299772088602824e-9
0.0404   2.2299386525033763e-9
0.0405   2.2299847573263123e-9
0.0406   2.229932257851538e-9
0.0407   2.229068945532462e-9
0.0408   2.228484738550739e-9
0.0409   2.227403335156327e-9
0.041   2.2276641307512054e-9
0.0411   2.2274136826917703e-9
0.0412   2.226487888098853e-9
0.0413   2.2264068221874012e-9
0.0414   2.226419676977805e-9
0.0415   2.225383773721085e-9
0.0416   2.225803259445945e-9
0.0417   2.2245079615101677e-9
0.0418   2.2244894758268963e-9
0.0419   2.225125397168566e-9
0.042   2.224121428506526e-9
0.0421   2.2235489017879094e-9
0.0422   2.2234383514779722e-9
0.0423   2.223392067015206e-9
0.0424   2.2225587389294178e-9
0.0425   2.2223894776443455e-9
0.0426   2.2221339250107088e-9
0.0427   2.2219496589998736e-9
0.0428   2.221104474902409e-9
0.0429   2.2216614665440093e-9
0.043   2.2209895750782993e-9
0.0431   2.221174553421985e-9
0.0432   2.220950642457803e-9
0.0433   2.2201272221874707e-9
0.0434   2.2193910435309327e-9
0.0435   2.2192970897292055e-9
0.0436   2.2194874064587658e-9
0.0437   2.218437687583311e-9
0.0438   2.2186024553332872e-9
0.0439   2.2192165750875954e-9
0.044   2.217866368548922e-9
0.0441   2.218173028036785e-9
0.0442   2.216980459696524e-9
0.0443   2.2172363330200704e-9
0.0444   2.2165924064403236e-9
0.0445   2.2171137436470543e-9
0.0446   2.2165658506039203e-9
0.0447   2.2163690832963477e-9
0.0448   2.215874230689722e-9
0.0449   2.2155513991140464e-9
0.045   2.2155046216730005e-9
0.0451   2.2150874648911797e-9
0.0452   2.2139350360672133e-9
0.0453   2.213857494288705e-9
0.0454   2.2134164866205667e-9
0.0455   2.2126770325588142e-9
0.0456   2.2120122418928773e-9
0.0457   2.2131417446697038e-9
0.0458   2.2118002750523707e-9
0.0459   2.2117610656142613e-9
0.046   2.2106516132598195e-9
0.0461   2.2105380721242155e-9
0.0462   2.209865591692958e-9
0.0463   2.2107516950286645e-9
0.0464   2.2087214798143953e-9
0.0465   2.2086865829590213e-9
0.0466   2.20916036611062e-9
0.0467   2.2082162020198945e-9
0.0468   2.2071804593293515e-9
0.0469   2.207345127799282e-9
0.047   2.2062623305649607e-9
0.0471   2.2069034804631195e-9
0.0472   2.2060430282882213e-9
0.0473   2.2056793742941986e-9
0.0474   2.2057625052508317e-9
0.0475   2.2043858441598795e-9
0.0476   2.204634754702372e-9
0.0477   2.2048204988950203e-9
0.0478   2.2051099333452346e-9
0.0479   2.2032982113680162e-9
0.048   2.204251473390408e-9
0.0481   2.202883098424631e-9
0.0482   2.2031795725518396e-9
0.0483   2.203108119754753e-9
0.0484   2.202896880342662e-9
0.0485   2.202009466281666e-9
0.0486   2.202081846353633e-9
0.0487   2.2021755713471338e-9
0.0488   2.201511331146218e-9
0.0489   2.2010298820418508e-9
0.049   2.201368450585211e-9
0.0491   2.200987762446404e-9
0.0492   2.2003480573272473e-9
0.0493   2.2002412975144528e-9
0.0494   2.20007539038074e-9
0.0495   2.199813076762978e-9
0.0496   2.1999081918883418e-9
0.0497   2.20056829869232e-9
0.0498   2.199388731609619e-9
0.0499   2.1984058635043563e-9
0.05   2.1986256646641596e-9
0.0501   2.1992332682041263e-9
0.0502   2.199162955374391e-9
0.0503   2.1986564743243436e-9
0.0504   2.1977600546348705e-9
0.0505   2.1971711137488623e-9
0.0506   2.1971393595793127e-9
0.0507   2.1978376817321513e-9
0.0508   2.1966174261790403e-9
0.0509   2.196718556329842e-9
0.051   2.1960235618703755e-9
0.0511   2.195944242695695e-9
0.0512   2.1957767832055914e-9
0.0513   2.1953919867711813e-9
0.0514   2.1960685525116733e-9
0.0515   2.1958179222847806e-9
0.0516   2.1946158585173803e-9
0.0517   2.195141851419082e-9
0.0518   2.1942784275834376e-9
0.0519   2.193945896800596e-9
0.052   2.1943327664648372e-9
0.0521   2.19445243878457e-9
0.0522   2.193055329521402e-9
0.0523   2.193049642666095e-9
0.0524   2.193880798459573e-9
0.0525   2.193409796039688e-9
0.0526   2.1921414331259604e-9
0.0527   2.193154756902425e-9
0.0528   2.1924061481922107e-9
0.0529   2.191341139757917e-9
0.053   2.1906395179863873e-9
0.0531   2.190741939349446e-9
0.0532   2.190571259604781e-9
0.0533   2.190936495995874e-9
0.0534   2.189753393640272e-9
0.0535   2.1902323500062164e-9
0.0536   2.1898364161954636e-9
0.0537   2.1891598918428993e-9
0.0538   2.189419830959163e-9
0.0539   2.1881732668300865e-9
0.054   2.1886367370348734e-9
0.0541   2.1875019036406807e-9
0.0542   2.187264396432312e-9
0.0543   2.1871740393864464e-9
0.0544   2.1866722064148805e-9
0.0545   2.1870826315848112e-9
0.0546   2.187263227107287e-9
0.0547   2.185812642559767e-9
0.0548   2.186374306508613e-9
0.0549   2.1850334139046084e-9
0.055   2.185105358276346e-9
0.0551   2.1858728183699436e-9
0.0552   2.1840793052552393e-9
0.0553   2.183628309678915e-9
0.0554   2.1838049199069958e-9
0.0555   2.1831373613692157e-9
0.0556   2.182978586135076e-9
0.0557   2.1832491418533778e-9
0.0558   2.182143892366229e-9
0.0559   2.1823489095770397e-9
0.056   2.183159722839368e-9
0.0561   2.1826634098842316e-9
0.0562   2.181849856346683e-9
0.0563   2.1822008850831018e-9
0.0564   2.181517501084783e-9
0.0565   2.1819513944997518e-9
0.0566   2.1813022138060355e-9
0.0567   2.1816852312038276e-9
0.0568   2.1805378260508272e-9
0.0569   2.1811574346826983e-9
0.057   2.1810072467373296e-9
0.0571   2.180800454883577e-9
0.0572   2.1800060692276928e-9
0.0573   2.1803038438416527e-9
0.0574   2.1805404841650646e-9
0.0575   2.180280076889588e-9
0.0576   2.180169732055891e-9
0.0577   2.17962304757713e-9
0.0578   2.178888881405044e-9
0.0579   2.17854598172298e-9
0.058   2.178331104287332e-9
0.0581   2.178446630193271e-9
0.0582   2.179325081023363e-9
0.0583   2.1777613479997062e-9
0.0584   2.1781079519155326e-9
0.0585   2.1773357801670256e-9
0.0586   2.177278642853707e-9
0.0587   2.1776431804701195e-9
0.0588   2.1767402197221523e-9
0.0589   2.176617804578101e-9
0.059   2.176473367384668e-9
0.0591   2.1770344442818556e-9
0.0592   2.176177679261338e-9
0.0593   2.176298515299343e-9
0.0594   2.175702667435005e-9
0.0595   2.1751728099161487e-9
0.0596   2.1754777445757963e-9
0.0597   2.175148794240287e-9
0.0598   2.1752992462656293e-9
0.0599   2.174121711012961e-9
0.06   2.1752277698746308e-9
0.0601   2.1822670062592828e-9
0.0602   2.1820171625231243e-9
0.0603   2.1817899736290124e-9
0.0604   2.1815285269541455e-9
0.0605   2.1812907718436916e-9
0.0606   2.181027392028104e-9
0.0607   2.18080695860794e-9
0.0608   2.1806041659456837e-9
0.0609   2.1803189308054466e-9
0.061   2.180069753199563e-9
0.0611   2.1798084590207248e-9
0.0612   2.1795572331432567e-9
0.0613   2.179307110083621e-9
0.0614   2.1790587157852362e-9
0.0615   2.1788405432808314e-9
0.0616   2.178572418042325e-9
0.0617   2.178282669120565e-9
0.0618   2.178071172494735e-9
0.0619   2.177794265884437e-9
0.062   2.177554894788189e-9
0.0621   2.177228683487398e-9
0.0622   2.17697040667726e-9
0.0623   2.176722838455568e-9
0.0624   2.1764213673625366e-9
0.0625   2.1761041775880877e-9
0.0626   2.1758386554879837e-9
0.0627   2.1755424897545526e-9
0.0628   2.1752492243992076e-9
0.0629   2.1749535522451482e-9
0.063   2.1746959696148204e-9
0.0631   2.1744439847679585e-9
0.0632   2.1741795193340087e-9
0.0633   2.1739160116879035e-9
0.0634   2.17365405134787e-9
0.0635   2.17339232435276e-9
0.0636   2.173155490651031e-9
0.0637   2.1728682596959535e-9
0.0638   2.17261342219913e-9
0.0639   2.1723222505792627e-9
0.064   2.172014677550244e-9
0.0641   2.171721714140155e-9
0.0642   2.1714436177257415e-9
0.0643   2.1711600670065813e-9
0.0644   2.170852560708366e-9
0.0645   2.170583064261017e-9
0.0646   2.1703071429219032e-9
0.0647   2.170019320110045e-9
0.0648   2.1697706528274707e-9
0.0649   2.1695541855394915e-9
0.065   2.169296664912188e-9
0.0651   2.169065372386882e-9
0.0652   2.1688535765821607e-9
0.0653   2.16862572005569e-9
0.0654   2.1684327897871325e-9
0.0655   2.1682652071655605e-9
0.0656   2.168072935069303e-9
0.0657   2.167901458813426e-9
0.0658   2.167728571425458e-9
0.0659   2.1675793169145997e-9
0.066   2.1674405720159558e-9
0.0661   2.1672918223423903e-9
0.0662   2.1671406666787337e-9
0.0663   2.1670042821160646e-9
0.0664   2.1668788972153986e-9
0.0665   2.1667670920039993e-9
0.0666   2.166661406802795e-9
0.0667   2.1665779611165236e-9
0.0668   2.1664490486005876e-9
0.0669   2.1663260305974475e-9
0.067   2.1662182511301383e-9
0.0671   2.1661242904719118e-9
0.0672   2.166015542090163e-9
0.0673   2.165935987778035e-9
0.0674   2.1657966926935077e-9
0.0675   2.1656815575825525e-9
0.0676   2.1655561222790536e-9
0.0677   2.1654464291745708e-9
0.0678   2.16531521615591e-9
0.0679   2.165153148661459e-9
0.068   2.1650050966096247e-9
0.0681   2.1648726869142408e-9
0.0682   2.1646960495147144e-9
0.0683   2.164504324606003e-9
0.0684   2.1643352659232956e-9
0.0685   2.164193609827945e-9
0.0686   2.164000160439722e-9
0.0687   2.163832259246119e-9
0.0688   2.1636449792840285e-9
0.0689   2.1634621226863185e-9
0.069   2.163281179795766e-9
0.0691   2.1631058741811093e-9
0.0692   2.1629382614818065e-9
0.0693   2.1627321603497193e-9
0.0694   2.1625378427310395e-9
0.0695   2.162349332061376e-9
0.0696   2.1621473939338966e-9
0.0697   2.161950823044302e-9
0.0698   2.161738525035394e-9
0.0699   2.161526415186445e-9
0.07   2.161326745327092e-9
0.0701   2.161107090147167e-9
0.0702   2.160899050740194e-9
0.0703   2.160689833185454e-9
0.0704   2.160461267306053e-9
0.0705   2.1602217559559655e-9
0.0706   2.1600249721848373e-9
0.0707   2.1597579188415102e-9
0.0708   2.1595211293739375e-9
0.0709   2.1593068968237914e-9
0.071   2.1590423791860074e-9
0.0711   2.158812843414325e-9
0.0712   2.1585767914737478e-9
0.0713   2.1583283215281338e-9
0.0714   2.1581449298933413e-9
0.0715   2.1578830449468927e-9
0.0716   2.157680147196552e-9
0.0717   2.1574475426209925e-9
0.0718   2.1572056855037108e-9
0.0719   2.1569840863783786e-9
0.072   2.1567583984083434e-9
0.0721   2.156553824499411e-9
0.0722   2.156367307395503e-9
0.0723   2.156162630210743e-9
0.0724   2.1559332147913598e-9
0.0725   2.1557366221731003e-9
0.0726   2.1555231275113937e-9
0.0727   2.155336620612349e-9
0.0728   2.155109534166228e-9
0.0729   2.154945236744215e-9
0.073   2.1547038680818075e-9
0.0731   2.1545484830902715e-9
0.0732   2.154302814593307e-9
0.0733   2.1541265517471453e-9
0.0734   2.1539671038278023e-9
0.0735   2.1537602103151547e-9
0.0736   2.1535351342630465e-9
0.0737   2.1533532300265235e-9
0.0738   2.1531550241249894e-9
0.0739   2.152949865085251e-9
0.074   2.1527710675910836e-9
0.0741   2.152584602961248e-9
0.0742   2.152398520254234e-9
0.0743   2.1522435819392805e-9
0.0744   2.1520977251194405e-9
0.0745   2.1519285527639686e-9
0.0746   2.1517964584736e-9
0.0747   2.1516469897727898e-9
0.0748   2.151516711315828e-9
0.0749   2.1513539760922205e-9
0.075   2.1511761226071365e-9
0.0751   2.151030053368441e-9
0.0752   2.1508456550528313e-9
0.0753   2.1507024850077935e-9
0.0754   2.1505178176117355e-9
0.0755   2.150330314998043e-9
0.0756   2.1501630518467974e-9
0.0757   2.1499495807522974e-9
0.0758   2.149798310677177e-9
0.0759   2.1496358557361273e-9
0.076   2.149482034179777e-9
0.0761   2.149316461121942e-9
0.0762   2.149153171166511e-9
0.0763   2.149015386241325e-9
0.0764   2.1488297646280897e-9
0.0765   2.148662480459871e-9
0.0766   2.148507255072463e-9
0.0767   2.1483789910405856e-9
0.0768   2.1482447017960455e-9
0.0769   2.1481322618400296e-9
0.077   2.1479677872782042e-9
0.0771   2.1478442850404196e-9
0.0772   2.1477658685513275e-9
0.0773   2.147632497038168e-9
0.0774   2.1475190498446908e-9
0.0775   2.147388773435547e-9
0.0776   2.1473375217319486e-9
0.0777   2.147175252306611e-9
0.0778   2.1470776895581435e-9
0.0779   2.1470008034877256e-9
0.078   2.1468482460184e-9
0.0781   2.146762938053619e-9
0.0782   2.1467192541127643e-9
0.0783   2.1466425286420575e-9
0.0784   2.146545367395492e-9
0.0785   2.1464641609558034e-9
0.0786   2.1463431000016105e-9
0.0787   2.1462600609290895e-9
0.0788   2.1461559096581293e-9
0.0789   2.1460484086611137e-9
0.079   2.145914677842682e-9
0.0791   2.145800435253716e-9
0.0792   2.1456771619347533e-9
0.0793   2.1455466811444784e-9
0.0794   2.145452100908622e-9
0.0795   2.1453159702482222e-9
0.0796   2.145154602939351e-9
0.0797   2.145033991790591e-9
0.0798   2.1448682247979675e-9
0.0799   2.1447222194578596e-9
0.08   2.1445734037233455e-9
0.0801   2.144386969473815e-9
0.0802   2.1442340720502282e-9
0.0803   2.144072748751426e-9
0.0804   2.143882908612823e-9
0.0805   2.1436689522548852e-9
0.0806   2.1434883397868675e-9
0.0807   2.143302677316157e-9
0.0808   2.1431315463302143e-9
0.0809   2.142942213485183e-9
0.081   2.1427535584758267e-9
0.0811   2.1425401503777266e-9
0.0812   2.142357823151724e-9
0.0813   2.142158599606666e-9
0.0814   2.1419564916447632e-9
0.0815   2.1417899579937546e-9
0.0816   2.1416050428217172e-9
0.0817   2.141377496090505e-9
0.0818   2.14118258665479e-9
0.0819   2.1410010958556794e-9
0.082   2.1407659189369437e-9
0.0821   2.1405856191856898e-9
0.0822   2.1403756883603266e-9
0.0823   2.1401749049354223e-9
0.0824   2.1399677770450503e-9
0.0825   2.1397724973518445e-9
0.0826   2.1395098461051987e-9
0.0827   2.1393472400671242e-9
0.0828   2.1391586341663555e-9
0.0829   2.1389016491320702e-9
0.083   2.1387196064003775e-9
0.0831   2.138501377900503e-9
0.0832   2.1383207947359578e-9
0.0833   2.138090143117933e-9
0.0834   2.137878044291925e-9
0.0835   2.137635054763961e-9
0.0836   2.137421135240675e-9
0.0837   2.1372028263107344e-9
0.0838   2.137000832985635e-9
0.0839   2.136799035445894e-9
0.084   2.1365956593603705e-9
0.0841   2.136383077348682e-9
0.0842   2.1361801251187637e-9
0.0843   2.135990046698721e-9
0.0844   2.1358297918980525e-9
0.0845   2.135641257473059e-9
0.0846   2.135434025985444e-9
0.0847   2.135247895701768e-9
0.0848   2.135066028326166e-9
0.0849   2.134849097351938e-9
0.085   2.1347116991442793e-9
0.0851   2.134491854374341e-9
0.0852   2.1343567757505885e-9
0.0853   2.1341456516844797e-9
0.0854   2.134021642120478e-9
0.0855   2.1338750085419283e-9
0.0856   2.133666729950042e-9
0.0857   2.133521433813726e-9
0.0858   2.1334089466248186e-9
0.0859   2.1332261112471186e-9
0.086   2.1330335808200493e-9
0.0861   2.1328914560224048e-9
0.0862   2.132729968682532e-9
0.0863   2.1326048207416963e-9
0.0864   2.1324552615481755e-9
0.0865   2.132309340179498e-9
0.0866   2.1321576299353234e-9
0.0867   2.132000059775111e-9
0.0868   2.1318279827945745e-9
0.0869   2.131672599981752e-9
0.087   2.1315137909068323e-9
0.0871   2.131366715910129e-9
0.0872   2.131249203492012e-9
0.0873   2.1311082612648078e-9
0.0874   2.1309692581378317e-9
0.0875   2.1308409588453222e-9
0.0876   2.1307198606760804e-9
0.0877   2.1306108698397212e-9
0.0878   2.13049856766847e-9
0.0879   2.1303677317092463e-9
0.088   2.1302689355129746e-9
0.0881   2.130147540902265e-9
0.0882   2.1300500009611372e-9
0.0883   2.1299137636652108e-9
0.0884   2.1298229917343383e-9
0.0885   2.129660682208412e-9
0.0886   2.129532587787594e-9
0.0887   2.129437064402467e-9
0.0888   2.1292531113557596e-9
0.0889   2.129123799636514e-9
0.089   2.1289584668987775e-9
0.0891   2.1288552890534836e-9
0.0892   2.128711724626211e-9
0.0893   2.1285553236906737e-9
0.0894   2.128425614782713e-9
0.0895   2.128273127001507e-9
0.0896   2.128129219202376e-9
0.0897   2.1279961725270523e-9
0.0898   2.127874510798607e-9
0.0899   2.127737051949704e-9
0.09   2.127618753622289e-9
0.0901   2.127479278312079e-9
0.0902   2.1273467389273805e-9
0.0903   2.1271906052878176e-9
0.0904   2.127072888767445e-9
0.0905   2.1269878155568756e-9
0.0906   2.126841286026845e-9
0.0907   2.1266806874272573e-9
0.0908   2.126606534335692e-9
0.0909   2.1264657886362592e-9
0.091   2.1263525369069123e-9
0.0911   2.1262494006004446e-9
0.0912   2.126114212010698e-9
0.0913   2.1260280597200093e-9
0.0914   2.1258690826434586e-9
0.0915   2.125775945536346e-9
0.0916   2.1256549986345774e-9
0.0917   2.1255260449785862e-9
0.0918   2.125426804964376e-9
0.0919   2.1252805573153257e-9
0.092   2.125164096518931e-9
0.0921   2.1250614049279274e-9
0.0922   2.124964497816678e-9
0.0923   2.1248327173834363e-9
0.0924   2.1246996385318685e-9
0.0925   2.1245879992755658e-9
0.0926   2.1244567374285088e-9
0.0927   2.12435842593539e-9
0.0928   2.124216980200281e-9
0.0929   2.1240871937126152e-9
0.093   2.1239382603710456e-9
0.0931   2.123798348022035e-9
0.0932   2.1236532817926455e-9
0.0933   2.123476697162243e-9
0.0934   2.1233226132591494e-9
0.0935   2.1231740222109573e-9
0.0936   2.123045910924875e-9
0.0937   2.1228664700218214e-9
0.0938   2.1227065273693486e-9
0.0939   2.1225131787209997e-9
0.094   2.122336036834657e-9
0.0941   2.1221692796672493e-9
0.0942   2.122002085758301e-9
0.0943   2.121812810264555e-9
0.0944   2.121632520162331e-9
0.0945   2.121418159828172e-9
0.0946   2.1212367353083465e-9
0.0947   2.1210358164976974e-9
0.0948   2.1208376103455814e-9
0.0949   2.1206419213521294e-9
0.095   2.120461643974492e-9
0.0951   2.1202588872290427e-9
0.0952   2.1200929575719534e-9
0.0953   2.1198491467290748e-9
0.0954   2.1197038244071874e-9
0.0955   2.1195174542545577e-9
0.0956   2.1192829474747337e-9
0.0957   2.1191185357132652e-9
0.0958   2.1189530950953903e-9
0.0959   2.11878203065016e-9
0.096   2.1185847956231643e-9
0.0961   2.1183949487697422e-9
0.0962   2.1182242714755078e-9
0.0963   2.1180474189697774e-9
0.0964   2.1178558536610425e-9
0.0965   2.1176721420542354e-9
0.0966   2.117507037796276e-9
0.0967   2.1173205678602688e-9
0.0968   2.117166946250085e-9
0.0969   2.116980570317732e-9
0.097   2.1168160413156596e-9
0.0971   2.116646577251542e-9
0.0972   2.116487643004408e-9
0.0973   2.1163329298599326e-9
0.0974   2.1161601388588076e-9
0.0975   2.116023990431515e-9
0.0976   2.1158523266454974e-9
0.0977   2.115663384596803e-9
0.0978   2.115552662620745e-9
0.0979   2.1153536902072053e-9
0.098   2.115193309723642e-9
0.0981   2.1150163529642055e-9
0.0982   2.1148931092093137e-9
0.0983   2.1147436027288353e-9
0.0984   2.1145644996001826e-9
0.0985   2.1144195847526667e-9
0.0986   2.114233571334469e-9
0.0987   2.1141002220739673e-9
0.0988   2.113973938378123e-9
0.0989   2.113783574358887e-9
0.099   2.1136501136305155e-9
0.0991   2.113559883699168e-9
0.0992   2.113374099338289e-9
0.0993   2.113264353362991e-9
0.0994   2.113069292352013e-9
0.0995   2.112945271910939e-9
0.0996   2.112818321296348e-9
0.0997   2.1127068149667108e-9
0.0998   2.1125374756867045e-9
0.0999   2.1124380389155134e-9
0.1   2.112276979003963e-9
0.11   2.100041043806564e-9
0.12   2.0867988709792677e-9
0.13   2.075754956876106e-9
0.14   2.065999450667401e-9
0.15   2.0565128645432766e-9
0.16   2.0481154767108154e-9
0.17   2.0400059587438527e-9
0.18   2.03227422091343e-9
0.19   2.024841521979315e-9
0.2   2.0178001884205508e-9
0.21   2.0117423732961612e-9
0.22   2.0052585157839533e-9
0.23   1.999761104748299e-9
0.24   1.994223023630567e-9
0.25   1.9887292120585726e-9
0.26   1.983672066411667e-9
0.27   1.9779953053633313e-9
0.28   1.973693229023038e-9
0.29   1.968224957055744e-9
0.3   1.9641319487574028e-9
0.31   1.9598777984283976e-9
0.32   1.955326500909396e-9
0.33   1.9515181833044373e-9
0.34   1.947477162743614e-9
0.35   1.9429326870104045e-9
0.36   1.9395601051914317e-9
0.37   1.9361043926192375e-9
0.38   1.932380859006292e-9
0.39   1.929098456493155e-9
0.4   1.926329396250226e-9
0.41   1.9230300450641787e-9
0.42   1.9195821359364766e-9
0.43   1.9165749745053117e-9
0.44   1.9138962844936985e-9
0.45   1.910822088097716e-9
0.46   1.908027364713766e-9
0.47   1.9055244990459353e-9
0.48   1.9031245863134346e-9
0.49   1.9002282589665804e-9
0.5   1.897318441690215e-9
0.51   1.8946156497725283e-9
0.52   1.8922255033802785e-9
0.53   1.889906312478027e-9
0.54   1.887278392059134e-9
0.55   1.8851318817315076e-9
0.56   1.8830099261073757e-9
0.57   1.8808524117954468e-9
0.58   1.8783104823299262e-9
0.59   1.875682192325296e-9
0.6   1.8733450014803712e-9
0.61   1.871495360665829e-9
0.62   1.869787461775313e-9
0.63   1.868110947029529e-9
0.64   1.8660702242488245e-9
0.65   1.86414551105805e-9
0.66   1.8622938994984105e-9
0.67   1.8602421304218817e-9
0.68   1.8581745125720543e-9
0.69   1.8561328805637568e-9
0.7   1.8541696510217164e-9
0.71   1.8526857916109582e-9
0.72   1.8514930209932518e-9
0.73   1.8501563897703682e-9
0.74   1.8483872542381438e-9
0.75   1.8463965053525311e-9
0.76   1.8441267148431027e-9
0.77   1.8420997651348443e-9
0.78   1.840417436604638e-9
0.79   1.8392216731991884e-9
0.8   1.8380573027508058e-9
0.81   1.8368371745466095e-9
0.82   1.835713355457337e-9
0.83   1.834360741048553e-9
0.84   1.8329364649994596e-9
0.85   1.8314404475390578e-9
0.86   1.82995035159493e-9
0.87   1.8284227073329024e-9
0.88   1.8268071404467113e-9
0.89   1.8253181350437356e-9
0.9   1.824056719529411e-9
0.91   1.8229051759390636e-9
0.92   1.821895194525351e-9
0.93   1.8209515130377423e-9
0.94   1.8199289722083602e-9
0.95   1.8188179166710927e-9
0.96   1.817396684217548e-9
0.97   1.8158517024399227e-9
0.98   1.8144002596987762e-9
0.99   1.8128391905161363e-9
1.   1.811355223367989e-9
1.01   1.8100201814754792e-9
1.02   1.8088048838793617e-9
1.03   1.8076811196501104e-9
1.04   1.8067329616391274e-9
1.05   1.8057318414046406e-9
1.06   1.804844328105303e-9
1.07   1.8040415075270174e-9
1.08   1.8032032894700896e-9
1.09   1.8021493791555488e-9
1.1   1.8009969121246655e-9
1.11   1.7998084626327765e-9
1.12   1.7985600562267212e-9
1.13   1.7972857227566185e-9
1.14   1.7960515042488815e-9
1.15   1.7948888149316292e-9
1.16   1.7938502980507415e-9
1.17   1.7929301532911953e-9
1.18   1.792014787925413e-9
1.19   1.7910467071875762e-9
1.2   1.7900967020197147e-9
1.21   1.7892065548568578e-9
1.22   1.7883286092745165e-9
1.23   1.7873471427867445e-9
1.24   1.7863395736294506e-9
1.25   1.7853064046581158e-9
1.26   1.7841465949580635e-9
1.27   1.783014653487245e-9
1.28   1.7818055803423943e-9
1.29   1.780624307128869e-9
1.3   1.779556654340258e-9
1.31   1.778571881450086e-9
1.32   1.7777583271478733e-9
1.33   1.7771338486987227e-9
1.34   1.7764782657286643e-9
1.35   1.7757707272233022e-9
1.36   1.7751223252427546e-9
1.37   1.7744715506516434e-9
1.38   1.7737952131615556e-9
1.39   1.773125070873317e-9
1.4   1.7723866862975587e-9
1.41   1.771551181536341e-9
1.42   1.7707179312131306e-9
1.43   1.7697280246786857e-9
1.44   1.7686766970073378e-9
1.45   1.767548246711194e-9
1.46   1.7662465812990882e-9
1.47   1.765000665988403e-9
1.48   1.7637625912402919e-9
1.49   1.7627332505053372e-9
1.5   1.761842702648119e-9
1.51   1.7610199927997476e-9
1.52   1.7602417197444607e-9
1.53   1.7595089304146715e-9
1.54   1.7588573950370827e-9
1.55   1.7582198091241794e-9
1.56   1.7576736035068021e-9
1.57   1.757148767811238e-9
1.58   1.7566746782089545e-9
1.59   1.7561489383652486e-9
1.6   1.7556423461857663e-9
1.61   1.7550637333850268e-9
1.62   1.7545159812999887e-9
1.63   1.7538321200987338e-9
1.64   1.7530978232748255e-9
1.65   1.7521993616483607e-9
1.66   1.7512373202045222e-9
1.67   1.7502570890999873e-9
1.68   1.7492812807464524e-9
1.69   1.7482970702968193e-9
1.7   1.7473405958613235e-9
1.71   1.7464543269263176e-9
1.72   1.745630077891875e-9
1.73   1.7447642539940153e-9
1.74   1.7439139635132769e-9
1.75   1.7431184144235824e-9
1.76   1.7423450606974233e-9
1.77   1.741612125047124e-9
1.78   1.7409918464750494e-9
1.79   1.740358812426166e-9
1.8   1.7397538744037303e-9
1.81   1.7392428607105601e-9
1.82   1.7387786649102085e-9
1.83   1.7383193077641549e-9
1.84   1.7378925557180953e-9
1.85   1.7374682357074074e-9
1.86   1.7370405907383689e-9
1.87   1.7365221447137552e-9
1.88   1.7360106383156694e-9
1.89   1.7354286448325327e-9
1.9   1.734790776049518e-9
1.91   1.7341599900037067e-9
1.92   1.733572811296772e-9
1.93   1.7329339804921113e-9
1.94   1.7323354927351775e-9
1.95   1.7316956341291453e-9
1.96   1.73102707394117e-9
1.97   1.7303006979860877e-9
1.98   1.7296042761474267e-9
1.99   1.728829205596151e-9
2.   1.72807184456345e-9
2.01   1.7272599402193586e-9
2.02   1.7264886129252216e-9
2.03   1.7257201562192016e-9
2.04   1.7249377740223362e-9
2.05   1.7242326495229339e-9
2.06   1.723490743240497e-9
2.07   1.722839394367716e-9
2.08   1.722234755579345e-9
2.09   1.7216774532959212e-9
2.1   1.7212182541482064e-9
2.11   1.7207191795247511e-9
2.12   1.7202160684589221e-9
2.13   1.7197098995359068e-9
2.14   1.7192722778896065e-9
2.15   1.7187813553212932e-9
2.16   1.7183230195159038e-9
2.17   1.7178501545269091e-9
2.18   1.7174374164842865e-9
2.19   1.7170282293545723e-9
2.2   1.7166573678568712e-9
2.21   1.7162757212467243e-9
2.22   1.715931113019499e-9
2.23   1.7155352318816391e-9
2.24   1.7150914293032954e-9
2.25   1.7145580546088464e-9
2.26   1.714019825666592e-9
2.27   1.713486710967803e-9
2.28   1.7128701390894312e-9
2.29   1.7122549640580473e-9
2.3   1.711580853922478e-9
2.31   1.7108903820836906e-9
2.32   1.7102369203090647e-9
2.33   1.7095523437312542e-9
2.34   1.7088436838143415e-9
2.35   1.7081908979447057e-9
2.36   1.707519713593207e-9
2.37   1.7068405059344057e-9
2.38   1.706247906830295e-9
2.39   1.7056387005949487e-9
2.4   1.7050775971809847e-9
2.41   1.7045434619549354e-9
2.42   1.7040010952439371e-9
2.43   1.7034473365949235e-9
2.44   1.7028760979616558e-9
2.45   1.7022886029236189e-9
2.46   1.701755928540299e-9
2.47   1.7012731803665406e-9
2.48   1.700809242596016e-9
2.49   1.7003646538626536e-9
2.5   1.699944500155191e-9
2.51   1.6995417493192325e-9
2.52   1.6991931489041772e-9
2.53   1.698884068911657e-9
2.54   1.6985650293703297e-9
2.55   1.6982395868098158e-9
2.56   1.6979352693765391e-9
2.57   1.6975943306116668e-9
2.58   1.6972223353143272e-9
2.59   1.6968504508831056e-9
2.6   1.6965149883794424e-9
2.61   1.6961331745638076e-9
2.62   1.69576287013641e-9
2.63   1.6954265633674583e-9
2.64   1.6950336777936787e-9
2.65   1.6946065598666306e-9
2.66   1.6941871811865428e-9
2.67   1.693693461638117e-9
2.68   1.6932257707866419e-9
2.69   1.6927289903090397e-9
2.7   1.6922774326314526e-9
2.71   1.6917600385435648e-9
2.72   1.691302428564974e-9
2.73   1.6907867067839724e-9
2.74   1.6902835849722661e-9
2.75   1.689700460803961e-9
2.76   1.6891275235208809e-9
2.77   1.6885240429527164e-9
2.78   1.687949741453162e-9
2.79   1.6873239109314738e-9
2.8   1.6867176322348167e-9
2.81   1.6861020500851202e-9
2.82   1.6855352149475103e-9
2.83   1.6850079360151348e-9
2.84   1.6845023797355427e-9
2.85   1.6840294035399474e-9
2.86   1.6835955480411845e-9
2.87   1.6832335576758129e-9
2.88   1.6828236540710433e-9
2.89   1.6824622966811912e-9
2.9   1.682156783814338e-9
2.91   1.6818124187046275e-9
2.92   1.6814977506344098e-9
2.93   1.681172984039099e-9
2.94   1.68085521947823e-9
2.95   1.6804537746389639e-9
2.96   1.6800848914416022e-9
2.97   1.6797837606114537e-9
2.98   1.6794392373553264e-9
2.99   1.6791283617804572e-9
3.   1.6787926219861161e-9
3.01   1.6785079898848957e-9
3.02   1.6781853208257407e-9
3.03   1.677844103503648e-9
3.04   1.6775379811232477e-9
3.05   1.6771906891875284e-9
3.06   1.6768695636584814e-9
3.07   1.6765965875325346e-9
3.08   1.676346135145562e-9
3.09   1.6760602638039466e-9
3.1   1.6758112576972055e-9
3.11   1.6755584915755694e-9
3.12   1.6752669616546537e-9
3.13   1.6749668276388264e-9
3.14   1.6746282665745264e-9
3.15   1.674262556801415e-9
3.16   1.6738622381847262e-9
3.17   1.6734383449322416e-9
3.18   1.6730087561615135e-9
3.19   1.6725214891580171e-9
3.2   1.6720792239934327e-9
3.21   1.6715411251761774e-9
3.22   1.6710311607219417e-9
3.23   1.6705199982886697e-9
3.24   1.6700531746418912e-9
3.25   1.669528942352851e-9
3.26   1.669061161729019e-9
3.27   1.6685467577183973e-9
3.28   1.6681039070490633e-9
3.29   1.6676118011044033e-9
3.3   1.6671800240700439e-9
3.31   1.6667438961778198e-9
3.32   1.6662965256494284e-9
3.33   1.6659143117568217e-9
3.34   1.6654724115218306e-9
3.35   1.6650681396457257e-9
3.36   1.6646881392439906e-9
3.37   1.664325753013067e-9
3.38   1.6639460402750795e-9
3.39   1.6635914438536943e-9
3.4   1.6632803286333139e-9
3.41   1.662998924373203e-9
3.42   1.6627153351721973e-9
3.43   1.662465876295415e-9
3.44   1.6621562645528108e-9
3.45   1.6618736460877658e-9
3.46   1.6615595449617532e-9
3.47   1.6612523111937901e-9
3.48   1.6609321382396014e-9
3.49   1.660632537817131e-9
3.5   1.6603465090715656e-9
3.51   1.6601075892110519e-9
3.52   1.6598030004107427e-9
3.53   1.6595732264267553e-9
3.54   1.6593464008228786e-9
3.55   1.659086890715057e-9
3.56   1.6588469123916953e-9
3.57   1.6585752036959571e-9
3.58   1.6583630288390819e-9
3.59   1.6581036907743686e-9
3.6   1.6578550529775418e-9
3.61   1.657571641686633e-9
3.62   1.6573598443243884e-9
3.63   1.6571137822254818e-9
3.64   1.6568384465249774e-9
3.65   1.6566057285918335e-9
3.66   1.6563109051238358e-9
3.67   1.656027936949375e-9
3.68   1.6557685272268098e-9
3.69   1.6555028295865583e-9
3.7   1.6552302175242625e-9
3.71   1.6549375984888884e-9
3.72   1.6546237722353866e-9
3.73   1.6542883247508908e-9
3.74   1.6539361380910185e-9
3.75   1.6535837728512902e-9
3.76   1.6531966029656075e-9
3.77   1.65280363794174e-9
3.78   1.6524353816435531e-9
3.79   1.6520121951821993e-9
3.8   1.6515668519985022e-9
3.81   1.6511129234787584e-9
3.82   1.6506865340337945e-9
3.83   1.6502247983516635e-9
3.84   1.6497763435670269e-9
3.85   1.6493416896578319e-9
3.86   1.648933662183332e-9
3.87   1.6485217480840013e-9
3.88   1.648134327441749e-9
3.89   1.647807340607676e-9
3.9   1.647441940100859e-9
3.91   1.6471157640467898e-9
3.92   1.6467586622879487e-9
3.93   1.646424782247383e-9
3.94   1.6461005661781135e-9
3.95   1.6457523559046962e-9
3.96   1.6454759564910394e-9
3.97   1.6451427378136987e-9
3.98   1.6448380108841654e-9
3.99   1.6445538328833485e-9
4.   1.6442939765433393e-9
4.01   1.6440388679838583e-9
4.02   1.6437897897029136e-9
4.03   1.6435469710407112e-9
4.04   1.6432932990801427e-9
4.05   1.6430562706753026e-9
4.06   1.642789029122687e-9
4.07   1.6425639917800267e-9
4.08   1.64230906934065e-9
4.09   1.6420789362051243e-9
4.1   1.6418278558636235e-9
4.11   1.6415806936854782e-9
4.12   1.6413406202231902e-9
4.13   1.641110828535203e-9
4.14   1.6408507715609102e-9
4.15   1.6406388139373128e-9
4.16   1.6403838749389235e-9
4.17   1.6401768306796322e-9
4.18   1.6399640587729033e-9
4.19   1.6397650043316207e-9
4.2   1.6395598468386917e-9
4.21   1.6393437427931136e-9
4.22   1.6391910231347831e-9
4.23   1.6389700918611987e-9
4.24   1.6388005713807752e-9
4.25   1.6385880076932851e-9
4.26   1.6383835844789697e-9
4.27   1.6381772455794812e-9
4.28   1.6379504156148202e-9
4.29   1.6377793639353394e-9
4.3   1.6375410733984167e-9
4.31   1.6373203731352483e-9
4.32   1.6371099745661408e-9
4.33   1.6368452237356157e-9
4.34   1.636605140601293e-9
4.35   1.6363318926582491e-9
4.36   1.6360558435328165e-9
4.37   1.6357905547009296e-9
4.38   1.6354871093192273e-9
4.39   1.635213339656002e-9
4.4   1.6349222614216558e-9
4.41   1.6346451479267579e-9
4.42   1.634349215391345e-9
4.43   1.6340636000970648e-9
4.44   1.6337656564238558e-9
4.45   1.633412413581532e-9
4.46   1.633116391088157e-9
4.47   1.6327789575713385e-9
4.48   1.6323931732184301e-9
4.49   1.6320264783201385e-9
4.5   1.6316611578663543e-9
4.51   1.631271022339574e-9
4.52   1.6308798164258583e-9
4.53   1.630510283568917e-9
4.54   1.6301095248464946e-9
4.55   1.629751507923562e-9
4.56   1.629432515836476e-9
4.57   1.62909639215444e-9
4.58   1.6287488667278616e-9
4.59   1.6284425580014126e-9
4.6   1.62817851512231e-9
4.61   1.6278925189003208e-9
4.62   1.6276546898234671e-9
4.63   1.6273629609568612e-9
4.64   1.6271415494738266e-9
4.65   1.6268894224134796e-9
4.66   1.626664252478417e-9
4.67   1.6264280689903026e-9
4.68   1.6262472966388523e-9
4.69   1.6260166743511352e-9
4.7   1.6258120169837873e-9
4.71   1.6255892884588321e-9
4.72   1.625385817643793e-9
4.73   1.6251862708905248e-9
4.74   1.6249709071823072e-9
4.75   1.6247435512794313e-9
4.76   1.6245243881504643e-9
4.77   1.6243118628918724e-9
4.78   1.62412769859501e-9
4.79   1.6239107774607952e-9
4.8   1.6237222786591525e-9
4.81   1.62352240407703e-9
4.82   1.6233124553165762e-9
4.83   1.6231240341870905e-9
4.84   1.6229263413702517e-9
4.85   1.622751903645296e-9
4.86   1.6225706780392935e-9
4.87   1.6223625767516995e-9
4.88   1.6221960991003878e-9
4.89   1.6220247215991584e-9
4.9   1.621858274669136e-9
4.91   1.6217186632368817e-9
4.92   1.6215590490213461e-9
4.93   1.621416482507344e-9
4.94   1.621238164185662e-9
4.95   1.621052813570226e-9
4.96   1.6208723850791841e-9
4.97   1.620722437460384e-9
4.98   1.620520271536886e-9
4.99   1.6203589979841994e-9
5.   1.620208643507877e-9
5.01   1.62004302930538e-9
5.02   1.6198963506119081e-9
5.03   1.6197225693154865e-9
5.04   1.6195151591104594e-9
5.05   1.6193776020328947e-9
5.06   1.6192177332131394e-9
5.07   1.6190295810557713e-9
5.08   1.6188363264544135e-9
5.09   1.6186854230178893e-9
5.1   1.6184749747664876e-9
5.11   1.618255503455865e-9
5.12   1.6180652961395836e-9
5.13   1.617852364731284e-9
5.14   1.6175991553162354e-9
5.15   1.6173795193494599e-9
5.16   1.6171755200626778e-9
5.17   1.6169248305244245e-9
5.18   1.6166801155794107e-9
5.19   1.616439184809625e-9
5.2   1.6161970048390127e-9
5.21   1.6159455746339947e-9
5.22   1.6156971867003478e-9
5.23   1.6154392070194428e-9
5.24   1.6151686144244246e-9
5.25   1.6149094188648343e-9
5.26   1.6146558146999218e-9
5.27   1.6143359826339444e-9
5.28   1.6140397041260131e-9
5.29   1.6137255234105067e-9
5.3   1.6134111531739616e-9
5.31   1.6130804345744393e-9
5.32   1.6127895076846942e-9
5.33   1.6124987357450466e-9
5.34   1.6121968128391036e-9
5.35   1.611889091138929e-9
5.36   1.6115882499748259e-9
5.37   1.611304609048957e-9
5.38   1.6110105129479143e-9
5.39   1.6107455293161892e-9
5.4   1.6104619184391885e-9
5.41   1.6102171402045005e-9
5.42   1.6099567115227896e-9
5.43   1.6097332720887045e-9
5.44   1.6095000947298982e-9
5.45   1.609296503171897e-9
5.46   1.6090913875776992e-9
5.47   1.6088931309993116e-9
5.48   1.6087036761465068e-9
5.49   1.6084984022162237e-9
5.5   1.6082963058586353e-9
5.51   1.6081210388150287e-9
5.52   1.6079277908689782e-9
5.53   1.6077606150481311e-9
5.54   1.6075314823004012e-9
5.55   1.607350463107851e-9
5.56   1.6071961408285214e-9
5.57   1.6070014935002416e-9
5.58   1.6068070195932963e-9
5.59   1.6066486982266733e-9
5.6   1.6064685690706688e-9
5.61   1.6062700954565892e-9
5.62   1.606080769905739e-9
5.63   1.6059229554220253e-9
5.64   1.6057492696149867e-9
5.65   1.6055329834735861e-9
5.66   1.6053710630457156e-9
5.67   1.6051670521920963e-9
5.68   1.6050013469748394e-9
5.69   1.6048216995698067e-9
5.7   1.6046476340806352e-9
5.71   1.6044899964783072e-9
5.72   1.604352797284461e-9
5.73   1.6042244393069182e-9
5.74   1.6040955986742498e-9
5.75   1.603914285978859e-9
5.76   1.6037685032667233e-9
5.77   1.603648263245647e-9
5.78   1.6034936745363518e-9
5.79   1.6033809474431529e-9
5.8   1.6032530810923434e-9
5.81   1.6031281777957216e-9
5.82   1.6029401017743461e-9
5.83   1.6027860575311734e-9
5.84   1.6026359726018821e-9
5.85   1.6025948015775333e-9
5.86   1.6023429392574277e-9
5.87   1.6021743403843825e-9
5.88   1.6020516465551898e-9
5.89   1.6018965355496431e-9
5.9   1.601745311717578e-9
5.91   1.6015940969181135e-9
5.92   1.6014435751361228e-9
5.93   1.60130006538815e-9
5.94   1.601181966912736e-9
5.95   1.601020033586327e-9
5.96   1.6008878640169268e-9
5.97   1.6007261215795616e-9
5.98   1.6005702864934633e-9
5.99   1.6004019612493918e-9
6.   1.6002453402815448e-9
6.01   1.6000847230064473e-9
6.02   1.5999258327612156e-9
6.03   1.599718612928161e-9
6.04   1.599523651533748e-9
6.05   1.5993510372142813e-9
6.06   1.59913093423311e-9
6.07   1.5989532775066715e-9
6.08   1.5987739416149961e-9
6.09   1.5985265448398223e-9
6.1   1.5983473871211103e-9
6.11   1.5981453260757737e-9
6.12   1.5979372589443064e-9
6.13   1.5977239752439585e-9
6.14   1.597497711428221e-9
6.15   1.5972762725304814e-9
6.16   1.5970319974338459e-9
6.17   1.5968169158290915e-9
6.18   1.5965827563608652e-9
6.19   1.5963067691443763e-9
6.2   1.5960973961208208e-9
6.21   1.5958289114399829e-9
6.22   1.5956058582596962e-9
6.23   1.5953732410711309e-9
6.24   1.5950909529479993e-9
6.25   1.5948316127044094e-9
6.26   1.5945803829953194e-9
6.27   1.5943189826051393e-9
6.28   1.5940630763533183e-9
6.29   1.5937981784653818e-9
6.3   1.5935123688786012e-9
6.31   1.5932797626493307e-9
6.32   1.5930096864100921e-9
6.33   1.59278603889124e-9
6.34   1.5925193879938386e-9
6.35   1.592302514597118e-9
6.36   1.592086025000727e-9
6.37   1.591881130599288e-9
6.38   1.591685221593543e-9
6.39   1.5915017578893667e-9
6.4   1.5913040338382029e-9
6.41   1.591101854825966e-9
6.42   1.5909422119939832e-9
6.43   1.5907551929463492e-9
6.44   1.5905653567033633e-9
6.45   1.5903992872727507e-9
6.46   1.5902200261454151e-9
6.47   1.5900601840882576e-9
6.48   1.5898952847411002e-9
6.49   1.58977265426258e-9
6.5   1.5895974982531317e-9
6.51   1.5894490820201185e-9
6.52   1.5892674673208093e-9
6.53   1.5891432854265334e-9
6.54   1.5889537574062544e-9
6.55   1.58881943864134e-9
6.56   1.5886581512024352e-9
6.57   1.5884942881581068e-9
6.58   1.5883430443322867e-9
6.59   1.5882071723650612e-9
6.6   1.5880631756767843e-9
6.61   1.5879194164853815e-9
6.62   1.5877550192872318e-9
6.63   1.5875986653234898e-9
6.64   1.5874352731192731e-9
6.65   1.587283750885058e-9
6.66   1.5871565645849926e-9
6.67   1.5870133042328862e-9
6.68   1.5868649379802087e-9
6.69   1.5867474379871895e-9
6.7   1.5865915071038119e-9
6.71   1.5864960201603207e-9
6.72   1.5863595729276249e-9
6.73   1.5862394048437677e-9
6.74   1.5861215463031865e-9
6.75   1.5859945259365136e-9
6.76   1.5859013864704529e-9
6.77   1.5857865052589776e-9
6.78   1.585682520759512e-9
6.79   1.5855849196434295e-9
6.8   1.5854935285872364e-9
6.81   1.5853522481948634e-9
6.82   1.5852518352147823e-9
6.83   1.5851321173616818e-9
6.84   1.585031911275e-9
6.85   1.5849214829580447e-9
6.86   1.5847979669395122e-9
6.87   1.5846828016031772e-9
6.88   1.5845385318728563e-9
6.89   1.584437510536302e-9
6.9   1.5843246853297895e-9
6.91   1.5841881143353952e-9
6.92   1.5840744766060738e-9
6.93   1.5839634354208586e-9
6.94   1.5838529189924676e-9
6.95   1.5837465898282386e-9
6.96   1.5836310611448138e-9
6.97   1.583524122899917e-9
6.98   1.5833976705520536e-9
6.99   1.5832733154581921e-9
7.   1.5831667965673635e-9
7.01   1.5830480130603148e-9
7.02   1.5829546379768376e-9
7.03   1.582835674526889e-9
7.04   1.582690055665583e-9
7.05   1.5825352469951412e-9
7.06   1.5824293859881135e-9
7.07   1.5822755181534985e-9
7.08   1.5821673763639633e-9
7.09   1.581997313553202e-9
7.1   1.5818778525635827e-9
7.11   1.5817139004174716e-9
7.12   1.5815773667496427e-9
7.13   1.5814119826020742e-9
7.14   1.5812604009555525e-9
7.15   1.5811198530277955e-9
7.16   1.5809388677195578e-9
7.17   1.5807586413595129e-9
7.18   1.5805852890741476e-9
7.19   1.5804064874306982e-9
7.2   1.5802406553585063e-9
7.21   1.58006488297236e-9
7.22   1.5798659553115513e-9
7.23   1.5796961968776418e-9
7.24   1.5795185565929017e-9
7.25   1.5793417246664748e-9
7.26   1.5791382728155147e-9
7.27   1.5789792319575144e-9
7.28   1.5787748860729985e-9
7.29   1.5786228202915136e-9
7.3   1.5783958935749259e-9
7.31   1.578203883204865e-9
7.32   1.577988840381186e-9
7.33   1.577756096673715e-9
7.34   1.5775497931628856e-9
7.35   1.5773503062590162e-9
7.36   1.577104045041988e-9
7.37   1.57690504658447e-9
7.38   1.5766694266850727e-9
7.39   1.5764577552329349e-9
7.4   1.576267766743407e-9
7.41   1.5760504816630572e-9
7.42   1.5758333619766281e-9
7.43   1.5756315487142248e-9
7.44   1.5755248259715377e-9
7.45   1.5752309839948276e-9
7.46   1.5750253634804355e-9
7.47   1.5748157362158145e-9
7.48   1.5746432263883092e-9
7.49   1.5744735483702986e-9
7.5   1.574308255613525e-9
7.51   1.5741317375464528e-9
7.52   1.573998720793196e-9
7.53   1.573802213686684e-9
7.54   1.5736626283324592e-9
7.55   1.5735435161164456e-9
7.56   1.5733550882867266e-9
7.57   1.5732234135251397e-9
7.58   1.5730917358640457e-9
7.59   1.572941506292717e-9
7.6   1.5728063509935793e-9
7.61   1.5726763007564652e-9
7.62   1.572538438828227e-9
7.63   1.5723989040410301e-9
7.64   1.5722812669989444e-9
7.65   1.5721290804620692e-9
7.66   1.572008898843473e-9
7.67   1.5719072003919477e-9
7.68   1.5717727737920292e-9
7.69   1.571623262770909e-9
7.7   1.5715309576825635e-9
7.71   1.5713938141508325e-9
7.72   1.5712550441276152e-9
7.73   1.571152927160873e-9
7.74   1.5710023334874024e-9
7.75   1.570888534713712e-9
7.76   1.5707695635434927e-9
7.77   1.5706049963133434e-9
7.78   1.5704992592215336e-9
7.79   1.570346284133673e-9
7.8   1.570214054721151e-9
7.81   1.5700737595002079e-9
7.82   1.5699501983379537e-9
7.83   1.5698368815740693e-9
7.84   1.5697035986593451e-9
7.85   1.5695858631327327e-9
7.86   1.569451065300428e-9
7.87   1.5693383032236988e-9
7.88   1.5692177633490602e-9
7.89   1.5691121939154226e-9
7.9   1.5690162924522516e-9
7.91   1.5689090249088964e-9
7.92   1.568804299726026e-9
7.93   1.5686961360955457e-9
7.94   1.568587672573838e-9
7.95   1.5684847887003353e-9
7.96   1.5684081621563761e-9
7.97   1.568291579297734e-9
7.98   1.5682029446414933e-9
7.99   1.5680959014630155e-9
8.   1.5680081771406064e-9
8.01   1.5678802196941383e-9
8.02   1.5677705999917803e-9
8.03   1.5676957487584505e-9
8.04   1.5675912484566817e-9
8.05   1.567467643022586e-9
8.06   1.5673785450622837e-9
8.07   1.5672726947884908e-9
8.08   1.5671978556063106e-9
8.09   1.5670771477248952e-9
8.1   1.5669959593613887e-9
8.11   1.5668944426840328e-9
8.12   1.5667909507236929e-9
8.13   1.5666874396656218e-9
8.14   1.5665813433989531e-9
8.15   1.5664647353781864e-9
8.16   1.566380512270818e-9
8.17   1.5662850067878317e-9
8.18   1.5661517288525554e-9
8.19   1.5660411226376307e-9
8.2   1.5659684563468109e-9
8.21   1.5658449403022257e-9
8.22   1.5657429264248196e-9
8.23   1.5656308451854246e-9
8.24   1.565505874527586e-9
8.25   1.565435248389549e-9
8.26   1.565325642257205e-9
8.27   1.5652118331747114e-9
8.28   1.5651174454771378e-9
8.29   1.5650144627553402e-9
8.3   1.564904619448121e-9
8.31   1.56480794214438e-9
8.32   1.5646956485107437e-9
8.33   1.5645745920635448e-9
8.34   1.5644629492644628e-9
8.35   1.564314267560746e-9
8.36   1.564174643302431e-9
8.37   1.5640170067315537e-9
8.38   1.5638892436586353e-9
8.39   1.5637484771816695e-9
8.4   1.563635659005709e-9
8.41   1.5635114515466265e-9
8.42   1.5633652042249603e-9
8.43   1.5632090380697148e-9
8.44   1.563049498651256e-9
8.45   1.5629055227373636e-9
8.46   1.562776626496225e-9
8.47   1.5626234201944191e-9
8.48   1.5624671946620176e-9
8.49   1.562331372926766e-9
8.5   1.562145961060713e-9
8.51   1.562032342891703e-9
8.52   1.561845831080978e-9
8.53   1.5617061235035448e-9
8.54   1.5615281046144495e-9
8.55   1.5613838882112554e-9
8.56   1.561230806576231e-9
8.57   1.5610318968805951e-9
8.58   1.5608871153850202e-9
8.59   1.5607408163826702e-9
8.6   1.5605611656137413e-9
8.61   1.5603770913071178e-9
8.62   1.5602034182206065e-9
8.63   1.560021334451983e-9
8.64   1.5598298306942236e-9
8.65   1.5596424647859415e-9
8.66   1.559465180878706e-9
8.67   1.5592675841444879e-9
8.68   1.559070610013344e-9
8.69   1.5588960044092906e-9
8.7   1.5587040609083875e-9
8.71   1.5585021937312496e-9
8.72   1.5583353621414567e-9
8.73   1.5581747403223095e-9
8.74   1.5579683262441144e-9
8.75   1.5577789295930341e-9
8.76   1.557645522927064e-9
8.77   1.5574653966548553e-9
8.78   1.5572832950584886e-9
8.79   1.557172720728135e-9
8.8   1.5569945862295821e-9
8.81   1.5568425489133702e-9
8.82   1.5566828854303957e-9
8.83   1.5565323188080456e-9
8.84   1.5563741026588215e-9
8.85   1.5562535653956173e-9
8.86   1.5561144365556806e-9
8.87   1.5559923468165268e-9
8.88   1.5558567785894833e-9
8.89   1.555735970407821e-9
8.9   1.5555886760948926e-9
8.91   1.5554801579683125e-9
8.92   1.5553631294119445e-9
8.93   1.555219748221765e-9
8.94   1.5551148732578901e-9
8.95   1.5550219686839442e-9
8.96   1.5548913758228472e-9
8.97   1.5547923169294238e-9
8.98   1.5546676229554664e-9
8.99   1.5545730086180963e-9
9.   1.5544431983437632e-9
9.01   1.5543284084643412e-9
9.02   1.5542227611752654e-9
9.03   1.5541013071151421e-9
9.04   1.553995114092366e-9
9.05   1.553923680467805e-9
9.06   1.5537912681366701e-9
9.07   1.553671277689599e-9
9.08   1.5535758869974366e-9
9.09   1.5534565458116813e-9
9.1   1.5533328553485661e-9
9.11   1.5532624468086047e-9
9.12   1.5531201811089178e-9
9.13   1.5530306949738475e-9
9.14   1.5528819771644075e-9
9.15   1.5527916929840959e-9
9.16   1.5526445087276905e-9
9.17   1.5525567540950141e-9
9.18   1.552443290172572e-9
9.19   1.5523188402249314e-9
9.2   1.5522255806782144e-9
9.21   1.5521248939129302e-9
9.22   1.55200031835785e-9
9.23   1.5518996140092341e-9
9.24   1.5518001633051818e-9
9.25   1.5517014712638574e-9
9.26   1.5516146874256952e-9
9.27   1.5514939056522153e-9
9.28   1.5513773653344976e-9
9.29   1.5512870379770539e-9
9.3   1.5511907666442147e-9
9.31   1.5510965360144038e-9
9.32   1.551006033959207e-9
9.33   1.550922432329634e-9
9.34   1.550849467920825e-9
9.35   1.5507307438087305e-9
9.36   1.5506638024574592e-9
9.37   1.5505448507300175e-9
9.38   1.550476307237498e-9
9.39   1.550398556327155e-9
9.4   1.5503089347981604e-9
9.41   1.5502000717223009e-9
9.42   1.5501245932999026e-9
9.43   1.5500704815262077e-9
9.44   1.5499693969146033e-9
9.45   1.5498955122538472e-9
9.46   1.5498036018199304e-9
9.47   1.5497190985172763e-9
9.48   1.5496383910679453e-9
9.49   1.5495565575474485e-9
9.5   1.5494379185143896e-9
9.51   1.549374318945794e-9
9.52   1.5492776106570936e-9
9.53   1.5491899663040842e-9
9.54   1.5491127461025893e-9
9.55   1.5489835807740514e-9
9.56   1.548903402514732e-9
9.57   1.5488191062232695e-9
9.58   1.5487188510407926e-9
9.59   1.5486344181583445e-9
9.6   1.5485440368655255e-9
9.61   1.5484654397796224e-9
9.62   1.5483959017081314e-9
9.63   1.5482982881048349e-9
9.64   1.5482130778527653e-9
9.65   1.548117147850076e-9
9.66   1.548031475621027e-9
9.67   1.5479374248096206e-9
9.68   1.5478627231963632e-9
9.69   1.5477677831138118e-9
9.7   1.547682610736095e-9
9.71   1.5475679819003304e-9
9.72   1.5474788605532618e-9
9.73   1.5473845920828133e-9
9.74   1.5472983989357996e-9
9.75   1.5472066106398162e-9
9.76   1.5470868736600316e-9
9.77   1.547009184475262e-9
9.78   1.5469029423666208e-9
9.79   1.546811277204267e-9
9.8   1.5466889865487043e-9
9.81   1.5466014648730903e-9
9.82   1.5464698205422597e-9
9.83   1.5463568537784068e-9
9.84   1.5462380809543869e-9
9.85   1.5461209755920201e-9
9.86   1.5460016011207531e-9
9.87   1.5458744540802914e-9
9.88   1.5457512788303857e-9
9.89   1.5456388388140214e-9
9.9   1.545488085392394e-9
9.91   1.5453838476458044e-9
9.92   1.5452369113480474e-9
9.93   1.5451081434049885e-9
9.94   1.5449773513151363e-9
9.95   1.544850297154723e-9
9.96   1.5447028283097109e-9
9.97   1.5445564469184873e-9
9.98   1.5444266253922647e-9
9.99   1.5442927807685172e-9
10.   1.544159838996875e-9