0.0001   3.109353019482248e-9
0.0002   2.9979480374998684e-9
0.0003   2.9327001107548535e-9
0.0004   2.886648785081048e-9
0.0005   2.8531343199147486e-9
0.0006   2.8276964595993964e-9
0.0007   2.801472963430267e-9
0.0008   2.7809976754993415e-9
0.0009   2.7638777249719465e-9
0.001   2.7481920394300905e-9
0.0011   2.7335731677847267e-9
0.0012   2.7189186080854476e-9
0.0013   2.7085066777244024e-9
0.0014   2.6956443373544364e-9
0.0015   2.68712788445518e-9
0.0016   2.675071305582327e-9
0.0017   2.668746337766647e-9
0.0018   2.6592410332104673e-9
0.0019   2.6498264957492357e-9
0.002   2.644690746303015e-9
0.0021   2.6364859815214434e-9
0.0022   2.6280241906105354e-9
0.0023   2.6228516104622854e-9
0.0024   2.617984763746665e-9
0.0025   2.611015119383579e-9
0.0026   2.6043603642001467e-9
0.0027   2.600819422263149e-9
0.0028   2.5970102266891487e-9
0.0029   2.591392500079703e-9
0.003   2.5849744490844597e-9
0.0031   2.580456589105534e-9
0.0032   2.577344456551148e-9
0.0033   2.5745064333043984e-9
0.0034   2.5700505203102445e-9
0.0035   2.564119088089582e-9
0.0036   2.5601315615788875e-9
0.0037   2.556848995214951e-9
0.0038   2.55440121659778e-9
0.0039   2.551794154748295e-9
0.004   2.5475611507918395e-9
0.0041   2.5425150328454343e-9
0.0042   2.5386133685822915e-9
0.0043   2.5355170691520393e-9
0.0044   2.532996497698475e-9
0.0045   2.5308636864511666e-9
0.0046   2.5286705311423073e-9
0.0047   2.525273997032995e-9
0.0048   2.5209841242919266e-9
0.0049   2.517065050138158e-9
0.005   2.5143348232613903e-9
0.0051   2.511557596320749e-9
0.0052   2.5094296368662665e-9
0.0053   2.5076381961496526e-9
0.0054   2.505560757570525e-9
0.0055   2.5029532822291422e-9
0.0056   2.499405600263399e-9
0.0057   2.4955673530599225e-9
0.0058   2.4928069117789936e-9
0.0059   2.490457483101345e-9
0.006   2.4883581695350507e-9
0.0061   2.486454931154327e-9
0.0062   2.485016992877033e-9
0.0063   2.4834011256840567e-9
0.0064   2.4815845841115866e-9
0.0065   2.479116408376798e-9
0.0066   2.47611961794246e-9
0.0067   2.4729207971633396e-9
0.0068   2.47037115940475e-9
0.0069   2.468371031778151e-9
0.007   2.466421108756827e-9
0.0071   2.4646983100233084e-9
0.0072   2.4632076595279757e-9
0.0073   2.4617279856030336e-9
0.0074   2.460325365470869e-9
0.0075   2.45881061686848e-9
0.0076   2.4568316875596993e-9
0.0077   2.4545411174655555e-9
0.0078   2.4517314482512267e-9
0.0079   2.449026989959587e-9
0.008   2.4468075400873817e-9
0.0081   2.445082646246869e-9
0.0082   2.4433980505194788e-9
0.0083   2.4417448579087017e-9
0.0084   2.440353187555074e-9
0.0085   2.439171099531767e-9
0.0086   2.437980600534603e-9
0.0087   2.4368411143825384e-9
0.0088   2.435703292889443e-9
0.0089   2.4341497354397334e-9
0.009   2.4323803421151336e-9
0.0091   2.430368452872287e-9
0.0092   2.4279695999043776e-9
0.0093   2.425750915314962e-9
0.0094   2.423774652884315e-9
0.0095   2.422243845736593e-9
0.0096   2.4207876413684513e-9
0.0097   2.4194075273631757e-9
0.0098   2.418067516716903e-9
0.0099   2.4169829445484308e-9
0.01   2.4159642115344568e-9
0.0101   2.41496372847602e-9
0.0102   2.413995815117263e-9
0.0103   2.413054067459328e-9
0.0104   2.412000364035561e-9
0.0105   2.410693024441685e-9
0.0106   2.4091773282133813e-9
0.0107   2.407546988254104e-9
0.0108   2.4055310232994726e-9
0.0109   2.4035391330393976e-9
0.011   2.401828050449519e-9
0.0111   2.4002892232156944e-9
0.0112   2.3989688029804294e-9
0.0113   2.3978022155045634e-9
0.0114   2.396677993646336e-9
0.0115   2.3954627809798627e-9
0.0116   2.3944872044327885e-9
0.0117   2.3935950919709252e-9
0.0118   2.3927379323349814e-9
0.0119   2.3919003258236983e-9
0.012   2.3910925293081777e-9
0.0121   2.390316406268614e-9
0.0122   2.3894532149041163e-9
0.0123   2.3884621277336914e-9
0.0124   2.3872404066378505e-9
0.0125   2.3859469573965736e-9
0.0126   2.384562117703874e-9
0.0127   2.382926035855928e-9
0.0128   2.3812216959352737e-9
0.0129   2.379638373012338e-9
0.013   2.378321569596442e-9
0.0131   2.377088263179285e-9
0.0132   2.376070768338186e-9
0.0133   2.3750120461705925e-9
0.0134   2.374078244229518e-9
0.0135   2.3731006522391517e-9
0.0136   2.372198652114723e-9
0.0137   2.3714190554059195e-9
0.0138   2.3706339232014133e-9
0.0139   2.3699967848200526e-9
0.014   2.3692352056490572e-9
0.0141   2.3686699686245665e-9
0.0142   2.367944175231839e-9
0.0143   2.3672862851429694e-9
0.0144   2.36647508175638e-9
0.0145   2.3656145223789122e-9
0.0146   2.3646188210022647e-9
0.0147   2.363617213879855e-9
0.0148   2.362480884445699e-9
0.0149   2.361106606101139e-9
0.015   2.359685050346853e-9
0.0151   2.3582974427487545e-9
0.0152   2.356970260674739e-9
0.0153   2.3558041896883013e-9
0.0154   2.3548288701319088e-9
0.0155   2.3539025652529953e-9
0.0156   2.3530861737863497e-9
0.0157   2.3522218142313134e-9
0.0158   2.351413915617599e-9
0.0159   2.3506168734993783e-9
0.016   2.3497634839692602e-9
0.0161   2.349106083800265e-9
0.0162   2.348475877808544e-9
0.0163   2.347863192719525e-9
0.0164   2.3472750484227927e-9
0.0165   2.3467193105243183e-9
0.0166   2.3461382736014057e-9
0.0167   2.345584384385465e-9
0.0168   2.3450364860094684e-9
0.0169   2.344492235365396e-9
0.017   2.343796928494762e-9
0.0171   2.342978103762916e-9
0.0172   2.342130755759039e-9
0.0173   2.341256725212032e-9
0.0174   2.3404034400601657e-9
0.0175   2.3393290412238165e-9
0.0176   2.3381629860751057e-9
0.0177   2.3369012355289124e-9
0.0178   2.335649735189364e-9
0.0179   2.334605183320965e-9
0.018   2.333587023065736e-9
0.0181   2.332740131120833e-9
0.0182   2.3318780151564103e-9
0.0183   2.3311705334982974e-9
0.0184   2.3305085961300297e-9
0.0185   2.329695176002956e-9
0.0186   2.3290040819520305e-9
0.0187   2.3282834412375236e-9
0.0188   2.327650164476283e-9
0.0189   2.327015481446285e-9
0.019   2.326441042776562e-9
0.0191   2.3258733804246846e-9
0.0192   2.3253877791890644e-9
0.0193   2.3249237151415872e-9
0.0194   2.324435614351754e-9
0.0195   2.323842738110794e-9
0.0196   2.323398299208793e-9
0.0197   2.3228760431095215e-9
0.0198   2.3224176278240103e-9
0.0199   2.3219571179732744e-9
0.02   2.3213602723231695e-9
0.0201   2.3208517168694143e-9
0.0202   2.3201375726807277e-9
0.0203   2.3195081960389925e-9
0.0204   2.318785675030954e-9
0.0205   2.3181571944609994e-9
0.0206   2.3172169708609936e-9
0.0207   2.3163380497119154e-9
0.0208   2.3152850976672285e-9
0.0209   2.314224269253063e-9
0.021   2.3132826038617714e-9
0.0211   2.3123946414742535e-9
0.0212   2.3115129957613836e-9
0.0213   2.3108612301730535e-9
0.0214   2.310212017551515e-9
0.0215   2.3095245025734816e-9
0.0216   2.3089671666858816e-9
0.0217   2.3083595217008426e-9
0.0218   2.307771201521022e-9
0.0219   2.3071639806686114e-9
0.022   2.30663925104777e-9
0.0221   2.3060785041912786e-9
0.0222   2.3055132822322767e-9
0.0223   2.305134294351871e-9
0.0224   2.3046307949282144e-9
0.0225   2.304197069875172e-9
0.0226   2.3039353777137595e-9
0.0227   2.3033772733722636e-9
0.0228   2.3029552636030003e-9
0.0229   2.3025207780058807e-9
0.023   2.3021552469258974e-9
0.0231   2.3017757463634235e-9
0.0232   2.3014376683493595e-9
0.0233   2.3009568625565662e-9
0.0234   2.300486013628895e-9
0.0235   2.3000818971618192e-9
0.0236   2.299593446296011e-9
0.0237   2.2991320776662533e-9
0.0238   2.2984253819882076e-9
0.0239   2.2979813716122164e-9
0.024   2.297288712519602e-9
0.0241   2.296583569088431e-9
0.0242   2.295891871093833e-9
0.0243   2.2951136364305933e-9
0.0244   2.294204964083072e-9
0.0245   2.2933580643649648e-9
0.0246   2.2925028777897818e-9
0.0247   2.291686913966125e-9
0.0248   2.2909063364364403e-9
0.0249   2.2901837411960736e-9
0.025   2.2897277321385925e-9
0.0251   2.2888905740129913e-9
0.0252   2.2882754172781743e-9
0.0253   2.2877951540885184e-9
0.0254   2.2873406987745103e-9
0.0255   2.2868595945899476e-9
0.0256   2.286417788121152e-9
0.0257   2.285797333514243e-9
0.0258   2.2853082234033405e-9
0.0259   2.284818492413957e-9
0.026   2.284471055055254e-9
0.0261   2.2839746435060827e-9
0.0262   2.2834355159732827e-9
0.0263   2.283038211160096e-9
0.0264   2.282735547729095e-9
0.0265   2.282568660380047e-9
0.0266   2.2821213832162258e-9
0.0267   2.2816800181283467e-9
0.0268   2.28131523871026e-9
0.0269   2.2810578140240607e-9
0.027   2.2806762709517037e-9
0.0271   2.280179121093121e-9
0.0272   2.2798453964645328e-9
0.0273   2.2798320620227706e-9
0.0274   2.2793150760894217e-9
0.0275   2.2792301432473663e-9
0.0276   2.278547954751477e-9
0.0277   2.2783888237986145e-9
0.0278   2.278007399751523e-9
0.0279   2.277334738629611e-9
0.028   2.2770723885828853e-9
0.0281   2.2762815039477873e-9
0.0282   2.2758525227707484e-9
0.0283   2.2752888914040594e-9
0.0284   2.2747373729203636e-9
0.0285   2.2741356340526134e-9
0.0286   2.273851582482198e-9
0.0287   2.272998504634804e-9
0.0288   2.2722569416743767e-9
0.0289   2.2713090954799983e-9
0.029   2.2705917035241445e-9
0.0291   2.269902481445961e-9
0.0292   2.2693012758117607e-9
0.0293   2.2689025952372887e-9
0.0294   2.2680363495066406e-9
0.0295   2.267709471917424e-9
0.0296   2.267118678326148e-9
0.0297   2.266591968110927e-9
0.0298   2.266408129731863e-9
0.0299   2.2655175369042766e-9
0.03   2.265058892691325e-9
0.0301   2.2648231762581614e-9
0.0302   2.26425339331881e-9
0.0303   2.2640634638658636e-9
0.0304   2.2634200361767954e-9
0.0305   2.2630855553141744e-9
0.0306   2.2625347830353126e-9
0.0307   2.2623287679293263e-9
0.0308   2.2617836568903437e-9
0.0309   2.2612419400157937e-9
0.031   2.2609632500467955e-9
0.0311   2.260732373148602e-9
0.0312   2.2604740544486694e-9
0.0313   2.2601443891172444e-9
0.0314   2.259608930892933e-9
0.0315   2.2594665124510294e-9
0.0316   2.25900709709977e-9
0.0317   2.2591125052621447e-9
0.0318   2.2584986986586547e-9
0.0319   2.258186665018229e-9
0.032   2.2578143178398707e-9
0.0321   2.25777153244156e-9
0.0322   2.257287066580973e-9
0.0323   2.2572475616974802e-9
0.0324   2.2564645881635592e-9
0.0325   2.256352523910785e-9
0.0326   2.2562389983431847e-9
0.0327   2.256019180959164e-9
0.0328   2.25551204645372e-9
0.0329   2.254631821591889e-9
0.033   2.2541682631259705e-9
0.0331   2.253779267572291e-9
0.0332   2.253547167113998e-9
0.0333   2.2531525358230514e-9
0.0334   2.252443469480354e-9
0.0335   2.2521242193118106e-9
0.0336   2.25130211682792e-9
0.0337   2.2508825988922376e-9
0.0338   2.2503981762931367e-9
0.0339   2.249763366907386e-9
0.034   2.2489217214937512e-9
0.0341   2.2484522108854676e-9
0.0342   2.2480813035430862e-9
0.0343   2.2470046782519845e-9
0.0344   2.2468349478875963e-9
0.0345   2.245824075706647e-9
0.0346   2.245608592399366e-9
0.0347   2.245242389021226e-9
0.0348   2.244428465136847e-9
0.0349   2.244147263227882e-9
0.035   2.243541312087638e-9
0.0351   2.243357836873698e-9
0.0352   2.243292809993401e-9
0.0353   2.2424688067120756e-9
0.0354   2.242804435362432e-9
0.0355   2.2417099727475526e-9
0.0356   2.2414623290409524e-9
0.0357   2.2416837114566992e-9
0.0358   2.2411222021505063e-9
0.0359   2.24078112585321e-9
0.036   2.23982322563223e-9
0.0361   2.240033623815602e-9
0.0362   2.2397009687520607e-9
0.0363   2.23907998983371e-9
0.0364   2.2390668252152796e-9
0.0365   2.23887084054219e-9
0.0366   2.2382986376487794e-9
0.0367   2.237832557466021e-9
0.0368   2.2376129187855684e-9
0.0369   2.237095677102336e-9
0.037   2.2372159625537246e-9
0.0371   2.237023365239382e-9
0.0372   2.237033861688974e-9
0.0373   2.236160376886063e-9
0.0374   2.2366211220973012e-9
0.0375   2.235504312220654e-9
0.0376   2.235233071868412e-9
0.0377   2.234857708591023e-9
0.0378   2.235508002072896e-9
0.0379   2.234804006833599e-9
0.038   2.234326172354053e-9
0.0381   2.2337970722980275e-9
0.0382   2.2337889645725857e-9
0.0383   2.2338453602895344e-9
0.0384   2.2330084110706915e-9
0.0385   2.2331032914469445e-9
0.0386   2.232843269456103e-9
0.0387   2.2326008124010084e-9
0.0388   2.231473052404447e-9
0.0389   2.2309163668862495e-9
0.039   2.2304763232837868e-9
0.0391   2.2308093710779437e-9
0.0392   2.230658123090687e-9
0.0393   2.2294451916018934e-9
0.0394   2.229022051786293e-9
0.0395   2.229412811324196e-9
0.0396   2.228628300665431e-9
0.0397   2.2275829713646272e-9
0.0398   2.227172177602537e-9
0.0399   2.226655548979573e-9
0.04   2.2261604759251207e-9
0.0401   2.2253959388360525e-9
0.0402   2.2252807361899866e-9
0.0403   2.2242202101320845e-9
0.0404   2.224418320851397e-9
0.0405   2.223916978800135e-9
0.0406   2.2227576369696426e-9
0.0407   2.2229615970040404e-9
0.0408   2.2228672551870864e-9
0.0409   2.2221350194663404e-9
0.041   2.2215881870403023e-9
0.0411   2.2211291256862616e-9
0.0412   2.2211685377618753e-9
0.0413   2.2205034414669154e-9
0.0414   2.2201943362258543e-9
0.0415   2.2197256760608993e-9
0.0416   2.219397842491017e-9
0.0417   2.2193684143003215e-9
0.0418   2.2191786035048004e-9
0.0419   2.2185245838328886e-9
0.042   2.2181494608337417e-9
0.0421   2.217946968540542e-9
0.0422   2.2180827943231255e-9
0.0423   2.21674742206489e-9
0.0424   2.216691402412694e-9
0.0425   2.2167344319500296e-9
0.0426   2.2165156564821996e-9
0.0427   2.2158779353159677e-9
0.0428   2.2153187208485908e-9
0.0429   2.215397703296906e-9
0.043   2.215608584379005e-9
0.0431   2.215215333171315e-9
0.0432   2.2142805124637975e-9
0.0433   2.214580983398646e-9
0.0434   2.2143165752895806e-9
0.0435   2.2144740828031444e-9
0.0436   2.2138826181157933e-9
0.0437   2.2141101898094756e-9
0.0438   2.2128890822182637e-9
0.0439   2.212976624280977e-9
0.044   2.2126865216223294e-9
0.0441   2.2128660029553062e-9
0.0442   2.2122794147706908e-9
0.0443   2.2123846691950864e-9
0.0444   2.212156411580241e-9
0.0445   2.2117322122622206e-9
0.0446   2.2117473635783033e-9
0.0447   2.2117165706162972e-9
0.0448   2.2116061536154083e-9
0.0449   2.2105251711917307e-9
0.045   2.211153179057895e-9
0.0451   2.210214433515004e-9
0.0452   2.2103625423705048e-9
0.0453   2.210639835272191e-9
0.0454   2.209301696209644e-9
0.0455   2.209206566213487e-9
0.0456   2.2090377606502624e-9
0.0457   2.2092724778564455e-9
0.0458   2.2082812804091348e-9
0.0459   2.208227768971265e-9
0.046   2.2081216559245895e-9
0.0461   2.2080228966328837e-9
0.0462   2.2071031043361983e-9
0.0463   2.2068346660624783e-9
0.0464   2.2064772403322604e-9
0.0465   2.2062739401159834e-9
0.0466   2.205782288580041e-9
0.0467   2.2054831406873127e-9
0.0468   2.204918271244786e-9
0.0469   2.2047259784576977e-9
0.047   2.2041214550897652e-9
0.0471   2.2034288405535967e-9
0.0472   2.2033605502346454e-9
0.0473   2.2028152182946744e-9
0.0474   2.202574819043891e-9
0.0475   2.2021480554057793e-9
0.0476   2.2020122751631327e-9
0.0477   2.2007617868521092e-9
0.0478   2.201041245024783e-9
0.0479   2.20002077688189e-9
0.048   2.1994786578209496e-9
0.0481   2.1997239406119463e-9
0.0482   2.1991636572133727e-9
0.0483   2.198540669258518e-9
0.0484   2.1992193269024546e-9
0.0485   2.198520710589794e-9
0.0486   2.1977149542925167e-9
0.0487   2.197973140516748e-9
0.0488   2.1980042810678328e-9
0.0489   2.19740675480486e-9
0.049   2.1978778165718712e-9
0.0491   2.1969320589731014e-9
0.0492   2.196165752600696e-9
0.0493   2.1958979815576745e-9
0.0494   2.196498031880228e-9
0.0495   2.1955358192484237e-9
0.0496   2.1954917323724933e-9
0.0497   2.194846288524279e-9
0.0498   2.1950670082714015e-9
0.0499   2.1944049072328992e-9
0.05   2.1944632405865114e-9
0.0501   2.194668875883886e-9
0.0502   2.194238962114393e-9
0.0503   2.1943378540491196e-9
0.0504   2.1940487864918626e-9
0.0505   2.193165752265049e-9
0.0506   2.193319158999487e-9
0.0507   2.193147932041206e-9
0.0508   2.192581608132838e-9
0.0509   2.192082814418185e-9
0.051   2.192610769057501e-9
0.0511   2.1922912063979253e-9
0.0512   2.1921382501886176e-9
0.0513   2.1921910405579947e-9
0.0514   2.1921533189436106e-9
0.0515   2.1917104240313548e-9
0.0516   2.1912012409189234e-9
0.0517   2.1907970044622293e-9
0.0518   2.1907058359810423e-9
0.0519   2.1906303760026765e-9
0.052   2.1912151002224267e-9
0.0521   2.1898511259139293e-9
0.0522   2.190561613242809e-9
0.0523   2.18965447852406e-9
0.0524   2.1902589389185963e-9
0.0525   2.1898468182471837e-9
0.0526   2.1891552266433833e-9
0.0527   2.1894227932745077e-9
0.0528   2.1891651437850433e-9
0.0529   2.1894437795519284e-9
0.053   2.1888481225655944e-9
0.0531   2.1881958011029976e-9
0.0532   2.1889424842811e-9
0.0533   2.1884509418587045e-9
0.0534   2.187882841800049e-9
0.0535   2.187881537077863e-9
0.0536   2.18765223039569e-9
0.0537   2.187628962668209e-9
0.0538   2.187159279411888e-9
0.0539   2.18719111544207e-9
0.054   2.186628815123279e-9
0.0541   2.186857300267209e-9
0.0542   2.1862376268582072e-9
0.0543   2.186218073767487e-9
0.0544   2.1856043432687306e-9
0.0545   2.1854483416201463e-9
0.0546   2.184825175641175e-9
0.0547   2.1852329374827845e-9
0.0548   2.1846389031856194e-9
0.0549   2.183637134108886e-9
0.055   2.183326741463794e-9
0.0551   2.183584271711051e-9
0.0552   2.183085745225908e-9
0.0553   2.18325552702189e-9
0.0554   2.1824835387537487e-9
0.0555   2.1819340677110116e-9
0.0556   2.1821296027110184e-9
0.0557   2.1817593269888192e-9
0.0558   2.181050773860859e-9
0.0559   2.1805070693644522e-9
0.056   2.1799846481433894e-9
0.0561   2.1801264975304785e-9
0.0562   2.1794532856583646e-9
0.0563   2.179367206182112e-9
0.0564   2.179190284998347e-9
0.0565   2.1786477325078993e-9
0.0566   2.178603807391748e-9
0.0567   2.1783748346219747e-9
0.0568   2.17754149611286e-9
0.0569   2.177485442341073e-9
0.057   2.177265363060912e-9
0.0571   2.1769513586733395e-9
0.0572   2.1766491867294977e-9
0.0573   2.176532252020499e-9
0.0574   2.176031146163849e-9
0.0575   2.176039219602764e-9
0.0576   2.175854745655896e-9
0.0577   2.175978884237755e-9
0.0578   2.175495790168179e-9
0.0579   2.1747215872704818e-9
0.058   2.175048885426114e-9
0.0581   2.1751081370915613e-9
0.0582   2.1741778656284678e-9
0.0583   2.1744413683818415e-9
0.0584   2.1742069051925104e-9
0.0585   2.1736814559831416e-9
0.0586   2.1736764048446517e-9
0.0587   2.173373638694942e-9
0.0588   2.172864563751492e-9
0.0589   2.1730771446132816e-9
0.059   2.1725293242123606e-9
0.0591   2.1726506547099016e-9
0.0592   2.171857981254097e-9
0.0593   2.172551887998931e-9
0.0594   2.17179280659496e-9
0.0595   2.1718269731796143e-9
0.0596   2.1717847623119428e-9
0.0597   2.1717469526640625e-9
0.0598   2.1707471782225477e-9
0.0599   2.1715124747766096e-9
0.06   2.170902084448118e-9
0.0601   2.174704013147788e-9
0.0602   2.1745730609867006e-9
0.0603   2.1744796608628634e-9
0.0604   2.174285164649492e-9
0.0605   2.1741729102455404e-9
0.0606   2.17398737271436e-9
0.0607   2.1738391185343334e-9
0.0608   2.1737224642950555e-9
0.0609   2.173569678521988e-9
0.061   2.1733499095263166e-9
0.0611   2.1731960497668677e-9
0.0612   2.1730621851808234e-9
0.0613   2.172891215881702e-9
0.0614   2.1727681786052985e-9
0.0615   2.172643406600114e-9
0.0616   2.1724674272740114e-9
0.0617   2.172353284478193e-9
0.0618   2.1721917362940245e-9
0.0619   2.172096164127772e-9
0.062   2.1719218524381515e-9
0.0621   2.1717921434934675e-9
0.0622   2.1716209863882764e-9
0.0623   2.1715015365788133e-9
0.0624   2.1713236734942404e-9
0.0625   2.1712174631864016e-9
0.0626   2.1710852430766926e-9
0.0627   2.1709277534464863e-9
0.0628   2.170706521158464e-9
0.0629   2.170586855857546e-9
0.063   2.1703745767508283e-9
0.0631   2.1702117664734978e-9
0.0632   2.1700639667589008e-9
0.0633   2.1698482957336656e-9
0.0634   2.1696574366721745e-9
0.0635   2.1694469512021888e-9
0.0636   2.169212985432003e-9
0.0637   2.169009289976106e-9
0.0638   2.1687490561985074e-9
0.0639   2.1685406428471958e-9
0.064   2.1683305367418394e-9
0.0641   2.1681288917455255e-9
0.0642   2.167903552204231e-9
0.0643   2.167657250778918e-9
0.0644   2.167486425925949e-9
0.0645   2.1672182932946983e-9
0.0646   2.1669920589745747e-9
0.0647   2.1666589128090317e-9
0.0648   2.1664402325816867e-9
0.0649   2.1661442465123235e-9
0.065   2.1658669810142e-9
0.0651   2.1655448456504666e-9
0.0652   2.1652158492987593e-9
0.0653   2.1649521576503647e-9
0.0654   2.1646585249079776e-9
0.0655   2.164292680457658e-9
0.0656   2.164015421240345e-9
0.0657   2.1637121156763345e-9
0.0658   2.1634415013183524e-9
0.0659   2.1631918853623054e-9
0.066   2.162871321086378e-9
0.0661   2.1625892401666144e-9
0.0662   2.1623217147799885e-9
0.0663   2.1620826794700175e-9
0.0664   2.161780135539059e-9
0.0665   2.1614977121107742e-9
0.0666   2.1612586118902076e-9
0.0667   2.1610744889083625e-9
0.0668   2.160837327903203e-9
0.0669   2.1605556098052783e-9
0.067   2.160344722418209e-9
0.0671   2.1601251531099503e-9
0.0672   2.1599003393064535e-9
0.0673   2.1597275023592126e-9
0.0674   2.159559945898374e-9
0.0675   2.159346884597201e-9
0.0676   2.1592347347636095e-9
0.0677   2.1590054193944805e-9
0.0678   2.1588313462329323e-9
0.0679   2.158686646271901e-9
0.068   2.158471058909306e-9
0.0681   2.1582608491299415e-9
0.0682   2.1581081987476353e-9
0.0683   2.1579148950780255e-9
0.0684   2.157708226800834e-9
0.0685   2.1575444607083007e-9
0.0686   2.157357925820698e-9
0.0687   2.1572145994958815e-9
0.0688   2.1570139846165427e-9
0.0689   2.156747932600343e-9
0.069   2.1566179967467186e-9
0.0691   2.1564276398612777e-9
0.0692   2.156225653998222e-9
0.0693   2.1560066393897357e-9
0.0694   2.1558589809736334e-9
0.0695   2.15571845554832e-9
0.0696   2.1554809553952884e-9
0.0697   2.155326794258768e-9
0.0698   2.155141370413534e-9
0.0699   2.154965377604119e-9
0.07   2.154850161194649e-9
0.0701   2.154669837553167e-9
0.0702   2.1545569746246787e-9
0.0703   2.1544011382454143e-9
0.0704   2.1541881502276577e-9
0.0705   2.1540588898812393e-9
0.0706   2.153916791303022e-9
0.0707   2.1538060212154357e-9
0.0708   2.1536276711327274e-9
0.0709   2.1534854239108666e-9
0.071   2.153380612735251e-9
0.0711   2.1532689908624754e-9
0.0712   2.1531015394322168e-9
0.0713   2.153004306564432e-9
0.0714   2.1528823850718984e-9
0.0715   2.1527110132826347e-9
0.0716   2.1525547693846623e-9
0.0717   2.15247972100173e-9
0.0718   2.1523083076580975e-9
0.0719   2.1521666589823024e-9
0.072   2.1519568059204153e-9
0.0721   2.1518325107708167e-9
0.0722   2.1516773697904423e-9
0.0723   2.151555446870314e-9
0.0724   2.1513820052960994e-9
0.0725   2.1512955368070173e-9
0.0726   2.1511885590421026e-9
0.0727   2.1510602252599315e-9
0.0728   2.1509276368347793e-9
0.0729   2.1507900775100413e-9
0.073   2.1506297872864945e-9
0.0731   2.1504663826453306e-9
0.0732   2.1503417981626313e-9
0.0733   2.150201593694785e-9
0.0734   2.150053465290458e-9
0.0735   2.149915663082937e-9
0.0736   2.149798880427799e-9
0.0737   2.1496197216789114e-9
0.0738   2.149483592953147e-9
0.0739   2.1492991842797246e-9
0.074   2.1491982922584665e-9
0.0741   2.149029043367063e-9
0.0742   2.1488548033695194e-9
0.0743   2.1486943279737078e-9
0.0744   2.1484954903185242e-9
0.0745   2.148341879291296e-9
0.0746   2.1481566209980017e-9
0.0747   2.1479587286718457e-9
0.0748   2.147798688534656e-9
0.0749   2.1475815954381227e-9
0.075   2.1473487688523334e-9
0.0751   2.147171297406207e-9
0.0752   2.1469776247002906e-9
0.0753   2.1468280181808693e-9
0.0754   2.146571421006046e-9
0.0755   2.146375757686803e-9
0.0756   2.146187504079328e-9
0.0757   2.145970951517871e-9
0.0758   2.145803048335282e-9
0.0759   2.145600881903978e-9
0.076   2.145396726138942e-9
0.0761   2.1451543917264733e-9
0.0762   2.1448910457605608e-9
0.0763   2.144655445111223e-9
0.0764   2.144373865460549e-9
0.0765   2.1441593037708823e-9
0.0766   2.143853508419877e-9
0.0767   2.1436512198350037e-9
0.0768   2.1433645391032555e-9
0.0769   2.1430874596133722e-9
0.077   2.142833836831458e-9
0.0771   2.14252915882901e-9
0.0772   2.1422483274772893e-9
0.0773   2.142027209564284e-9
0.0774   2.1417406863095263e-9
0.0775   2.141499775495469e-9
0.0776   2.1412160661342643e-9
0.0777   2.141033718323892e-9
0.0778   2.140762123946381e-9
0.0779   2.140489072741728e-9
0.078   2.1402783522836267e-9
0.0781   2.140065960537022e-9
0.0782   2.1398180748348757e-9
0.0783   2.1396166830202964e-9
0.0784   2.1394276133379904e-9
0.0785   2.1392229007305916e-9
0.0786   2.139024962291126e-9
0.0787   2.138824168181925e-9
0.0788   2.138625032456578e-9
0.0789   2.1383954716097947e-9
0.079   2.1382222685504256e-9
0.0791   2.1380503143764555e-9
0.0792   2.1378842391488613e-9
0.0793   2.137676680572686e-9
0.0794   2.1375480790576383e-9
0.0795   2.137383573848027e-9
0.0796   2.137243838316192e-9
0.0797   2.137116152074968e-9
0.0798   2.1369893262448037e-9
0.0799   2.136822771569928e-9
0.08   2.1366599768132402e-9
0.0801   2.136527472463871e-9
0.0802   2.136390510677432e-9
0.0803   2.1361980829017598e-9
0.0804   2.1360323891192803e-9
0.0805   2.135908693457396e-9
0.0806   2.1357159814466335e-9
0.0807   2.1355818860354517e-9
0.0808   2.1354309141001482e-9
0.0809   2.1352855301295523e-9
0.081   2.1351300898728926e-9
0.0811   2.1349467804514132e-9
0.0812   2.134813912061085e-9
0.0813   2.134684236356688e-9
0.0814   2.134513253781338e-9
0.0815   2.134371383715619e-9
0.0816   2.134215885434106e-9
0.0817   2.1339986497840404e-9
0.0818   2.1338599408731243e-9
0.0819   2.133722499077951e-9
0.082   2.1335770317754466e-9
0.0821   2.1334298014615223e-9
0.0822   2.1332931125667487e-9
0.0823   2.1331283420395305e-9
0.0824   2.1330188010910626e-9
0.0825   2.1328721050718022e-9
0.0826   2.1327529617575955e-9
0.0827   2.132557075209318e-9
0.0828   2.132492916011941e-9
0.0829   2.132326330628348e-9
0.083   2.1322202087185e-9
0.0831   2.1320861120850784e-9
0.0832   2.1319931086349206e-9
0.0833   2.1318827546565028e-9
0.0834   2.131667107151866e-9
0.0835   2.13158252636876e-9
0.0836   2.131528562175974e-9
0.0837   2.1313499481074824e-9
0.0838   2.1312655685498227e-9
0.0839   2.1311451842048896e-9
0.084   2.130972100620211e-9
0.0841   2.130840116765359e-9
0.0842   2.130757639094029e-9
0.0843   2.1306685459524882e-9
0.0844   2.1305269084715884e-9
0.0845   2.1304041034374327e-9
0.0846   2.13020698609927e-9
0.0847   2.1300675772972116e-9
0.0848   2.12992186215545e-9
0.0849   2.1298490455614917e-9
0.085   2.1297127935546353e-9
0.0851   2.129590751563127e-9
0.0852   2.1294843480979053e-9
0.0853   2.129321796243132e-9
0.0854   2.129163601759172e-9
0.0855   2.1291135263280213e-9
0.0856   2.1289598652370354e-9
0.0857   2.1288392884443183e-9
0.0858   2.1286947852065037e-9
0.0859   2.1286104130402996e-9
0.086   2.1284548752294338e-9
0.0861   2.1283372562532183e-9
0.0862   2.1282268666038223e-9
0.0863   2.1280880488885787e-9
0.0864   2.1279322337842855e-9
0.0865   2.127807545013132e-9
0.0866   2.127714565370186e-9
0.0867   2.127544786092068e-9
0.0868   2.1273977617790813e-9
0.0869   2.1272875306505754e-9
0.087   2.1271388382067303e-9
0.0871   2.1269929347999987e-9
0.0872   2.126859107164944e-9
0.0873   2.1267560034995313e-9
0.0874   2.126517525997074e-9
0.0875   2.1264077914022806e-9
0.0876   2.1262512320090923e-9
0.0877   2.1260666213673628e-9
0.0878   2.1259397578763978e-9
0.0879   2.125758621970507e-9
0.088   2.1256040419477762e-9
0.0881   2.1254665284789064e-9
0.0882   2.125254899692081e-9
0.0883   2.1250750693344216e-9
0.0884   2.1249310088221082e-9
0.0885   2.124712576600925e-9
0.0886   2.124561712853437e-9
0.0887   2.124386740996165e-9
0.0888   2.1242226588212207e-9
0.0889   2.1240587312867383e-9
0.089   2.123853788420253e-9
0.0891   2.123735941796608e-9
0.0892   2.1235637074130773e-9
0.0893   2.1233798351935093e-9
0.0894   2.123190508442787e-9
0.0895   2.123012722744969e-9
0.0896   2.122818646668235e-9
0.0897   2.122654410814719e-9
0.0898   2.1224033687430738e-9
0.0899   2.122226201822669e-9
0.09   2.1220309354223263e-9
0.0901   2.1218070586003987e-9
0.0902   2.121580039444929e-9
0.0903   2.121348154344916e-9
0.0904   2.1211395933843412e-9
0.0905   2.12091466016317e-9
0.0906   2.120736988572393e-9
0.0907   2.1204941513274632e-9
0.0908   2.120270695391735e-9
0.0909   2.1200495873147843e-9
0.091   2.1198628341122678e-9
0.0911   2.119625974372465e-9
0.0912   2.1194037529988642e-9
0.0913   2.119267165087942e-9
0.0914   2.1189980788362226e-9
0.0915   2.118802260638985e-9
0.0916   2.1186402477267055e-9
0.0917   2.1184775327556243e-9
0.0918   2.118305805473341e-9
0.0919   2.1180785937244782e-9
0.092   2.117931530657198e-9
0.0921   2.1177175160895365e-9
0.0922   2.117605333622137e-9
0.0923   2.117400196945828e-9
0.0924   2.117278743210298e-9
0.0925   2.117052162792939e-9
0.0926   2.116952807857409e-9
0.0927   2.116804027511358e-9
0.0928   2.116670564237645e-9
0.0929   2.116543354143623e-9
0.093   2.11639146086553e-9
0.0931   2.116281428232064e-9
0.0932   2.116152533533687e-9
0.0933   2.11599883942912e-9
0.0934   2.1158479716703032e-9
0.0935   2.1157654388032305e-9
0.0936   2.1156653492365125e-9
0.0937   2.1155783002811104e-9
0.0938   2.115448220196323e-9
0.0939   2.1153542798199606e-9
0.094   2.115243822119164e-9
0.0941   2.1151828997555493e-9
0.0942   2.1150171954251903e-9
0.0943   2.114926416174419e-9
0.0944   2.1147838591059603e-9
0.0945   2.114707056419994e-9
0.0946   2.114586374429507e-9
0.0947   2.1145266983635463e-9
0.0948   2.1144508627221968e-9
0.0949   2.1143307077387026e-9
0.095   2.114215999866143e-9
0.0951   2.1141066851948555e-9
0.0952   2.1140117597012445e-9
0.0953   2.1139024855256937e-9
0.0954   2.1137585158100353e-9
0.0955   2.113668775689257e-9
0.0956   2.113564524053166e-9
0.0957   2.1134645276940057e-9
0.0958   2.11334583794905e-9
0.0959   2.113273826873419e-9
0.096   2.1131241268365084e-9
0.0961   2.113039635778954e-9
0.0962   2.112932097620296e-9
0.0963   2.112818469359337e-9
0.0964   2.1127208618794456e-9
0.0965   2.112602822950044e-9
0.0966   2.1125548527178525e-9
0.0967   2.1124472029143372e-9
0.0968   2.1123154768877397e-9
0.0969   2.112672892554203e-9
0.097   2.1121286467187104e-9
0.0971   2.1119920904367822e-9
0.0972   2.1119074268674074e-9
0.0973   2.1118421704317618e-9
0.0974   2.1117884431196293e-9
0.0975   2.1117332813795576e-9
0.0976   2.1115980484396113e-9
0.0977   2.1115019676209234e-9
0.0978   2.1114056603739406e-9
0.0979   2.1113132017936485e-9
0.098   2.1112908646721247e-9
0.0981   2.1111523847127358e-9
0.0982   2.1110511364000295e-9
0.0983   2.111018198781166e-9
0.0984   2.1108911962647806e-9
0.0985   2.1108438351261925e-9
0.0986   2.110706024647984e-9
0.0987   2.110666167740943e-9
0.0988   2.1111867875067023e-9
0.0989   2.110514547319614e-9
0.099   2.110436228248783e-9
0.0991   2.1103325614870035e-9
0.0992   2.1102797298231696e-9
0.0993   2.110198335657399e-9
0.0994   2.110080681172908e-9
0.0995   2.1099460112372984e-9
0.0996   2.1098816083304506e-9
0.0997   2.1097559289861126e-9
0.0998   2.109684278249276e-9
0.0999   2.109582165931006e-9
0.1   2.109493656471011e-9
0.11   2.095886468220434e-9
0.12   2.086665310770258e-9
0.13   2.0746655664447402e-9
0.14   2.0676012166683297e-9
0.15   2.0578103703248422e-9
0.16   2.0519674042128014e-9
0.17   2.0434262704625106e-9
0.18   2.0359353457136945e-9
0.19   2.031320752547252e-9
0.2   2.023883253430254e-9
0.21   2.0173176284924015e-9
0.22   2.013115501939383e-9
0.23   2.0080941900206474e-9
0.24   2.0019205277508394e-9
0.25   1.9977130396264597e-9
0.26   1.9931349437349283e-9
0.27   1.9886282395808544e-9
0.28   1.9837520998434604e-9
0.29   1.980323797336723e-9
0.3   1.9766311860334375e-9
0.31   1.972427820284545e-9
0.32   1.9685956806792338e-9
0.33   1.9650069887149216e-9
0.34   1.9619915917206205e-9
0.35   1.958161178803609e-9
0.36   1.9547079584676795e-9
0.37   1.9517399403604285e-9
0.38   1.948629153341583e-9
0.39   1.945410638316526e-9
0.4   1.942461982043952e-9
0.41   1.9392666873167928e-9
0.42   1.9365389141232235e-9
0.43   1.933800584280135e-9
0.44   1.930818357515432e-9
0.45   1.9278756767984876e-9
0.46   1.9256765457390575e-9
0.47   1.924268930593471e-9
0.48   1.9208080070660286e-9
0.49   1.918142648830721e-9
0.5   1.9160807740352672e-9
0.51   1.914167797724703e-9
0.52   1.9126172060101553e-9
0.53   1.9094933575919725e-9
0.54   1.9070720011375648e-9
0.55   1.905074202484267e-9
0.56   1.9030083214085897e-9
0.57   1.901101688954631e-9
0.58   1.8990610079748203e-9
0.59   1.896577845714342e-9
0.6   1.8943737518588923e-9
0.61   1.8924948522534036e-9
0.62   1.890751281095458e-9
0.63   1.8890287001372016e-9
0.64   1.887057987795963e-9
0.65   1.884969005988774e-9
0.66   1.8829005416643036e-9
0.67   1.8812756665159424e-9
0.68   1.8798538454254367e-9
0.69   1.878149674651276e-9
0.7   1.8764602808323277e-9
0.71   1.8746403415484903e-9
0.72   1.8726678081549963e-9
0.73   1.8707958059247367e-9
0.74   1.869067864544416e-9
0.75   1.8677203552365615e-9
0.76   1.866334579008089e-9
0.77   1.8647354919539126e-9
0.78   1.8631379001003655e-9
0.79   1.8615161126144535e-9
0.8   1.8598144062016253e-9
0.81   1.8582874245683521e-9
0.82   1.8571135271888538e-9
0.83   1.8560073043579329e-9
0.84   1.854795248516029e-9
0.85   1.8540652528671128e-9
0.86   1.8520103768157686e-9
0.87   1.85051663813458e-9
0.88   1.8495821528481113e-9
0.89   1.8475354225713237e-9
0.9   1.8460711193463077e-9
0.91   1.8449386384987369e-9
0.92   1.843855985087668e-9
0.93   1.8426978783203849e-9
0.94   1.841314323019677e-9
0.95   1.840084649055385e-9
0.96   1.8387652243564694e-9
0.97   1.8375262951223434e-9
0.98   1.8362498327696526e-9
0.99   1.8351337910303593e-9
1.   1.8342162894077434e-9
1.01   1.833303148848207e-9
1.02   1.8323891149115978e-9
1.03   1.8314106296337386e-9
1.04   1.8301539013490066e-9
1.05   1.828851112534794e-9
1.06   1.8275992579878101e-9
1.07   1.8263039917028784e-9
1.08   1.8249369630897866e-9
1.09   1.8237659464680808e-9
1.1   1.8227195277575966e-9
1.11   1.8224221987617971e-9
1.12   1.8209172115195382e-9
1.13   1.8200948914947813e-9
1.14   1.819086276952916e-9
1.15   1.818084555110476e-9
1.16   1.8177058017243792e-9
1.17   1.816155958232854e-9
1.18   1.8151082983463357e-9
1.19   1.8140317542820888e-9
1.2   1.8129804516405575e-9
1.21   1.812099898539868e-9
1.22   1.811145881537745e-9
1.23   1.810258300486835e-9
1.24   1.8093748260902342e-9
1.25   1.808290717675394e-9
1.26   1.8071903802660782e-9
1.27   1.8060734630921093e-9
1.28   1.8049523507415935e-9
1.29   1.803927234147871e-9
1.3   1.8028987734100165e-9
1.31   1.8019028475119202e-9
1.32   1.8010675561445723e-9
1.33   1.8003057066518474e-9
1.34   1.799634895329473e-9
1.35   1.7990990901732753e-9
1.36   1.7985538996112085e-9
1.37   1.7980112459563632e-9
1.38   1.7973017676590098e-9
1.39   1.796397153440503e-9
1.4   1.7954282945912225e-9
1.41   1.7944657042132043e-9
1.42   1.7934439588247993e-9
1.43   1.7923906839449761e-9
1.44   1.7912257884286657e-9
1.45   1.7901895547255315e-9
1.46   1.7891201960236627e-9
1.47   1.788199461514125e-9
1.48   1.7874462369802587e-9
1.49   1.786765374714753e-9
1.5   1.7861672386456886e-9
1.51   1.7856339230582102e-9
1.52   1.7851492545893074e-9
1.53   1.784558938488583e-9
1.54   1.7840015166517147e-9
1.55   1.783392222349113e-9
1.56   1.7828388382721227e-9
1.57   1.782162692533394e-9
1.58   1.7814496820650402e-9
1.59   1.7806257112725791e-9
1.6   1.7798019754757966e-9
1.61   1.778929768005985e-9
1.62   1.7787661954498758e-9
1.63   1.7771622971080374e-9
1.64   1.7762863531842764e-9
1.65   1.775515515781165e-9
1.66   1.7747024897822435e-9
1.67   1.7739045151497795e-9
1.68   1.7730709653938898e-9
1.69   1.7723054656305823e-9
1.7   1.7715293491451396e-9
1.71   1.770852767247028e-9
1.72   1.7702332721998021e-9
1.73   1.7696512799111764e-9
1.74   1.7690556472869826e-9
1.75   1.7685201378240154e-9
1.76   1.7679658217302245e-9
1.77   1.7675056371061105e-9
1.78   1.7669985885164378e-9
1.79   1.7664503995053284e-9
1.8   1.7658855050077783e-9
1.81   1.7653448870497812e-9
1.82   1.7648096915201078e-9
1.83   1.7642720452366329e-9
1.84   1.7635831292492547e-9
1.85   1.7628105856064653e-9
1.86   1.7620203113810632e-9
1.87   1.7619003274938937e-9
1.88   1.760409632390946e-9
1.89   1.7596508233289836e-9
1.9   1.7589774609036918e-9
1.91   1.7582514181851946e-9
1.92   1.7575934951458389e-9
1.93   1.756911048016362e-9
1.94   1.7563089035796621e-9
1.95   1.756331862267119e-9
1.96   1.7551149503593302e-9
1.97   1.7545542930112559e-9
1.98   1.7541086171429592e-9
1.99   1.7537091510379138e-9
2.   1.7532601089596993e-9
2.01   1.7528570128478534e-9
2.02   1.7525233486526534e-9
2.03   1.7520429313238235e-9
2.04   1.7516630859066383e-9
2.05   1.751215636564484e-9
2.06   1.7506529379479291e-9
2.07   1.7501642526966276e-9
2.08   1.7496413340418656e-9
2.09   1.7491298304975971e-9
2.1   1.748677356327117e-9
2.11   1.7481899207279082e-9
2.12   1.7476138189691642e-9
2.13   1.7469794610532462e-9
2.14   1.7463600936447955e-9
2.15   1.745722968068519e-9
2.16   1.7450826824168876e-9
2.17   1.744472617178373e-9
2.18   1.7438277978400998e-9
2.19   1.7432066725729158e-9
2.2   1.7425752432149389e-9
2.21   1.741972654419859e-9
2.22   1.7414131867520359e-9
2.23   1.7409075809640349e-9
2.24   1.7403707194822232e-9
2.25   1.7398858131767293e-9
2.26   1.7394633395755483e-9
2.27   1.7389799116876657e-9
2.28   1.7385993021999799e-9
2.29   1.7381809349092058e-9
2.3   1.7378351909658783e-9
2.31   1.73754016977493e-9
2.32   1.7372718036621803e-9
2.33   1.7370065460760836e-9
2.34   1.7366180728635577e-9
2.35   1.7362531417199703e-9
2.36   1.7359116958466147e-9
2.37   1.735469510535255e-9
2.38   1.7350967044869785e-9
2.39   1.7346910177867547e-9
2.4   1.7342318489019348e-9
2.41   1.7337904873748093e-9
2.42   1.7333225495017421e-9
2.43   1.7328208480358442e-9
2.44   1.7324065120837482e-9
2.45   1.7318813781066805e-9
2.46   1.731558603876041e-9
2.47   1.7311238746986543e-9
2.48   1.7304811964326756e-9
2.49   1.7299903363303478e-9
2.5   1.7294715875420569e-9
2.51   1.728942395805477e-9
2.52   1.7284119910905878e-9
2.53   1.7278578971900032e-9
2.54   1.7273197834081498e-9
2.55   1.726905261637058e-9
2.56   1.726475029795193e-9
2.57   1.7260396387193617e-9
2.58   1.7256417580675628e-9
2.59   1.725193323903037e-9
2.6   1.7247867321490883e-9
2.61   1.724425036925351e-9
2.62   1.7241063760911584e-9
2.63   1.7237451148719169e-9
2.64   1.723486283196389e-9
2.65   1.7231482008367867e-9
2.66   1.7229074325831187e-9
2.67   1.7225963291801586e-9
2.68   1.7223588012591156e-9
2.69   1.7220604199532572e-9
2.7   1.7217225857062581e-9
2.71   1.7215140994218645e-9
2.72   1.7211655577360793e-9
2.73   1.720746364997499e-9
2.74   1.7203093687492338e-9
2.75   1.719877138119244e-9
2.76   1.7194543300483513e-9
2.77   1.7189768447125433e-9
2.78   1.718512746835793e-9
2.79   1.7180078487754777e-9
2.8   1.717607941045018e-9
2.81   1.7171372511142235e-9
2.82   1.7167079491743093e-9
2.83   1.7163065798582712e-9
2.84   1.715830814108514e-9
2.85   1.7154453732071626e-9
2.86   1.7149524288616212e-9
2.87   1.7145084610854292e-9
2.88   1.7140000756064327e-9
2.89   1.7135079894205537e-9
2.9   1.7130191027924344e-9
2.91   1.7125235189304747e-9
2.92   1.7121177838370854e-9
2.93   1.711617965820542e-9
2.94   1.7111805483897085e-9
2.95   1.7107624608357481e-9
2.96   1.7103762353602555e-9
2.97   1.7100198635472092e-9
2.98   1.7096763221840591e-9
2.99   1.7093755329673863e-9
3.   1.7091210688197318e-9
3.01   1.7088465695718893e-9
3.02   1.7085837299247464e-9
3.03   1.7083559871417485e-9
3.04   1.708063735350333e-9
3.05   1.7078920535575454e-9
3.06   1.7076704600501567e-9
3.07   1.7074472541357574e-9
3.08   1.7072091534983764e-9
3.09   1.706983450853001e-9
3.1   1.7067327528466846e-9
3.11   1.7065185822960128e-9
3.12   1.7062843319503323e-9
3.13   1.706054351821063e-9
3.14   1.7057224253511573e-9
3.15   1.7054229727496256e-9
3.16   1.705055615501165e-9
3.17   1.704712881918288e-9
3.18   1.7043458343372916e-9
3.19   1.7039632183636834e-9
3.2   1.7035942719798919e-9
3.21   1.703228970266615e-9
3.22   1.702842568161089e-9
3.23   1.7024384802573295e-9
3.24   1.7020229460735124e-9
3.25   1.7016691942509024e-9
3.26   1.7012565642841154e-9
3.27   1.700797451886556e-9
3.28   1.7004338046250431e-9
3.29   1.7000228105063673e-9
3.3   1.69959873391519e-9
3.31   1.6991791049887888e-9
3.32   1.6987425266393577e-9
3.33   1.6982859619935883e-9
3.34   1.6985349249499004e-9
3.35   1.6974090558719163e-9
3.36   1.6969304634145485e-9
3.37   1.6965038792844724e-9
3.38   1.6960742605829333e-9
3.39   1.6956656587908932e-9
3.4   1.6952463062172867e-9
3.41   1.6949316688645332e-9
3.42   1.6945654302421976e-9
3.43   1.6942647154985022e-9
3.44   1.6939644637459815e-9
3.45   1.6936807382985456e-9
3.46   1.6934371388192584e-9
3.47   1.6932570626351267e-9
3.48   1.6930055480366599e-9
3.49   1.6927481013380935e-9
3.5   1.6925456535970259e-9
3.51   1.6923490774479758e-9
3.52   1.6921679245113227e-9
3.53   1.6919550589460492e-9
3.54   1.6917936053331962e-9
3.55   1.6915735407173524e-9
3.56   1.6913759908412343e-9
3.57   1.6911286997915628e-9
3.58   1.6909413491221907e-9
3.59   1.6907027719198631e-9
3.6   1.6904406195722098e-9
3.61   1.6902296857153822e-9
3.62   1.6899931583541137e-9
3.63   1.689732384628675e-9
3.64   1.6894845228242414e-9
3.65   1.6892246358729305e-9
3.66   1.6889582547439464e-9
3.67   1.6886480524660094e-9
3.68   1.6883310879326513e-9
3.69   1.6880215954053618e-9
3.7   1.6877310186363757e-9
3.71   1.6874079786725316e-9
3.72   1.6870821559737973e-9
3.73   1.6867772933381128e-9
3.74   1.6864561594926188e-9
3.75   1.686090759123827e-9
3.76   1.6858044798256932e-9
3.77   1.6854874861695633e-9
3.78   1.6851583457539476e-9
3.79   1.6848157285108834e-9
3.8   1.6844775176615191e-9
3.81   1.6841267213009398e-9
3.82   1.6836963289932441e-9
3.83   1.6832800592557398e-9
3.84   1.682870214621088e-9
3.85   1.68247581300315e-9
3.86   1.6820744729423228e-9
3.87   1.6816834445864799e-9
3.88   1.6812506799927792e-9
3.89   1.6809309539438375e-9
3.9   1.6805271334847755e-9
3.91   1.6802155619813599e-9
3.92   1.6798651024804285e-9
3.93   1.6795221564140795e-9
3.94   1.6791946567600067e-9
3.95   1.6788788440386226e-9
3.96   1.6786370800844513e-9
3.97   1.6783788441898637e-9
3.98   1.6781296194879453e-9
3.99   1.677879184085593e-9
4.   1.6776611869291483e-9
4.01   1.677429620972696e-9
4.02   1.6772028883385225e-9
4.03   1.6770160537020339e-9
4.04   1.6768055390484922e-9
4.05   1.676617941115387e-9
4.06   1.6764024367652513e-9
4.07   1.6761881370192495e-9
4.08   1.6759914598062205e-9
4.09   1.6758083449043395e-9
4.1   1.6765136839084086e-9
4.11   1.6753993574427549e-9
4.12   1.675253286986e-9
4.13   1.6750980842368878e-9
4.14   1.6748528202001086e-9
4.15   1.6748142434576298e-9
4.16   1.6746881843796543e-9
4.17   1.6743441561566138e-9
4.18   1.6741371174576337e-9
4.19   1.6739305196933237e-9
4.2   1.6737639682205028e-9
4.21   1.6735248785952577e-9
4.22   1.6733275792794583e-9
4.23   1.673103217821105e-9
4.24   1.6728589154092298e-9
4.25   1.6726747120907522e-9
4.26   1.6724340556039704e-9
4.27   1.6722299869720616e-9
4.28   1.6720441173203227e-9
4.29   1.6717648822710755e-9
4.3   1.6715970362759842e-9
4.31   1.6714078984024579e-9
4.32   1.6711386984735506e-9
4.33   1.6709421170762064e-9
4.34   1.670713896545871e-9
4.35   1.670475344485824e-9
4.36   1.6702146500770982e-9
4.37   1.6699407261182683e-9
4.38   1.6696814373663566e-9
4.39   1.6693846882706485e-9
4.4   1.669073980134659e-9
4.41   1.6687698062163094e-9
4.42   1.6684287250484072e-9
4.43   1.6681433417167042e-9
4.44   1.6678344387729743e-9
4.45   1.6674724397521154e-9
4.46   1.667149103682589e-9
4.47   1.6668526114402668e-9
4.48   1.666523199648662e-9
4.49   1.6661515155794521e-9
4.5   1.6658104181636738e-9
4.51   1.665484943149856e-9
4.52   1.665203445733499e-9
4.53   1.6648839196122852e-9
4.54   1.6645893130886655e-9
4.55   1.6642583510650588e-9
4.56   1.6639548281003245e-9
4.57   1.6636694399803934e-9
4.58   1.663400484557612e-9
4.59   1.6631231873208258e-9
4.6   1.6628781452995945e-9
4.61   1.6626294898079192e-9
4.62   1.662349144395147e-9
4.63   1.6621046087207285e-9
4.64   1.6618551999452419e-9
4.65   1.6615985778268605e-9
4.66   1.6613397928580873e-9
4.67   1.6610553239280019e-9
4.68   1.6608004648334842e-9
4.69   1.6605396089556355e-9
4.7   1.6603360335964959e-9
4.71   1.660074588569074e-9
4.72   1.6598371855075453e-9
4.73   1.659656361659566e-9
4.74   1.6594116727604077e-9
4.75   1.65922671555611e-9
4.76   1.6590274873359712e-9
4.77   1.6588366730696826e-9
4.78   1.6586434140912902e-9
4.79   1.6584696888941534e-9
4.8   1.658214906313749e-9
4.81   1.6580724525244127e-9
4.82   1.6578708807909292e-9
4.83   1.6576242844021859e-9
4.84   1.6574705982394026e-9
4.85   1.6572998923734576e-9
4.86   1.6571199804893552e-9
4.87   1.6569040774205691e-9
4.88   1.656713722717718e-9
4.89   1.6566023955241058e-9
4.9   1.6564481215950814e-9
4.91   1.6566858810480985e-9
4.92   1.6561487414647134e-9
4.93   1.65598304075548e-9
4.94   1.6558329139906026e-9
4.95   1.6556696408860322e-9
4.96   1.6555172667141951e-9
4.97   1.655326471064936e-9
4.98   1.6551462236273319e-9
4.99   1.6550266757112907e-9
5.   1.654817452458302e-9
5.01   1.654636976745906e-9
5.02   1.6544169951103034e-9
5.03   1.6542123493340796e-9
5.04   1.6539860763630265e-9
5.05   1.6537987469429585e-9
5.06   1.6535186368419998e-9
5.07   1.6532717815765584e-9
5.08   1.6530219613442911e-9
5.09   1.6527864127431447e-9
5.1   1.6525103442641028e-9
5.11   1.6522682095943343e-9
5.12   1.6519897068383306e-9
5.13   1.6516917832911515e-9
5.14   1.6513856368118443e-9
5.15   1.6511079208396042e-9
5.16   1.6507543206446286e-9
5.17   1.6504859462280185e-9
5.18   1.65100092640952e-9
5.19   1.649917556561404e-9
5.2   1.6496458288230777e-9
5.21   1.649406154423584e-9
5.22   1.649084208458639e-9
5.23   1.648837409254696e-9
5.24   1.648565209278313e-9
5.25   1.648321536516011e-9
5.26   1.6480552179825038e-9
5.27   1.6477836361006257e-9
5.28   1.6475510833443367e-9
5.29   1.6472927156871888e-9
5.3   1.6470138276412802e-9
5.31   1.6467598042223829e-9
5.32   1.6465204064140329e-9
5.33   1.6462402394281398e-9
5.34   1.6459724122539318e-9
5.35   1.6457090947081027e-9
5.36   1.6454642905099251e-9
5.37   1.6452403131973921e-9
5.38   1.6449571183853317e-9
5.39   1.6447249286733724e-9
5.4   1.644494209640816e-9
5.41   1.6442371451659789e-9
5.42   1.6440490956719227e-9
5.43   1.6437941454492603e-9
5.44   1.6436065347294514e-9
5.45   1.6434123115009198e-9
5.46   1.6431707852732876e-9
5.47   1.6429736163745316e-9
5.48   1.6428054374450256e-9
5.49   1.642544974205657e-9
5.5   1.6423836650114843e-9
5.51   1.6422017268314775e-9
5.52   1.6420430728874763e-9
5.53   1.641847158904264e-9
5.54   1.6416992758787074e-9
5.55   1.6414972832565603e-9
5.56   1.6413449200728682e-9
5.57   1.6411516781573016e-9
5.58   1.640945247533621e-9
5.59   1.6408364329917366e-9
5.6   1.6406745850136366e-9
5.61   1.6405443499828847e-9
5.62   1.640369433465678e-9
5.63   1.6402857020808289e-9
5.64   1.6401187087762311e-9
5.65   1.639981983453268e-9
5.66   1.6398865003038143e-9
5.67   1.6397796918062022e-9
5.68   1.6396654753931378e-9
5.69   1.6395591837736074e-9
5.7   1.6394258362368471e-9
5.71   1.6393118006334482e-9
5.72   1.6392017095939038e-9
5.73   1.6390756915460826e-9
5.74   1.6389733655818723e-9
5.75   1.6388545836697323e-9
5.76   1.6387287850980598e-9
5.77   1.6385401049039308e-9
5.78   1.6384058473924627e-9
5.79   1.6382824712911405e-9
5.8   1.6381506205602145e-9
5.81   1.6379982013739995e-9
5.82   1.6378148714141374e-9
5.83   1.6376522365745132e-9
5.84   1.6374744897054837e-9
5.85   1.6373228013317427e-9
5.86   1.6371360314621967e-9
5.87   1.6369608047480067e-9
5.88   1.6367230891978813e-9
5.89   1.6365635743841112e-9
5.9   1.6363771448909986e-9
5.91   1.6361958868838699e-9
5.92   1.6359861186048372e-9
5.93   1.6357875270059283e-9
5.94   1.6356065950574706e-9
5.95   1.6353822297377378e-9
5.96   1.635212462956481e-9
5.97   1.6349770981507037e-9
5.98   1.6348453608963755e-9
5.99   1.6346032521394784e-9
6.   1.6344061024674505e-9
6.01   1.6342472316801127e-9
6.02   1.6340865016694364e-9
6.03   1.6338514502427677e-9
6.04   1.633672264282932e-9
6.05   1.6335058857715499e-9
6.06   1.6333620842012818e-9
6.07   1.633110595146261e-9
6.08   1.6329379748650533e-9
6.09   1.6327521650706578e-9
6.1   1.6325236865952853e-9
6.11   1.6323492208237915e-9
6.12   1.6321529805568313e-9
6.13   1.631904457208754e-9
6.14   1.631671050852096e-9
6.15   1.631444506152886e-9
6.16   1.6312464793160523e-9
6.17   1.6309564600600757e-9
6.18   1.6307805206952609e-9
6.19   1.6305400546136475e-9
6.2   1.630314876072055e-9
6.21   1.630128717543628e-9
6.22   1.629912661472479e-9
6.23   1.6297425757355637e-9
6.24   1.629497140277824e-9
6.25   1.629312518009708e-9
6.26   1.6295270037138692e-9
6.27   1.6288688025383373e-9
6.28   1.6286558433790244e-9
6.29   1.628466782821098e-9
6.3   1.6283011648141197e-9
6.31   1.6280874997268661e-9
6.32   1.6278647342193062e-9
6.33   1.6276656428545296e-9
6.34   1.6274639639466265e-9
6.35   1.6272722673512195e-9
6.36   1.6270877685910883e-9
6.37   1.6269230354092701e-9
6.38   1.6267583567384362e-9
6.39   1.6265643018688456e-9
6.4   1.626407765409748e-9
6.41   1.6262343157903644e-9
6.42   1.6260952010225335e-9
6.43   1.6259544161333095e-9
6.44   1.6257556915369702e-9
6.45   1.6256570617749576e-9
6.46   1.6255019567497545e-9
6.47   1.625397509358648e-9
6.48   1.6252576791821937e-9
6.49   1.6251750957027471e-9
6.5   1.6249888121896115e-9
6.51   1.6249224146896986e-9
6.52   1.624796358798789e-9
6.53   1.6247029288259786e-9
6.54   1.6246750860488625e-9
6.55   1.6245919749896953e-9
6.56   1.624430689366498e-9
6.57   1.6243713903608239e-9
6.58   1.6242651491984414e-9
6.59   1.6241828940794165e-9
6.6   1.6241099456051186e-9
6.61   1.624007933848694e-9
6.62   1.6238978433216325e-9
6.63   1.6237845190871192e-9
6.64   1.623641603459054e-9
6.65   1.623489403180858e-9
6.66   1.6233691664196287e-9
6.67   1.6232318267827814e-9
6.68   1.6231341158376846e-9
6.69   1.6229843675836383e-9
6.7   1.6228181776842416e-9
6.71   1.622713879617594e-9
6.72   1.622557791352993e-9
6.73   1.6224330074843549e-9
6.74   1.6223195030588304e-9
6.75   1.622134764614421e-9
6.76   1.6219890723933512e-9
6.77   1.6218161804439547e-9
6.78   1.6216731656558154e-9
6.79   1.6214609234067699e-9
6.8   1.6213295963817353e-9
6.81   1.6212066792873036e-9
6.82   1.6210278451949586e-9
6.83   1.6208559163568058e-9
6.84   1.6206894316939169e-9
6.85   1.620538779379989e-9
6.86   1.620348454136568e-9
6.87   1.6201999879043954e-9
6.88   1.6199960462146484e-9
6.89   1.6198808716272691e-9
6.9   1.619743165239897e-9
6.91   1.6195793869267863e-9
6.92   1.6194252634233916e-9
6.93   1.6192594228683428e-9
6.94   1.6190844460337694e-9
6.95   1.6189463168469695e-9
6.96   1.6187723314586594e-9
6.97   1.6186785693963454e-9
6.98   1.618500605004949e-9
6.99   1.6182895252269652e-9
7.   1.6181691749680697e-9
7.01   1.618021489694583e-9
7.02   1.6178493263536876e-9
7.03   1.6176372522029705e-9
7.04   1.6175014699668083e-9
7.05   1.6172489730525913e-9
7.06   1.617086978766044e-9
7.07   1.6169245907433204e-9
7.08   1.616676895590013e-9
7.09   1.6165185154393568e-9
7.1   1.6163118625939455e-9
7.11   1.61609436161972e-9
7.12   1.6159086801515918e-9
7.13   1.6156863622793582e-9
7.14   1.6154951776516608e-9
7.15   1.6153424759586906e-9
7.16   1.6151189227776262e-9
7.17   1.614937244461091e-9
7.18   1.6147404577991387e-9
7.19   1.6145704781576136e-9
7.2   1.6144095614562927e-9
7.21   1.614188957688976e-9
7.22   1.6139894832206038e-9
7.23   1.6137867377902925e-9
7.24   1.6135512066595646e-9
7.25   1.6133509025282007e-9
7.26   1.613125631822856e-9
7.27   1.6129425433653378e-9
7.28   1.6127669499167706e-9
7.29   1.612524878099526e-9
7.3   1.6123200164264813e-9
7.31   1.6121403324321097e-9
7.32   1.6119593121005852e-9
7.33   1.6117238772975559e-9
7.34   1.611507736841461e-9
7.35   1.611303545277672e-9
7.36   1.6111477677394582e-9
7.37   1.610927032309849e-9
7.38   1.6107518627618947e-9
7.39   1.6105444360520853e-9
7.4   1.610404955374642e-9
7.41   1.6102308797279228e-9
7.42   1.6099952975985553e-9
7.43   1.6098876277330775e-9
7.44   1.6097302166200361e-9
7.45   1.6095508822781814e-9
7.46   1.6093833897782284e-9
7.47   1.6092765249867442e-9
7.48   1.6091372399737999e-9
7.49   1.6089534291881759e-9
7.5   1.6088423214322955e-9
7.51   1.6087133901331154e-9
7.52   1.6085784853781297e-9
7.53   1.6084880634164773e-9
7.54   1.6083679274113982e-9
7.55   1.6082612962024545e-9
7.56   1.6081842462087132e-9
7.57   1.608110201382111e-9
7.58   1.6080181577280172e-9
7.59   1.6079024158923272e-9
7.6   1.6077913746812785e-9
7.61   1.6076940637575967e-9
7.62   1.6076016285802997e-9
7.63   1.6075347320674688e-9
7.64   1.6074712614614719e-9
7.65   1.6073296315042528e-9
7.66   1.6072082682899077e-9
7.67   1.6071584857447928e-9
7.68   1.607007947014182e-9
7.69   1.606957610862406e-9
7.7   1.6068833388381522e-9
7.71   1.6067729856105445e-9
7.72   1.60671971310021e-9
7.73   1.6066193721352305e-9
7.74   1.6065087084929076e-9
7.75   1.6064203391143224e-9
7.76   1.606341886434731e-9
7.77   1.6062475871308266e-9
7.78   1.606169573926806e-9
7.79   1.6060572577929834e-9
7.8   1.6059734582436001e-9
7.81   1.6058182470581063e-9
7.82   1.6057621350931415e-9
7.83   1.6056402762159027e-9
7.84   1.605543342095234e-9
7.85   1.6054630756972625e-9
7.86   1.6052893480713977e-9
7.87   1.6051864653714231e-9
7.88   1.6050873742009622e-9
7.89   1.6049864417048541e-9
7.9   1.6048699094340526e-9
7.91   1.6047961656045028e-9
7.92   1.6046817957238816e-9
7.93   1.6045158185908963e-9
7.94   1.6044499820716315e-9
7.95   1.6043529568209004e-9
7.96   1.6042760438030662e-9
7.97   1.604157382453903e-9
7.98   1.6040532642430547e-9
7.99   1.603906073826003e-9
8.   1.603814174052581e-9
8.01   1.603687576429376e-9
8.02   1.6035865658940385e-9
8.03   1.6034765163477856e-9
8.04   1.6033756882883618e-9
8.05   1.6032888952039655e-9
8.06   1.6031047578482097e-9
8.07   1.602969256593245e-9
8.08   1.602831505697525e-9
8.09   1.6026816349725194e-9
8.1   1.6025501113240788e-9
8.11   1.602481182646812e-9
8.12   1.6023154751831627e-9
8.13   1.6021307497182347e-9
8.14   1.6019878761526595e-9
8.15   1.601846631038718e-9
8.16   1.6017291863569379e-9
8.17   1.6015946868175962e-9
8.18   1.6014622656446368e-9
8.19   1.6013330708492677e-9
8.2   1.6011475041026256e-9
8.21   1.6010424238347484e-9
8.22   1.6009187956414413e-9
8.23   1.6007876270513358e-9
8.24   1.6006218543623235e-9
8.25   1.6005234956462242e-9
8.26   1.600379141338307e-9
8.27   1.6002535335907655e-9
8.28   1.6000933110928066e-9
8.29   1.5999666624543022e-9
8.3   1.5998444551618437e-9
8.31   1.5996493959187008e-9
8.32   1.599511578810615e-9
8.33   1.5993651440737118e-9
8.34   1.5992222015009673e-9
8.35   1.5990888787106062e-9
8.36   1.5988827823435629e-9
8.37   1.5987488864260755e-9
8.38   1.5985597629780728e-9
8.39   1.598412585666738e-9
8.4   1.598216817359255e-9
8.41   1.598038869327968e-9
8.42   1.5979144198868632e-9
8.43   1.597723834180972e-9
8.44   1.5975467001935438e-9
8.45   1.597359854565513e-9
8.46   1.5971819320771247e-9
8.47   1.5970008459669575e-9
8.48   1.5968467548190297e-9
8.49   1.5966700219859696e-9
8.5   1.596455417932339e-9
8.51   1.5963325105115639e-9
8.52   1.5961556392163117e-9
8.53   1.5959798588455269e-9
8.54   1.5957948834129924e-9
8.55   1.5956129697922857e-9
8.56   1.5954335523106528e-9
8.57   1.595261181871867e-9
8.58   1.5950911932913821e-9
8.59   1.5948930427835024e-9
8.6   1.594742853775042e-9
8.61   1.5945900319813804e-9
8.62   1.5944470318899466e-9
8.63   1.5942920182647682e-9
8.64   1.5941355313201236e-9
8.65   1.5939595221835278e-9
8.66   1.5937877224213013e-9
8.67   1.593691547421437e-9
8.68   1.5935573408366967e-9
8.69   1.593358807809859e-9
8.7   1.5932928466699405e-9
8.71   1.5931159411926665e-9
8.72   1.5930106399225885e-9
8.73   1.5928768213950205e-9
8.74   1.5927378111382493e-9
8.75   1.5925903116798892e-9
8.76   1.5924601026749935e-9
8.77   1.5923409966699239e-9
8.78   1.5922054067197483e-9
8.79   1.5921087529359723e-9
8.8   1.5919987285644128e-9
8.81   1.5918676272502814e-9
8.82   1.5917876717402698e-9
8.83   1.5916540062769571e-9
8.84   1.591551723228677e-9
8.85   1.5914766796568295e-9
8.86   1.5913434539487628e-9
8.87   1.5912824162824447e-9
8.88   1.591137800800227e-9
8.89   1.5910937108093688e-9
8.9   1.5909999770634647e-9
8.91   1.5908946662068547e-9
8.92   1.5907992930643283e-9
8.93   1.5907379654249702e-9
8.94   1.590643351066158e-9
8.95   1.5905339610116511e-9
8.96   1.59044312272708e-9
8.97   1.5903569640078714e-9
8.98   1.5902609318176043e-9
8.99   1.590179075547251e-9
9.   1.5901049514561148e-9
9.01   1.5900215070026523e-9
9.02   1.5899108604901273e-9
9.03   1.589864120402172e-9
9.04   1.5897688578415593e-9
9.05   1.5896945980267062e-9
9.06   1.5895976930652714e-9
9.07   1.5895213759264277e-9
9.08   1.5894558468421569e-9
9.09   1.5893245842988407e-9
9.1   1.589238589607831e-9
9.11   1.5891416856169094e-9
9.12   1.589056826378235e-9
9.13   1.5889972003179427e-9
9.14   1.5888918431942146e-9
9.15   1.5888097826149237e-9
9.16   1.588745652002569e-9
9.17   1.5886533521693363e-9
9.18   1.5885950264297425e-9
9.19   1.5884496631056285e-9
9.2   1.5883882182836026e-9
9.21   1.5882633392353272e-9
9.22   1.5881906734537617e-9
9.23   1.588080771749546e-9
9.24   1.5880324428044978e-9
9.25   1.5878679392308663e-9
9.26   1.5877831201318707e-9
9.27   1.5876987884116312e-9
9.28   1.5875696269941023e-9
9.29   1.5874330443008413e-9
9.3   1.5873065801556949e-9
9.31   1.5871977016695037e-9
9.32   1.5870996720551933e-9
9.33   1.586978922739396e-9
9.34   1.5868630160182642e-9
9.35   1.5867666522122355e-9
9.36   1.5866449734782773e-9
9.37   1.5864851842625525e-9
9.38   1.5864393225324823e-9
9.39   1.5863250527550937e-9
9.4   1.5861723391252737e-9
9.41   1.5860769055238536e-9
9.42   1.585946998490436e-9
9.43   1.585849545947456e-9
9.44   1.5857676381652206e-9
9.45   1.5856136975342916e-9
9.46   1.585546705794303e-9
9.47   1.5854432387734752e-9
9.48   1.5853643279539322e-9
9.49   1.5852661053936792e-9
9.5   1.585178218411241e-9
9.51   1.5850834798229487e-9
9.52   1.584995845306655e-9
9.53   1.5848990337468165e-9
9.54   1.5848067510546328e-9
9.55   1.5847238104100538e-9
9.56   1.5846012160918249e-9
9.57   1.584484936268508e-9
9.58   1.5843871739284347e-9
9.59   1.5842536494477468e-9
9.6   1.584153720103722e-9
9.61   1.5840372978139533e-9
9.62   1.5839276199794256e-9
9.63   1.5838063437909317e-9
9.64   1.5837120197888682e-9
9.65   1.5835834922522973e-9
9.66   1.583453403791858e-9
9.67   1.5833616051478422e-9
9.68   1.5832443080112078e-9
9.69   1.5831260382374314e-9
9.7   1.5830010987761029e-9
9.71   1.5828611310744554e-9
9.72   1.5827327025123527e-9
9.73   1.5826107571769726e-9
9.74   1.5824686337670462e-9
9.75   1.5823316498059759e-9
9.76   1.5822306446296544e-9
9.77   1.5820984777238339e-9
9.78   1.581926744680154e-9
9.79   1.5818308579042147e-9
9.8   1.5816945859126393e-9
9.81   1.5815763823505535e-9
9.82   1.5814277594366552e-9
9.83   1.5813063082993598e-9
9.84   1.5811525515809974e-9
9.85   1.5810319677592986e-9
9.86   1.5808649782836537e-9
9.87   1.5807359031280962e-9
9.88   1.5805857193467304e-9
9.89   1.580452346586711e-9
9.9   1.5803084264975822e-9
9.91   1.5801943431995973e-9
9.92   1.580028961032391e-9
9.93   1.5799288031585656e-9
9.94   1.5798117592607383e-9
9.95   1.5796943251597305e-9
9.96   1.5795711629964506e-9
9.97   1.5794278420981224e-9
9.98   1.5792584741376372e-9
9.99   1.5791948328058064e-9
10.   1.5790620314278683e-9