0.0001   3.002082993657331e-9
0.0002   2.898255897888458e-9
0.0003   2.840386640220197e-9
0.0004   2.7993538064018327e-9
0.0005   2.7681872499322863e-9
0.0006   2.7430564251818874e-9
0.0007   2.7218374943373873e-9
0.0008   2.7047877688706337e-9
0.0009   2.688240686362684e-9
0.001   2.673198994982092e-9
0.0011   2.6636854151804133e-9
0.0012   2.65018335456753e-9
0.0013   2.642591838993738e-9
0.0014   2.6302640938376348e-9
0.0015   2.623641845921144e-9
0.0016   2.6122530213680126e-9
0.0017   2.605211133352809e-9
0.0018   2.5995217971279572e-9
0.0019   2.5896845244050283e-9
0.002   2.583877021668069e-9
0.0021   2.5792895885682733e-9
0.0022   2.5707948695035282e-9
0.0023   2.5648135834207692e-9
0.0024   2.5609085821610936e-9
0.0025   2.5563315297916568e-9
0.0026   2.5487707496220776e-9
0.0027   2.543928329493599e-9
0.0028   2.540436790183024e-9
0.0029   2.537354422257545e-9
0.003   2.531924939240208e-9
0.0031   2.5262402477147045e-9
0.0032   2.522457340660287e-9
0.0033   2.519784308971123e-9
0.0034   2.5172764368548265e-9
0.0035   2.513208199604898e-9
0.0036   2.5076663811762044e-9
0.0037   2.5040413402604537e-9
0.0038   2.5010401466785434e-9
0.0039   2.4988719319983147e-9
0.004   2.4968770583899077e-9
0.0041   2.493754717411547e-9
0.0042   2.4892168092463064e-9
0.0043   2.4855603937324152e-9
0.0044   2.4829874161751516e-9
0.0045   2.4807765427542344e-9
0.0046   2.479049889289053e-9
0.0047   2.477376254862726e-9
0.0048   2.474844490221013e-9
0.0049   2.4712644507218807e-9
0.005   2.467500559977488e-9
0.0051   2.464979582649432e-9
0.0052   2.462759196624692e-9
0.0053   2.4609125011667894e-9
0.0054   2.4594676085638745e-9
0.0055   2.4580668966241136e-9
0.0056   2.4562913835986794e-9
0.0057   2.453822537135847e-9
0.0058   2.4504421848234703e-9
0.0059   2.4473950876319357e-9
0.006   2.445234265187731e-9
0.0061   2.443326719827995e-9
0.0062   2.4413623909763763e-9
0.0063   2.439869113972518e-9
0.0064   2.4384128515168633e-9
0.0065   2.437006009773382e-9
0.0066   2.4352793081156453e-9
0.0067   2.4330555263022243e-9
0.0068   2.4302183933485772e-9
0.0069   2.427269717551703e-9
0.007   2.424970603764773e-9
0.0071   2.423214386206842e-9
0.0072   2.4215305621637023e-9
0.0073   2.4199927677307336e-9
0.0074   2.4187785575459263e-9
0.0075   2.417639289472942e-9
0.0076   2.416539757013403e-9
0.0077   2.4153631386996098e-9
0.0078   2.413800535678892e-9
0.0079   2.4119805078357855e-9
0.008   2.409578170341503e-9
0.0081   2.407055499977907e-9
0.0082   2.4049563545889606e-9
0.0083   2.4033198350624274e-9
0.0084   2.4019276887670737e-9
0.0085   2.400481759035826e-9
0.0086   2.3992088502918703e-9
0.0087   2.3981604637880582e-9
0.0088   2.39720174749859e-9
0.0089   2.396176628150135e-9
0.009   2.395138175234423e-9
0.0091   2.393958950467043e-9
0.0092   2.3924358295229702e-9
0.0093   2.39081931699781e-9
0.0094   2.388813072675226e-9
0.0095   2.386531925437188e-9
0.0096   2.384524414576928e-9
0.0097   2.3828561455265665e-9
0.0098   2.3815541989548585e-9
0.0099   2.380289958610778e-9
0.01   2.3790291062490835e-9
0.0101   2.3778659870388976e-9
0.0102   2.3769082578856096e-9
0.0103   2.3759934535999405e-9
0.0104   2.375188210456848e-9
0.0105   2.374319984943943e-9
0.0106   2.3734008744704116e-9
0.0107   2.3724938408595532e-9
0.0108   2.3713305101777966e-9
0.0109   2.3699781615473623e-9
0.011   2.3685539640305193e-9
0.0111   2.3666733749229542e-9
0.0112   2.3647953706059807e-9
0.0113   2.363094380347497e-9
0.0114   2.3616198709640658e-9
0.0115   2.360521255528601e-9
0.0116   2.359461871309042e-9
0.0117   2.3583983056769897e-9
0.0118   2.3573034702436813e-9
0.0119   2.356338372578824e-9
0.012   2.355482775694186e-9
0.0121   2.354768055582553e-9
0.0122   2.353991815226165e-9
0.0123   2.353260833654934e-9
0.0124   2.352598052533949e-9
0.0125   2.35180105833375e-9
0.0126   2.3510547706899034e-9
0.0127   2.3500488504511085e-9
0.0128   2.348930464066828e-9
0.0129   2.3477978754798142e-9
0.013   2.3464112751009532e-9
0.0131   2.344791623643905e-9
0.0132   2.3432176768429367e-9
0.0133   2.341743911225952e-9
0.0134   2.340527941360498e-9
0.0135   2.339370766609667e-9
0.0136   2.3384957623692445e-9
0.0137   2.337537253483098e-9
0.0138   2.3366131953659543e-9
0.0139   2.3356384079431606e-9
0.014   2.334764357706836e-9
0.0141   2.334022753973409e-9
0.0142   2.333354155208384e-9
0.0143   2.3327189874309065e-9
0.0144   2.3320416700384676e-9
0.0145   2.3313718694571113e-9
0.0146   2.330727227602819e-9
0.0147   2.330147007435848e-9
0.0148   2.3294783942394236e-9
0.0149   2.328587454228721e-9
0.015   2.327715825262579e-9
0.0151   2.3266819215665117e-9
0.0152   2.3256721513946035e-9
0.0153   2.324512344168369e-9
0.0154   2.32314870197124e-9
0.0155   2.321728806001195e-9
0.0156   2.320458634821763e-9
0.0157   2.3193106930674424e-9
0.0158   2.318224637880458e-9
0.0159   2.317324080552025e-9
0.016   2.3165004194042776e-9
0.0161   2.3156942728727235e-9
0.0162   2.3148719072590435e-9
0.0163   2.3140092759212366e-9
0.0164   2.3133256893612436e-9
0.0165   2.3125782711791594e-9
0.0166   2.3119252433866034e-9
0.0167   2.311346456691009e-9
0.0168   2.3107765217551565e-9
0.0169   2.310254511567568e-9
0.017   2.3096534243263814e-9
0.0171   2.309111207560947e-9
0.0172   2.3085251047537323e-9
0.0173   2.307998271965155e-9
0.0174   2.3074753027362156e-9
0.0175   2.3068122906388377e-9
0.0176   2.306125654571376e-9
0.0177   2.3052101895261355e-9
0.0178   2.304423670184113e-9
0.0179   2.3035313118454495e-9
0.018   2.3025721375065623e-9
0.0181   2.301461005961292e-9
0.0182   2.3002830174077248e-9
0.0183   2.2990736586370034e-9
0.0184   2.2980506575242236e-9
0.0185   2.297113248640097e-9
0.0186   2.296161198523377e-9
0.0187   2.295336990859521e-9
0.0188   2.2945893069638047e-9
0.0189   2.2939400020059536e-9
0.019   2.293302131804915e-9
0.0191   2.29257553705124e-9
0.0192   2.292045504430333e-9
0.0193   2.2912187427898127e-9
0.0194   2.290704194912506e-9
0.0195   2.290158072883063e-9
0.0196   2.2896148554017936e-9
0.0197   2.2890784872333784e-9
0.0198   2.288604819650117e-9
0.0199   2.288181469836199e-9
0.02   2.287605719671242e-9
0.0201   2.287092646874182e-9
0.0202   2.2866732983500515e-9
0.0203   2.2862707392353813e-9
0.0204   2.2857901294409795e-9
0.0205   2.2853448140145764e-9
0.0206   2.284908571175891e-9
0.0207   2.2842694630146127e-9
0.0208   2.2836438983700106e-9
0.0209   2.282973932059693e-9
0.021   2.282384120719324e-9
0.0211   2.2816250573459666e-9
0.0212   2.2808122738306404e-9
0.0213   2.2797768876548666e-9
0.0214   2.2788792736219784e-9
0.0215   2.2779139876681438e-9
0.0216   2.2770034959362463e-9
0.0217   2.2761284249393954e-9
0.0218   2.275341634081055e-9
0.0219   2.274590458255911e-9
0.022   2.2740059277936015e-9
0.0221   2.2734046815575093e-9
0.0222   2.272847730024761e-9
0.0223   2.272307268011958e-9
0.0224   2.2717971506390982e-9
0.0225   2.271241538826029e-9
0.0226   2.2706721571322567e-9
0.0227   2.2701359538851992e-9
0.0228   2.269607939454695e-9
0.0229   2.2691186931692973e-9
0.023   2.268566563754695e-9
0.0231   2.2682414811176687e-9
0.0232   2.2678780248124654e-9
0.0233   2.2675029071598185e-9
0.0234   2.267052209725121e-9
0.0235   2.266658917814317e-9
0.0236   2.266344137061788e-9
0.0237   2.2659474153703016e-9
0.0238   2.2656170637541704e-9
0.0239   2.265191371320597e-9
0.024   2.2648231626144905e-9
0.0241   2.2645498998850396e-9
0.0242   2.2642408738881157e-9
0.0243   2.263683950716811e-9
0.0244   2.263155057642563e-9
0.0245   2.262788967492444e-9
0.0246   2.2619374755833825e-9
0.0247   2.2616837896890993e-9
0.0248   2.2608160577315013e-9
0.0249   2.260246702328781e-9
0.025   2.2594918719979417e-9
0.0251   2.25861150268505e-9
0.0252   2.2579548217121563e-9
0.0253   2.257040459584394e-9
0.0254   2.256423206639218e-9
0.0255   2.2557688262526616e-9
0.0256   2.255062623971623e-9
0.0257   2.2543553372567163e-9
0.0258   2.253832708603398e-9
0.0259   2.2530674092790904e-9
0.026   2.2526498133261464e-9
0.0261   2.2521566904166585e-9
0.0262   2.2519280481293177e-9
0.0263   2.2516497556990884e-9
0.0264   2.2509197111910115e-9
0.0265   2.250335760504928e-9
0.0266   2.2500621155066183e-9
0.0267   2.249527342843314e-9
0.0268   2.2492919967863893e-9
0.0269   2.24888809505127e-9
0.027   2.2484239097211378e-9
0.0271   2.248244558017502e-9
0.0272   2.2482914115850615e-9
0.0273   2.24748007302828e-9
0.0274   2.247220638316297e-9
0.0275   2.2470355704970827e-9
0.0276   2.2467683887778726e-9
0.0277   2.24648281374337e-9
0.0278   2.2461728516633585e-9
0.0279   2.2459970908747732e-9
0.028   2.2460077469571304e-9
0.0281   2.245486894073124e-9
0.0282   2.2455790078297907e-9
0.0283   2.244836909146686e-9
0.0284   2.2445489130336146e-9
0.0285   2.244591793498357e-9
0.0286   2.243902631544e-9
0.0287   2.2442530952041823e-9
0.0288   2.2433751118703067e-9
0.0289   2.2430901497997094e-9
0.029   2.2423792120735514e-9
0.0291   2.242289945895323e-9
0.0292   2.241439406109669e-9
0.0293   2.2410730584485318e-9
0.0294   2.2404631700686847e-9
0.0295   2.240022429620196e-9
0.0296   2.2392130179715587e-9
0.0297   2.238846892293912e-9
0.0298   2.2380405754161852e-9
0.0299   2.237325893011293e-9
0.03   2.2366702272652725e-9
0.0301   2.2368923478099223e-9
0.0302   2.235737944899396e-9
0.0303   2.2352917880401696e-9
0.0304   2.2347604442907754e-9
0.0305   2.2343291362057113e-9
0.0306   2.233803823664261e-9
0.0307   2.233396960709496e-9
0.0308   2.2331396036847834e-9
0.0309   2.2329767304247676e-9
0.031   2.233328094085084e-9
0.0311   2.231709176163545e-9
0.0312   2.231916931878378e-9
0.0313   2.2310745962172857e-9
0.0314   2.2306338714789545e-9
0.0315   2.230437028190836e-9
0.0316   2.2298635070356694e-9
0.0317   2.2295221050655964e-9
0.0318   2.2295610119534884e-9
0.0319   2.2289250649195537e-9
0.032   2.2291785427306192e-9
0.0321   2.228310001114577e-9
0.0322   2.2285309260412614e-9
0.0323   2.2281570528653183e-9
0.0324   2.2279699231634176e-9
0.0325   2.2279537030472133e-9
0.0326   2.2272548715269933e-9
0.0327   2.226731280929053e-9
0.0328   2.2268961006684226e-9
0.0329   2.226249193080199e-9
0.033   2.2269241097360912e-9
0.0331   2.2268184000146364e-9
0.0332   2.225635218946125e-9
0.0333   2.2256663665849708e-9
0.0334   2.225056509516022e-9
0.0335   2.2251128423370857e-9
0.0336   2.2246470653052787e-9
0.0337   2.22434837953149e-9
0.0338   2.2247792813157085e-9
0.0339   2.224401004305991e-9
0.034   2.2242511650022e-9
0.0341   2.223082030416161e-9
0.0342   2.2233776064600956e-9
0.0343   2.2218429259100347e-9
0.0344   2.221844333545369e-9
0.0345   2.222274069406624e-9
0.0346   2.2217406754524873e-9
0.0347   2.22014616353609e-9
0.0348   2.219721622140089e-9
0.0349   2.2198088412474887e-9
0.035   2.218606378954386e-9
0.0351   2.2186472709706737e-9
0.0352   2.2169165584382625e-9
0.0353   2.216478933681779e-9
0.0354   2.2165329846777093e-9
0.0355   2.2153609907662374e-9
0.0356   2.2151346779761456e-9
0.0357   2.2145870321135835e-9
0.0358   2.2141342395867637e-9
0.0359   2.2135720781909705e-9
0.036   2.2132119492597448e-9
0.0361   2.2127233738058585e-9
0.0362   2.2124642481166344e-9
0.0363   2.2126043402996916e-9
0.0364   2.213041273134571e-9
0.0365   2.211961018227026e-9
0.0366   2.211707599252874e-9
0.0367   2.2119140437312726e-9
0.0368   2.210887036075015e-9
0.0369   2.211463432708803e-9
0.037   2.2116342755341596e-9
0.0371   2.2094508370085386e-9
0.0372   2.2092464135780313e-9
0.0373   2.209548828438995e-9
0.0374   2.209183049692867e-9
0.0375   2.2082909468312484e-9
0.0376   2.208102872381416e-9
0.0377   2.2079467306892004e-9
0.0378   2.2082597124608538e-9
0.0379   2.2075671077274745e-9
0.038   2.207381855827039e-9
0.0381   2.2067931369775796e-9
0.0382   2.207097269683279e-9
0.0383   2.2072874182943137e-9
0.0384   2.2060839524128154e-9
0.0385   2.207709459593238e-9
0.0386   2.206509682205366e-9
0.0387   2.2052322784288834e-9
0.0388   2.20516445398946e-9
0.0389   2.2061950644794916e-9
0.039   2.2048250011146922e-9
0.0391   2.204606930750726e-9
0.0392   2.204265892727763e-9
0.0393   2.205276215159152e-9
0.0394   2.2040369549233484e-9
0.0395   2.203448602274347e-9
0.0396   2.2042000496457375e-9
0.0397   2.2029633908998406e-9
0.0398   2.2039169416300417e-9
0.0399   2.2037404247698476e-9
0.04   2.2026280734908206e-9
0.0401   2.2033936709848803e-9
0.0402   2.2023374962896897e-9
0.0403   2.202302935888854e-9
0.0404   2.2020179520007576e-9
0.0405   2.200058102143153e-9
0.0406   2.199863098198105e-9
0.0407   2.2004685491552673e-9
0.0408   2.1990282155233497e-9
0.0409   2.199099326366469e-9
0.041   2.198608641782344e-9
0.0411   2.1976090139298166e-9
0.0412   2.1972148032164653e-9
0.0413   2.196308441537004e-9
0.0414   2.1956675412439365e-9
0.0415   2.195297991246093e-9
0.0416   2.1947359968029273e-9
0.0417   2.195489619000188e-9
0.0418   2.1951212050382944e-9
0.0419   2.1940344663484616e-9
0.042   2.1940027153983738e-9
0.0421   2.192581440450424e-9
0.0422   2.1925713123913856e-9
0.0423   2.193302116487157e-9
0.0424   2.1933991474275614e-9
0.0425   2.1914512973267883e-9
0.0426   2.191099879121816e-9
0.0427   2.1916087954457546e-9
0.0428   2.1905327918314686e-9
0.0429   2.190578043828331e-9
0.043   2.1901567248497993e-9
0.0431   2.1903359874796636e-9
0.0432   2.19020914664876e-9
0.0433   2.189293624932523e-9
0.0434   2.1887534292178892e-9
0.0435   2.1895364411694437e-9
0.0436   2.188909575903731e-9
0.0437   2.1879348855930972e-9
0.0438   2.1881985575583077e-9
0.0439   2.1884662535581824e-9
0.044   2.187424255235868e-9
0.0441   2.187351760062148e-9
0.0442   2.1877261338616966e-9
0.0443   2.186942566814614e-9
0.0444   2.1864167844482904e-9
0.0445   2.187197805354368e-9
0.0446   2.1860694889886696e-9
0.0447   2.1854166633845047e-9
0.0448   2.1857987018306835e-9
0.0449   2.1858660169630015e-9
0.045   2.1859625990631242e-9
0.0451   2.185216943241551e-9
0.0452   2.184369012944685e-9
0.0453   2.184959950149605e-9
0.0454   2.1846871927271615e-9
0.0455   2.184464585079932e-9
0.0456   2.1848779472484538e-9
0.0457   2.1854726363310645e-9
0.0458   2.1843051599112495e-9
0.0459   2.1844892946653372e-9
0.046   2.1836709319709472e-9
0.0461   2.1830978176332777e-9
0.0462   2.1834414931094475e-9
0.0463   2.1839778188017837e-9
0.0464   2.182635713415246e-9
0.0465   2.182451825114777e-9
0.0466   2.1833556541609865e-9
0.0467   2.1817925072702155e-9
0.0468   2.1817527612750577e-9
0.0469   2.181518736708391e-9
0.047   2.1819499339949103e-9
0.0471   2.1811445866895886e-9
0.0472   2.1807210858412713e-9
0.0473   2.1813436052656892e-9
0.0474   2.1803292831749295e-9
0.0475   2.1808350178441153e-9
0.0476   2.179591109079694e-9
0.0477   2.180317606016839e-9
0.0478   2.1791895013528126e-9
0.0479   2.178959283631269e-9
0.048   2.178559038616587e-9
0.0481   2.1793747393544688e-9
0.0482   2.1792503389026545e-9
0.0483   2.1776488589466203e-9
0.0484   2.177814064703669e-9
0.0485   2.1769565126464765e-9
0.0486   2.1774229663629964e-9
0.0487   2.1757304483002067e-9
0.0488   2.17639582441728e-9
0.0489   2.1749745520335394e-9
0.049   2.1755442346459035e-9
0.0491   2.1743695597252035e-9
0.0492   2.175050181947424e-9
0.0493   2.17373504805304e-9
0.0494   2.173529938514449e-9
0.0495   2.1729791435499916e-9
0.0496   2.1741788182108635e-9
0.0497   2.172496992682672e-9
0.0498   2.172103586665252e-9
0.0499   2.1735532729023465e-9
0.05   2.1718024283942854e-9
0.0501   2.1719037654924484e-9
0.0502   2.171509252337728e-9
0.0503   2.1719151798315444e-9
0.0504   2.1708236323024283e-9
0.0505   2.1721332529929022e-9
0.0506   2.1702183000271293e-9
0.0507   2.170644600839717e-9
0.0508   2.170837519313127e-9
0.0509   2.1703764002026723e-9
0.051   2.1695923928738482e-9
0.0511   2.1693249727395425e-9
0.0512   2.1698450205256196e-9
0.0513   2.1693293307433675e-9
0.0514   2.1686303820561467e-9
0.0515   2.1686281968535138e-9
0.0516   2.168296574669098e-9
0.0517   2.167868458116526e-9
0.0518   2.168894768227425e-9
0.0519   2.168847436360676e-9
0.052   2.167454976008192e-9
0.0521   2.1682986377558815e-9
0.0522   2.167441195069724e-9
0.0523   2.1664864292181564e-9
0.0524   2.166215838979841e-9
0.0525   2.1667880967343033e-9
0.0526   2.1661493912462245e-9
0.0527   2.1680522108457362e-9
0.0528   2.1660442078244025e-9
0.0529   2.1656615641610813e-9
0.053   2.165514982839842e-9
0.0531   2.1654587080548483e-9
0.0532   2.165889769122812e-9
0.0533   2.1653553570924486e-9
0.0534   2.1649363001371675e-9
0.0535   2.165858060141702e-9
0.0536   2.164509558489334e-9
0.0537   2.1644189175700502e-9
0.0538   2.1649682560210556e-9
0.0539   2.1640200510896084e-9
0.054   2.1648428663543147e-9
0.0541   2.164115321387042e-9
0.0542   2.1655854077196994e-9
0.0543   2.1645471863009306e-9
0.0544   2.1632332047476312e-9
0.0545   2.163649110917324e-9
0.0546   2.1636129038605034e-9
0.0547   2.163158867309738e-9
0.0548   2.16290555109138e-9
0.0549   2.1623125834472153e-9
0.055   2.1641085649881937e-9
0.0551   2.1621847331577027e-9
0.0552   2.1621709317761127e-9
0.0553   2.161760705361e-9
0.0554   2.162659417718119e-9
0.0555   2.1612571109012614e-9
0.0556   2.161169078196321e-9
0.0557   2.1617783655068537e-9
0.0558   2.1611380281188783e-9
0.0559   2.160691550405569e-9
0.056   2.161518904944059e-9
0.0561   2.160986529665244e-9
0.0562   2.1607127815173727e-9
0.0563   2.159028893020146e-9
0.0564   2.1603669256902656e-9
0.0565   2.1598410432943836e-9
0.0566   2.158947444004852e-9
0.0567   2.159007693156742e-9
0.0568   2.1592013502048407e-9
0.0569   2.1584473634075196e-9
0.057   2.1575891941036175e-9
0.0571   2.157161298221559e-9
0.0572   2.156671624699589e-9
0.0573   2.156932520508056e-9
0.0574   2.156671806674199e-9
0.0575   2.156669735650953e-9
0.0576   2.155035057905112e-9
0.0577   2.154738319936264e-9
0.0578   2.1544680534691046e-9
0.0579   2.154989912505928e-9
0.058   2.1540678002520923e-9
0.0581   2.154043987447476e-9
0.0582   2.1531187426725216e-9
0.0583   2.153036582118332e-9
0.0584   2.1523526785583423e-9
0.0585   2.152567845055252e-9
0.0586   2.1521398455909726e-9
0.0587   2.1523319525250507e-9
0.0588   2.151819770080977e-9
0.0589   2.1526109286132866e-9
0.059   2.1516555459345775e-9
0.0591   2.150985226586822e-9
0.0592   2.1512652468960042e-9
0.0593   2.150639313893313e-9
0.0594   2.150007334617443e-9
0.0595   2.15021183220749e-9
0.0596   2.1498666600129476e-9
0.0597   2.150201135939195e-9
0.0598   2.1493919459636903e-9
0.0599   2.1491127102090977e-9
0.06   2.149247641758605e-9
0.0601   2.1598629133948667e-9
0.0602   2.1596823319472998e-9
0.0603   2.1594637077843588e-9
0.0604   2.1592339929844436e-9
0.0605   2.1590281405558593e-9
0.0606   2.158846609805529e-9
0.0607   2.1586407659043838e-9
0.0608   2.1584602926630412e-9
0.0609   2.1582629133760106e-9
0.061   2.15809080779024e-9
0.0611   2.1578998629734053e-9
0.0612   2.157744745367795e-9
0.0613   2.157584745379678e-9
0.0614   2.157417946699715e-9
0.0615   2.157276264475785e-9
0.0616   2.157111717377473e-9
0.0617   2.1569572998964994e-9
0.0618   2.156796836643982e-9
0.0619   2.1566541358368672e-9
0.062   2.1564929495734916e-9
0.0621   2.1563800494133846e-9
0.0622   2.1562327832807944e-9
0.0623   2.156101298320128e-9
0.0624   2.155966863560065e-9
0.0625   2.155824190967103e-9
0.0626   2.1556857430402917e-9
0.0627   2.155536008297549e-9
0.0628   2.155385633156985e-9
0.0629   2.155233764841316e-9
0.063   2.15510516898338e-9
0.0631   2.1549712353962942e-9
0.0632   2.1548361192670084e-9
0.0633   2.1547021779621403e-9
0.0634   2.1545975029444412e-9
0.0635   2.1544838656542506e-9
0.0636   2.154350466494661e-9
0.0637   2.1542487233750815e-9
0.0638   2.1540858873371704e-9
0.0639   2.1539699752025035e-9
0.064   2.1538290508269427e-9
0.0641   2.1537037942702552e-9
0.0642   2.153609901693583e-9
0.0643   2.1534747149373316e-9
0.0644   2.1533401956356218e-9
0.0645   2.1532250726882052e-9
0.0646   2.1530764418268917e-9
0.0647   2.152937141194018e-9
0.0648   2.1528009312829473e-9
0.0649   2.152631458613274e-9
0.065   2.1524738153551002e-9
0.0651   2.1523097548116177e-9
0.0652   2.1521224108010967e-9
0.0653   2.1519371089620054e-9
0.0654   2.1517544994227246e-9
0.0655   2.151564314024579e-9
0.0656   2.1513548928537786e-9
0.0657   2.1511649329768147e-9
0.0658   2.150954687563723e-9
0.0659   2.150783401674625e-9
0.066   2.1505862328893903e-9
0.0661   2.1503885776560038e-9
0.0662   2.1501902166425233e-9
0.0663   2.149979223584519e-9
0.0664   2.1498039187847867e-9
0.0665   2.149555988602044e-9
0.0666   2.1493253149001233e-9
0.0667   2.1491008180963157e-9
0.0668   2.1488355881137372e-9
0.0669   2.148556390987804e-9
0.067   2.148310013531709e-9
0.0671   2.1480407488265523e-9
0.0672   2.147753164018947e-9
0.0673   2.1475048260471513e-9
0.0674   2.1472054301238308e-9
0.0675   2.1469555028672917e-9
0.0676   2.1466652484716504e-9
0.0677   2.146404274849276e-9
0.0678   2.1461407163414745e-9
0.0679   2.1459138810103784e-9
0.068   2.1456586236383923e-9
0.0681   2.1454102033634884e-9
0.0682   2.1451724119629618e-9
0.0683   2.144951609623952e-9
0.0684   2.1447160137419474e-9
0.0685   2.144515511329492e-9
0.0686   2.144284516684075e-9
0.0687   2.1440483777884554e-9
0.0688   2.1438477753254554e-9
0.0689   2.143640885759287e-9
0.069   2.1434480598333034e-9
0.0691   2.1432619657774822e-9
0.0692   2.1430714320660268e-9
0.0693   2.1429055141243065e-9
0.0694   2.1427242814101137e-9
0.0695   2.1425821079919425e-9
0.0696   2.1423963827711506e-9
0.0697   2.1422709668730334e-9
0.0698   2.1421002493181583e-9
0.0699   2.1419429038130444e-9
0.07   2.141791521608444e-9
0.0701   2.141627299869396e-9
0.0702   2.141481386732973e-9
0.0703   2.1413392585604183e-9
0.0704   2.1411731547765885e-9
0.0705   2.1409991478604904e-9
0.0706   2.1408504014256886e-9
0.0707   2.1406937523914854e-9
0.0708   2.1405278453528894e-9
0.0709   2.140351736473382e-9
0.071   2.1401989621723873e-9
0.0711   2.140043049073895e-9
0.0712   2.139851207983143e-9
0.0713   2.139725330199629e-9
0.0714   2.139554869159787e-9
0.0715   2.139395041780572e-9
0.0716   2.1392377155749133e-9
0.0717   2.1390859381945654e-9
0.0718   2.1389675641634697e-9
0.0719   2.138829847380717e-9
0.072   2.1387007039624932e-9
0.0721   2.1385646356730646e-9
0.0722   2.1384419758510796e-9
0.0723   2.1383093054251546e-9
0.0724   2.1382076742521885e-9
0.0725   2.13806049803957e-9
0.0726   2.137946520978811e-9
0.0727   2.137817262630411e-9
0.0728   2.137731378727091e-9
0.0729   2.1375840408701326e-9
0.073   2.13750377692213e-9
0.0731   2.1373803703200735e-9
0.0732   2.1372779550392836e-9
0.0733   2.1371670358069582e-9
0.0734   2.137075644043711e-9
0.0735   2.1369534910501817e-9
0.0736   2.136845225891705e-9
0.0737   2.1367466558088786e-9
0.0738   2.1366416035468267e-9
0.0739   2.136518720706551e-9
0.074   2.136412012796617e-9
0.0741   2.1362907921205473e-9
0.0742   2.13617651827453e-9
0.0743   2.1360867442719265e-9
0.0744   2.1359769096729464e-9
0.0745   2.1358855807983103e-9
0.0746   2.135791573988945e-9
0.0747   2.135678691992954e-9
0.0748   2.1355811202479596e-9
0.0749   2.135509381599945e-9
0.075   2.1353762000690098e-9
0.0751   2.1352904588896163e-9
0.0752   2.1351755483999017e-9
0.0753   2.135067105120907e-9
0.0754   2.1349825826490007e-9
0.0755   2.134872775760863e-9
0.0756   2.1347609602072885e-9
0.0757   2.1346869661027763e-9
0.0758   2.1345378747967072e-9
0.0759   2.134477556368616e-9
0.076   2.1343576812925343e-9
0.0761   2.1342274673352783e-9
0.0762   2.1341208220668936e-9
0.0763   2.133989773979162e-9
0.0764   2.1338522392533273e-9
0.0765   2.1337051317796345e-9
0.0766   2.13355341705442e-9
0.0767   2.133414628220934e-9
0.0768   2.1332472461098587e-9
0.0769   2.1330787444840952e-9
0.077   2.1329353824564617e-9
0.0771   2.1327474113290017e-9
0.0772   2.1325718497671495e-9
0.0773   2.1324016006305903e-9
0.0774   2.132237478648568e-9
0.0775   2.1320546477304353e-9
0.0776   2.1318886654510172e-9
0.0777   2.1317284266316724e-9
0.0778   2.131529492106544e-9
0.0779   2.131363780603436e-9
0.078   2.131186284853829e-9
0.0781   2.130996052292708e-9
0.0782   2.1308173444198767e-9
0.0783   2.1306037328341254e-9
0.0784   2.130389693780974e-9
0.0785   2.130170852303018e-9
0.0786   2.129943558320481e-9
0.0787   2.1297205134527598e-9
0.0788   2.1294499601230673e-9
0.0789   2.129207819796185e-9
0.079   2.1289939661517323e-9
0.0791   2.1287138522366457e-9
0.0792   2.1284501143772474e-9
0.0793   2.1282076805857597e-9
0.0794   2.1279651246784444e-9
0.0795   2.12769705980084e-9
0.0796   2.1274395774734757e-9
0.0797   2.12718912423821e-9
0.0798   2.1269649070941464e-9
0.0799   2.126704698976703e-9
0.08   2.1264706983804004e-9
0.0801   2.126227372073754e-9
0.0802   2.1259909233305985e-9
0.0803   2.1257653513010864e-9
0.0804   2.1255324472061617e-9
0.0805   2.1253234548537363e-9
0.0806   2.12510558947548e-9
0.0807   2.124897636278988e-9
0.0808   2.1246889966109378e-9
0.0809   2.124487119071018e-9
0.081   2.1242727856383845e-9
0.0811   2.124076692034165e-9
0.0812   2.1238884619537435e-9
0.0813   2.1236906024188683e-9
0.0814   2.1234936175071598e-9
0.0815   2.1233341022613662e-9
0.0816   2.123141855939039e-9
0.0817   2.1229778143521897e-9
0.0818   2.1228351663927314e-9
0.0819   2.1226676567571468e-9
0.082   2.1225189544172838e-9
0.0821   2.1223697712860446e-9
0.0822   2.122210378442927e-9
0.0823   2.1220569808939413e-9
0.0824   2.1218845683620687e-9
0.0825   2.121749410169004e-9
0.0826   2.1215744945010653e-9
0.0827   2.1214541393195866e-9
0.0828   2.121310855404195e-9
0.0829   2.1211653657311213e-9
0.083   2.1210082864333626e-9
0.0831   2.1209081009553776e-9
0.0832   2.1207171345114773e-9
0.0833   2.120577888904655e-9
0.0834   2.120430679939631e-9
0.0835   2.120286482463212e-9
0.0836   2.120145416413001e-9
0.0837   2.1200056503025867e-9
0.0838   2.1198504396892677e-9
0.0839   2.1196917581377275e-9
0.084   2.1195601608420963e-9
0.0841   2.1194571403398555e-9
0.0842   2.1192988549440936e-9
0.0843   2.11915689486745e-9
0.0844   2.119022068915907e-9
0.0845   2.1188960044108395e-9
0.0846   2.1187599409891616e-9
0.0847   2.118644414427583e-9
0.0848   2.118530833493693e-9
0.0849   2.118421001792868e-9
0.085   2.1183292908534407e-9
0.0851   2.1182135497026407e-9
0.0852   2.118138049665014e-9
0.0853   2.1180173706764317e-9
0.0854   2.1179161368179e-9
0.0855   2.1178242825978406e-9
0.0856   2.117708220685746e-9
0.0857   2.117630046841245e-9
0.0858   2.1175134438648613e-9
0.0859   2.1174242278880407e-9
0.086   2.117331244231503e-9
0.0861   2.1172709115530686e-9
0.0862   2.1171835583127526e-9
0.0863   2.117097755185119e-9
0.0864   2.1170234815652904e-9
0.0865   2.1169175470886628e-9
0.0866   2.1168406400965467e-9
0.0867   2.1167675596527783e-9
0.0868   2.1167009319694986e-9
0.0869   2.116599969843796e-9
0.087   2.1165197565176898e-9
0.0871   2.1164082714315176e-9
0.0872   2.116340051181211e-9
0.0873   2.1162251915000587e-9
0.0874   2.1161582044793597e-9
0.0875   2.1160828554263918e-9
0.0876   2.1159880208353707e-9
0.0877   2.115937344582325e-9
0.0878   2.1158481018719243e-9
0.0879   2.115785722980829e-9
0.088   2.1157113456912017e-9
0.0881   2.1156475511501263e-9
0.0882   2.1155771267461003e-9
0.0883   2.1155122014612565e-9
0.0884   2.1154332823861523e-9
0.0885   2.115360212317587e-9
0.0886   2.115284812478911e-9
0.0887   2.1152118768619914e-9
0.0888   2.115131132273947e-9
0.0889   2.115087656808924e-9
0.089   2.1150096392296386e-9
0.0891   2.114946666698268e-9
0.0892   2.114869681528608e-9
0.0893   2.1147695973993504e-9
0.0894   2.1147045070071565e-9
0.0895   2.114665011375671e-9
0.0896   2.1145781158196677e-9
0.0897   2.1144834960368385e-9
0.0898   2.114411216301682e-9
0.0899   2.1142945348708314e-9
0.09   2.114234781870324e-9
0.0901   2.11413491844487e-9
0.0902   2.1140329317318304e-9
0.0903   2.113929705749703e-9
0.0904   2.1138341157575595e-9
0.0905   2.113715299212248e-9
0.0906   2.1136056132484464e-9
0.0907   2.1134737916255516e-9
0.0908   2.1133684308801396e-9
0.0909   2.1132257901390795e-9
0.091   2.1131300027750976e-9
0.0911   2.1130077937076988e-9
0.0912   2.112868949191737e-9
0.0913   2.112747906807629e-9
0.0914   2.112624140438045e-9
0.0915   2.11253006580806e-9
0.0916   2.1124003103247836e-9
0.0917   2.1122751291702875e-9
0.0918   2.1121612588034006e-9
0.0919   2.112019250982746e-9
0.092   2.111900920506351e-9
0.0921   2.111765814268904e-9
0.0922   2.111611490487783e-9
0.0923   2.1114597133226164e-9
0.0924   2.1113137062405237e-9
0.0925   2.111148340430781e-9
0.0926   2.1109717129038905e-9
0.0927   2.110793591502066e-9
0.0928   2.110622037763582e-9
0.0929   2.1104418016465594e-9
0.093   2.1102367784591938e-9
0.0931   2.1100466815560577e-9
0.0932   2.1098446752458427e-9
0.0933   2.1096699895233566e-9
0.0934   2.1094940920088442e-9
0.0935   2.1092933624260677e-9
0.0936   2.109108695990527e-9
0.0937   2.1088985478452114e-9
0.0938   2.108741218295535e-9
0.0939   2.1085363974775267e-9
0.094   2.108339843224851e-9
0.0941   2.108173206632405e-9
0.0942   2.107987768341011e-9
0.0943   2.107820958797503e-9
0.0944   2.107623594762702e-9
0.0945   2.1074474607642128e-9
0.0946   2.1072960677770634e-9
0.0947   2.107108971730264e-9
0.0948   2.1069361985859953e-9
0.0949   2.1067884555504587e-9
0.095   2.106616033749848e-9
0.0951   2.106449912063959e-9
0.0952   2.1062804624193344e-9
0.0953   2.1061479039017696e-9
0.0954   2.1059837488905764e-9
0.0955   2.1058257979150564e-9
0.0956   2.105675606381932e-9
0.0957   2.1055223235406027e-9
0.0958   2.105414650164013e-9
0.0959   2.1052298916483715e-9
0.096   2.10509665399668e-9
0.0961   2.104961805347826e-9
0.0962   2.1048456760450787e-9
0.0963   2.104689640859081e-9
0.0964   2.1045806980478562e-9
0.0965   2.1044563799082255e-9
0.0966   2.1043389452823597e-9
0.0967   2.1042186168245244e-9
0.0968   2.104111519072244e-9
0.0969   2.1039766727693927e-9
0.097   2.1038540325506882e-9
0.0971   2.1037312935062154e-9
0.0972   2.103586313486504e-9
0.0973   2.1034617713220066e-9
0.0974   2.1033559320823407e-9
0.0975   2.103232906493299e-9
0.0976   2.103101062959404e-9
0.0977   2.102979905247264e-9
0.0978   2.1028624682092375e-9
0.0979   2.10275930627763e-9
0.098   2.1026013904251886e-9
0.0981   2.1024963513723487e-9
0.0982   2.102351368025182e-9
0.0983   2.1022368758748794e-9
0.0984   2.10210281903804e-9
0.0985   2.1019819519992157e-9
0.0986   2.1018296353566767e-9
0.0987   2.10172735453683e-9
0.0988   2.1015964654260114e-9
0.0989   2.101465071590161e-9
0.099   2.1013430495945796e-9
0.0991   2.1012290012674077e-9
0.0992   2.101099010827345e-9
0.0993   2.100974859673847e-9
0.0994   2.100848399128007e-9
0.0995   2.1007400544914124e-9
0.0996   2.1006190366088635e-9
0.0997   2.1005016361613805e-9
0.0998   2.1003981416750878e-9
0.0999   2.1002844003529276e-9
0.1   2.100193091663653e-9
0.11   2.090682436669614e-9
0.12   2.0803877375810534e-9
0.13   2.0716982614136664e-9
0.14   2.0640976098680476e-9
0.15   2.056571031084179e-9
0.16   2.0496762591321665e-9
0.17   2.0422668000453572e-9
0.18   2.0358932429108313e-9
0.19   2.0303274621642885e-9
0.2   2.0244271514868192e-9
0.21   2.019511797365218e-9
0.22   2.013493658527741e-9
0.23   2.009462242452763e-9
0.24   2.0041876774354765e-9
0.25   2.0001829760378918e-9
0.26   1.9961330050049046e-9
0.27   1.9912007441871973e-9
0.28   1.9877472733406888e-9
0.29   1.983644896152735e-9
0.3   1.9789631368684546e-9
0.31   1.975808856006718e-9
0.32   1.972277222511299e-9
0.33   1.9680359844676435e-9
0.34   1.9642971415425264e-9
0.35   1.9611961016803436e-9
0.36   1.9577273096615605e-9
0.37   1.953949246348061e-9
0.38   1.951237238869387e-9
0.39   1.9482938752291436e-9
0.4   1.945003442380989e-9
0.41   1.941709897115964e-9
0.42   1.9389840755814082e-9
0.43   1.9363043652365583e-9
0.44   1.9323945866167785e-9
0.45   1.9297192462257763e-9
0.46   1.9269799160601813e-9
0.47   1.924400536608682e-9
0.48   1.9215300753914447e-9
0.49   1.918426762610845e-9
0.5   1.9155883215772754e-9
0.51   1.912817943682896e-9
0.52   1.9102858274277887e-9
0.53   1.908000758967543e-9
0.54   1.9050702042334136e-9
0.55   1.902210238886283e-9
0.56   1.90071566062805e-9
0.57   1.8975969212204364e-9
0.58   1.894969028823711e-9
0.59   1.8918513213938476e-9
0.6   1.889463542914792e-9
0.61   1.8875601721078148e-9
0.62   1.8852452512175114e-9
0.63   1.882880817555008e-9
0.64   1.879830759195254e-9
0.65   1.8773465779339435e-9
0.66   1.875928896691142e-9
0.67   1.8728910759598385e-9
0.68   1.8697561282946794e-9
0.69   1.8683473750181534e-9
0.7   1.866043527025587e-9
0.71   1.8656579838523683e-9
0.72   1.8636176202474573e-9
0.73   1.8610565303608714e-9
0.74   1.8605958171099326e-9
0.75   1.8563350255733502e-9
0.76   1.8576900253791627e-9
0.77   1.855983950610046e-9
0.78   1.8542792375953544e-9
0.79   1.849543794811071e-9
0.8   1.8507289923769688e-9
0.81   1.849139268637164e-9
0.82   1.8467401061556316e-9
0.83   1.8479659026661852e-9
0.84   1.8469752678771346e-9
0.85   1.8457185808443552e-9
0.86   1.842292098937392e-9
0.87   1.8445456235327723e-9
0.88   1.838523850074691e-9
0.89   1.8390699839062255e-9
0.9   1.8386851610235158e-9
0.91   1.8376904094218374e-9
0.92   1.8359369587718705e-9
0.93   1.8356468140554091e-9
0.94   1.8329840385295223e-9
0.95   1.8320270726238826e-9
0.96   1.8301691919194203e-9
0.97   1.829444911157313e-9
0.98   1.8292912330800667e-9
0.99   1.8289522030853012e-9
1.   1.8261426099500169e-9
1.01   1.8261019808295144e-9
1.02   1.8198622884952526e-9
1.03   1.8215861623655823e-9
1.04   1.8194833138410598e-9
1.05   1.817486049322246e-9
1.06   1.8170137919220049e-9
1.07   1.816380649433224e-9
1.08   1.8142721605315184e-9
1.09   1.8132847334813126e-9
1.1   1.8129560211894429e-9
1.11   1.8122108541906864e-9
1.12   1.8115454890660568e-9
1.13   1.8110176653279966e-9
1.14   1.810774596671179e-9
1.15   1.8104052067224905e-9
1.16   1.8092788182465304e-9
1.17   1.8084564718974313e-9
1.18   1.8064116199126505e-9
1.19   1.8054806855711276e-9
1.2   1.8049086177047245e-9
1.21   1.8028014405095406e-9
1.22   1.802474658745816e-9
1.23   1.8013588517295957e-9
1.24   1.8010080852741889e-9
1.25   1.7993057116019715e-9
1.26   1.8001633223008747e-9
1.27   1.7992186633284054e-9
1.28   1.7987637128024336e-9
1.29   1.7957134737993135e-9
1.3   1.7926145498981717e-9
1.31   1.7948873701040792e-9
1.32   1.7953475937533093e-9
1.33   1.795526853232761e-9
1.34   1.7940012799373278e-9
1.35   1.7897008939291658e-9
1.36   1.7933934245461165e-9
1.37   1.7911144405281726e-9
1.38   1.7885622110698134e-9
1.39   1.7904139092640713e-9
1.4   1.78939070848057e-9
1.41   1.783143777143608e-9
1.42   1.7871354568082024e-9
1.43   1.786456907872225e-9
1.44   1.7847793720427556e-9
1.45   1.7813181156480025e-9
1.46   1.776604221119487e-9
1.47   1.7786250222138104e-9
1.48   1.7800356046418247e-9
1.49   1.7739963865345224e-9
1.5   1.772909362910388e-9
1.51   1.7738037112048587e-9
1.52   1.775117765156315e-9
1.53   1.7741681584036917e-9
1.54   1.7746002914136208e-9
1.55   1.7738092554356578e-9
1.56   1.7730735355237067e-9
1.57   1.7773593146419111e-9
1.58   1.7789373172689037e-9
1.59   1.7743543671870683e-9
1.6   1.7760080222739332e-9
1.61   1.7668017584463837e-9
1.62   1.7743265531438519e-9
1.63   1.7643590993992078e-9
1.64   1.7663188916343877e-9
1.65   1.7657958503221444e-9
1.66   1.7720294010372904e-9
1.67   1.7699758060361419e-9
1.68   1.7678676716706637e-9
1.69   1.7696661201662848e-9
1.7   1.768427833342404e-9
1.71   1.7695957396597703e-9
1.72   1.7667183606359077e-9
1.73   1.766069698654256e-9
1.74   1.765528460485019e-9
1.75   1.7636430230581779e-9
1.76   1.763690956587011e-9
1.77   1.7623393501504054e-9
1.78   1.7630076988846807e-9
1.79   1.763930445194953e-9
1.8   1.7622689942926788e-9
1.81   1.7594484494313337e-9
1.82   1.7589709502385412e-9
1.83   1.760142229549112e-9
1.84   1.762142233146142e-9
1.85   1.7573350799178352e-9
1.86   1.7577491292735333e-9
1.87   1.758862422678614e-9
1.88   1.7566408218696025e-9
1.89   1.759025183702296e-9
1.9   1.7556469345279505e-9
1.91   1.7588001202191252e-9
1.92   1.75791979388875e-9
1.93   1.7592754397935881e-9
1.94   1.7533214568486708e-9
1.95   1.7550562235346954e-9
1.96   1.7548259718951265e-9
1.97   1.7532954084032444e-9
1.98   1.7514322374383324e-9
1.99   1.7531300324278339e-9
2.   1.751504530515296e-9
2.01   1.7568522004752515e-9
2.02   1.7552055330317103e-9
2.03   1.7541811051031977e-9
2.04   1.7537021616197368e-9
2.05   1.75346551032559e-9
2.06   1.75552601040936e-9
2.07   1.755884834684918e-9
2.08   1.7550318089267661e-9
2.09   1.7531691096134041e-9
2.1   1.7499717040855214e-9
2.11   1.7527471579383468e-9
2.12   1.7526242424848894e-9
2.13   1.7517273763662394e-9
2.14   1.750343189220521e-9
2.15   1.7487775595073398e-9
2.16   1.7537358737362946e-9
2.17   1.7525405939642813e-9
2.18   1.7483862190282019e-9
2.19   1.7524064452965984e-9
2.2   1.7519263655940292e-9
2.21   1.7509230916934502e-9
2.22   1.7488342113873163e-9
2.23   1.7524283163699252e-9
2.24   1.750736429398564e-9
2.25   1.7481881243386411e-9
2.26   1.7512106237785983e-9
2.27   1.750458076770097e-9
2.28   1.748085260938495e-9
2.29   1.7489629140127806e-9
2.3   1.7454535147127455e-9
2.31   1.7484297837858952e-9
2.32   1.7471257048874635e-9
2.33   1.7487443907680808e-9
2.34   1.7482486299536263e-9
2.35   1.7472658033673367e-9
2.36   1.7478338865927925e-9
2.37   1.7437334204412376e-9
2.38   1.7465094375525256e-9
2.39   1.7492143801950358e-9
2.4   1.7445434199442919e-9
2.41   1.7464868863568325e-9
2.42   1.7469909186227142e-9
2.43   1.7484753451957868e-9
2.44   1.7445060436413735e-9
2.45   1.7444301921120177e-9
2.46   1.7452223129868111e-9
2.47   1.7462542820904468e-9
2.48   1.7411500984207308e-9
2.49   1.7386689396849023e-9
2.5   1.7445301170643684e-9
2.51   1.745498009223503e-9
2.52   1.74130232875818e-9
2.53   1.7415428793241032e-9
2.54   1.7407023415368214e-9
2.55   1.7421144185752268e-9
2.56   1.7451698948630232e-9
2.57   1.7413736978579278e-9
2.58   1.7453450326230253e-9
2.59   1.7461876335339364e-9
2.6   1.7416400328798867e-9
2.61   1.7451156560767706e-9
2.62   1.7440261236172758e-9
2.63   1.744092098260505e-9
2.64   1.744884891792079e-9
2.65   1.7457704197625022e-9
2.66   1.7450617829701347e-9
2.67   1.7425081378690785e-9
2.68   1.7398199968740674e-9
2.69   1.7392994056632236e-9
2.7   1.7403109627156065e-9
2.71   1.7417668138831003e-9
2.72   1.7450200041303986e-9
2.73   1.738845187505001e-9
2.74   1.7414330333187951e-9
2.75   1.7386491375624148e-9
2.76   1.7372803584388887e-9
2.77   1.7418870098829494e-9
2.78   1.7393244239989176e-9
2.79   1.7369709250846493e-9
2.8   1.7401138359887343e-9
2.81   1.7365768741618823e-9
2.82   1.7404371770660477e-9
2.83   1.7384486436159248e-9
2.84   1.7374407159654835e-9
2.85   1.7373432053422518e-9
2.86   1.739114739584218e-9
2.87   1.7383319508608706e-9
2.88   1.7367304062073041e-9
2.89   1.7370718347791716e-9
2.9   1.7386926633263085e-9
2.91   1.7389568300284183e-9
2.92   1.7385769596429966e-9
2.93   1.7388669413572258e-9
2.94   1.7379752031826388e-9
2.95   1.7404509299124708e-9
2.96   1.7363791170346584e-9
2.97   1.7376257689061245e-9
2.98   1.7403696406152573e-9
2.99   1.739482271146963e-9
3.   1.7405863603186341e-9
3.01   1.738759459373734e-9
3.02   1.74133433718458e-9
3.03   1.740822487320063e-9
3.04   1.7363064006084028e-9
3.05   1.7407915705023814e-9
3.06   1.7384498832643366e-9
3.07   1.7415956828322197e-9
3.08   1.736278461651452e-9
3.09   1.7358513038761747e-9
3.1   1.7373013920792663e-9
3.11   1.73804308891351e-9
3.12   1.7393357461967735e-9
3.13   1.742108684549809e-9
3.14   1.7423876120294592e-9
3.15   1.7422244673704125e-9
3.16   1.7363804577362318e-9
3.17   1.7411827255969837e-9
3.18   1.737665260663055e-9
3.19   1.741965402419682e-9
3.2   1.7397476157442638e-9
3.21   1.7418250198857208e-9
3.22   1.7400035639890995e-9
3.23   1.7362204258575751e-9
3.24   1.7378521270242907e-9
3.25   1.7404595291586762e-9
3.26   1.7330691053281073e-9
3.27   1.7378766009260127e-9
3.28   1.7412135531853734e-9
3.29   1.7375036831079042e-9
3.3   1.738711667150272e-9
3.31   1.7409683241047698e-9
3.32   1.7343499648053721e-9
3.33   1.740130623278837e-9
3.34   1.7428934394800274e-9
3.35   1.7324601894772873e-9
3.36   1.7381634104470146e-9
3.37   1.7409347068047034e-9
3.38   1.7413917560004716e-9
3.39   1.7406002403053159e-9
3.4   1.7388859752542988e-9
3.41   1.7368422974916741e-9
3.42   1.7418566160235919e-9
3.43   1.7411900459776358e-9
3.44   1.7370455465450597e-9
3.45   1.7419209093657796e-9
3.46   1.7391015349336326e-9
3.47   1.7438578071843793e-9
3.48   1.7399247079506596e-9
3.49   1.7407124226473658e-9
3.5   1.7406506669117936e-9
3.51   1.7411897742741374e-9
3.52   1.7439272170117914e-9
3.53   1.7393696277989028e-9
3.54   1.7447275864136137e-9
3.55   1.7453185362123237e-9
3.56   1.7426226982844834e-9
3.57   1.7435685771535723e-9
3.58   1.7455603791184016e-9
3.59   1.7455250332610424e-9
3.6   1.7382695232458083e-9
3.61   1.74288914962943e-9
3.62   1.7382323803897031e-9
3.63   1.7441509977163499e-9
3.64   1.7401785520744747e-9
3.65   1.7463242315719234e-9
3.66   1.7428234922769853e-9
3.67   1.7457878746355097e-9
3.68   1.742790204371365e-9
3.69   1.7401151247911517e-9
3.7   1.7447972038645388e-9
3.71   1.7439993789199305e-9
3.72   1.746376925132444e-9
3.73   1.7453666699785272e-9
3.74   1.7457894283245498e-9
3.75   1.7454078151488108e-9
3.76   1.7474913255790055e-9
3.77   1.7479803031396483e-9
3.78   1.7404148599731333e-9
3.79   1.7442640874984627e-9
3.8   1.7399209806664945e-9
3.81   1.7472536777740543e-9
3.82   1.7464816127483403e-9
3.83   1.744624869975446e-9
3.84   1.7464306690647363e-9
3.85   1.748446132269003e-9
3.86   1.7460106631796846e-9
3.87   1.7495098552671018e-9
3.88   1.745260900625542e-9
3.89   1.7377474779673909e-9
3.9   1.751572504977806e-9
3.91   1.7470425425926474e-9
3.92   1.7406073998833717e-9
3.93   1.7509418838127638e-9
3.94   1.74948665972493e-9
3.95   1.7479255947291195e-9
3.96   1.7471363151795415e-9
3.97   1.7402145458773986e-9
3.98   1.739990737086681e-9
3.99   1.7384807557502966e-9
4.   1.7364151135746277e-9
4.01   1.7386121446399111e-9
4.02   1.7374336732325107e-9
4.03   1.738705567066242e-9
4.04   1.7368104123297102e-9
4.05   1.7360975195493693e-9
4.06   1.7387150729985261e-9
4.07   1.7417634697661438e-9
4.08   1.7402423311627753e-9
4.09   1.7405430711024263e-9
4.1   1.7395277292819956e-9
4.11   1.7377954327619935e-9
4.12   1.7383941852998658e-9
4.13   1.7392873582382851e-9
4.14   1.7396869215138486e-9
4.15   1.737431248637729e-9
4.16   1.7399647929340079e-9
4.17   1.7423793676879764e-9
4.18   1.7406524177240928e-9
4.19   1.7422839811695898e-9
4.2   1.7378874491137408e-9
4.21   1.73857179946457e-9
4.22   1.7435591256735813e-9
4.23   1.7406996863982522e-9
4.24   1.7412409932810201e-9
4.25   1.7377495265483224e-9
4.26   1.739897014382262e-9
4.27   1.7399156965427618e-9
4.28   1.7408088071772513e-9
4.29   1.741453415774236e-9
4.3   1.7392427322128813e-9
4.31   1.7384866861379851e-9
4.32   1.7401359286742692e-9
4.33   1.7397181365292948e-9
4.34   1.7377559483369707e-9
4.35   1.7395111581782901e-9
4.36   1.7374106246308244e-9
4.37   1.7378996203073867e-9
4.38   1.7378754355164819e-9
4.39   1.7375137185842057e-9
4.4   1.7376397348382837e-9
4.41   1.7386637870082666e-9
4.42   1.7396462293713424e-9
4.43   1.7354999757501135e-9
4.44   1.7342732750542594e-9
4.45   1.7367939327800317e-9
4.46   1.7352011941338892e-9
4.47   1.7335713532898297e-9
4.48   1.7357314079761802e-9
4.49   1.7358985658634081e-9
4.5   1.73536449241051e-9
4.51   1.7341486553475854e-9
4.52   1.7336349746214574e-9
4.53   1.7316719957492465e-9
4.54   1.7327015977098883e-9
4.55   1.735506763795921e-9
4.56   1.731045910210468e-9
4.57   1.7347763920306229e-9
4.58   1.7328263687196556e-9
4.59   1.7307397702390703e-9
4.6   1.7313930816516686e-9
4.61   1.7346039804276864e-9
4.62   1.7298396386740058e-9
4.63   1.7324941414655905e-9
4.64   1.731142042926056e-9
4.65   1.7342779616440537e-9
4.66   1.7333654190022058e-9
4.67   1.729965816808945e-9
4.68   1.7366623280427936e-9
4.69   1.7351946724825425e-9
4.7   1.7333102236566088e-9
4.71   1.7340403791542897e-9
4.72   1.7350753436174863e-9
4.73   1.7339687940668394e-9
4.74   1.7333334041555003e-9
4.75   1.7333112907526732e-9
4.76   1.7337119160025232e-9
4.77   1.7334783958332642e-9
4.78   1.7336037646319152e-9
4.79   1.7349005814178215e-9
4.8   1.7344893826116042e-9
4.81   1.737181290199199e-9
4.82   1.7343814413528371e-9
4.83   1.7347617507864526e-9
4.84   1.7345786038468806e-9
4.85   1.7347672279972453e-9
4.86   1.736313605913342e-9
4.87   1.734343845508104e-9
4.88   1.7339083731284033e-9
4.89   1.7344164218064354e-9
4.9   1.7334792978243087e-9
4.91   1.7355767039934786e-9
4.92   1.7342870799719115e-9
4.93   1.7340069043396994e-9
4.94   1.733600110652686e-9
4.95   1.7389841911714126e-9
4.96   1.7350727808645804e-9
4.97   1.7353331533954439e-9
4.98   1.734041868094786e-9
4.99   1.7341305399766458e-9
5.   1.734428265660135e-9
5.01   1.7356612595273591e-9
5.02   1.7354405430966866e-9
5.03   1.737139236001738e-9
5.04   1.7342523412445778e-9
5.05   1.7345205658380746e-9
5.06   1.7342844576107758e-9
5.07   1.7392184511555929e-9
5.08   1.7365484594765315e-9
5.09   1.7335947584815602e-9
5.1   1.7378013467324674e-9
5.11   1.7330669071064618e-9
5.12   1.735081967898952e-9
5.13   1.7358873534034266e-9
5.14   1.737102937939898e-9
5.15   1.7361356840858853e-9
5.16   1.7389139687972124e-9
5.17   1.7329011814095587e-9
5.18   1.7327658909099854e-9
5.19   1.735852271233558e-9
5.2   1.7344475099580725e-9
5.21   1.7341892215496633e-9
5.22   1.732279647985976e-9
5.23   1.7353817436619478e-9
5.24   1.7339335156620233e-9
5.25   1.7335124688706817e-9
5.26   1.7343025128088147e-9
5.27   1.7333000043750796e-9
5.28   1.7335732592461945e-9
5.29   1.7333871945101837e-9
5.3   1.7370417793283933e-9
5.31   1.731737621849209e-9
5.32   1.7344531813517788e-9
5.33   1.7344068543550801e-9
5.34   1.733098313979582e-9
5.35   1.7384677781967592e-9
5.36   1.7360679307036733e-9
5.37   1.733395853585166e-9
5.38   1.7337318993274043e-9
5.39   1.7358191999256818e-9
5.4   1.7347432194821082e-9
5.41   1.732489899362411e-9
5.42   1.734610723944027e-9
5.43   1.733271510211773e-9
5.44   1.7320180840810874e-9
5.45   1.734859833752041e-9
5.46   1.7355034852091877e-9
5.47   1.7346437288138966e-9
5.48   1.733674213964992e-9
5.49   1.7346737023678807e-9
5.5   1.7390512092598422e-9
5.51   1.736027912393823e-9
5.52   1.7336962290968864e-9
5.53   1.7344004501478067e-9
5.54   1.7337489467699792e-9
5.55   1.7373898996625239e-9
5.56   1.7364212771319744e-9
5.57   1.735975888032218e-9
5.58   1.73639487357941e-9
5.59   1.7393549556154059e-9
5.6   1.73669244359349e-9
5.61   1.7347388273872019e-9
5.62   1.7364599704297337e-9
5.63   1.7365474696562732e-9
5.64   1.7351450835981661e-9
5.65   1.7332676306539565e-9
5.66   1.738943944579703e-9
5.67   1.7413693557096633e-9
5.68   1.7395089368124458e-9
5.69   1.7369366302951218e-9
5.7   1.7364144322287605e-9
5.71   1.7356678378000784e-9
5.72   1.7347471412615155e-9
5.73   1.736567958886939e-9
5.74   1.7408226459870327e-9
5.75   1.7337565444895605e-9
5.76   1.738794054456855e-9
5.77   1.740158455449758e-9
5.78   1.736535113889254e-9
5.79   1.7359576668382825e-9
5.8   1.7412259123129074e-9
5.81   1.7386575566914132e-9
5.82   1.7408602385034913e-9
5.83   1.7359898699423064e-9
5.84   1.7341669563845628e-9
5.85   1.7405159684016297e-9
5.86   1.7355689947811764e-9
5.87   1.7402191352582609e-9
5.88   1.7329781525671414e-9
5.89   1.7393118429956813e-9
5.9   1.7397401401913232e-9
5.91   1.736304865218136e-9
5.92   1.7341441467280944e-9
5.93   1.7350661737539026e-9
5.94   1.7408686061006088e-9
5.95   1.7346733878860423e-9
5.96   1.7348277781181454e-9
5.97   1.7355483191399568e-9
5.98   1.7359533102015143e-9
5.99   1.7330933793457215e-9
6.   1.7357500171015745e-9
6.01   1.7373308352091308e-9
6.02   1.7345178987746124e-9
6.03   1.7397106604853447e-9
6.04   1.7340779163244605e-9
6.05   1.7362178131484144e-9
6.06   1.7358562294315327e-9
6.07   1.7410001916784687e-9
6.08   1.7343923253739654e-9
6.09   1.735818917558364e-9
6.1   1.7401429074369317e-9
6.11   1.7372220720363636e-9
6.12   1.7322468935601577e-9
6.13   1.7372879487442003e-9
6.14   1.7380864848796499e-9
6.15   1.7349755442465888e-9
6.16   1.7333066030503346e-9
6.17   1.7352185733183367e-9
6.18   1.7321520487677427e-9
6.19   1.7317035598334353e-9
6.2   1.7296708016533553e-9
6.21   1.7389725661242046e-9
6.22   1.7337079098336066e-9
6.23   1.7334722583014565e-9
6.24   1.7343683131886648e-9
6.25   1.734102724285286e-9
6.26   1.731713263196543e-9
6.27   1.735186816355201e-9
6.28   1.7294443994109714e-9
6.29   1.736268281836135e-9
6.3   1.73290057579248e-9
6.31   1.735206969576158e-9
6.32   1.7340572586952358e-9
6.33   1.7327365099269694e-9
6.34   1.7319522236559662e-9
6.35   1.7350629933828239e-9
6.36   1.735260218871146e-9
6.37   1.73670411248445e-9
6.38   1.7290717259387169e-9
6.39   1.7341448016439423e-9
6.4   1.7309349258320126e-9
6.41   1.7339288820613362e-9
6.42   1.7312264668738727e-9
6.43   1.7352939637030243e-9
6.44   1.730598559938826e-9
6.45   1.7329128562873058e-9
6.46   1.7351235761532771e-9
6.47   1.7343358397003324e-9
6.48   1.7345505706772498e-9
6.49   1.7301904803237517e-9
6.5   1.7322713897350435e-9
6.51   1.7350222222406729e-9
6.52   1.7260851845849391e-9
6.53   1.72913709889464e-9
6.54   1.7318220953499717e-9
6.55   1.7288462558659223e-9
6.56   1.7334653248797076e-9
6.57   1.7371722025189337e-9
6.58   1.7307067729222496e-9
6.59   1.7314434133366339e-9
6.6   1.7323959424980328e-9
6.61   1.731114639116244e-9
6.62   1.7276199551474137e-9
6.63   1.7298731392540329e-9
6.64   1.7296754293770996e-9
6.65   1.7327586479888813e-9
6.66   1.7312060136378637e-9
6.67   1.7288439253576349e-9
6.68   1.7283604106526535e-9
6.69   1.7322025854547973e-9
6.7   1.7294801100278088e-9
6.71   1.7307786791922004e-9
6.72   1.7300012747969028e-9
6.73   1.7302929243765688e-9
6.74   1.7307183710895025e-9
6.75   1.731698517979397e-9
6.76   1.7293260448132562e-9
6.77   1.7250604213603449e-9
6.78   1.7180011666678248e-9
6.79   1.7258083994042076e-9
6.8   1.7184491377300593e-9
6.81   1.727184771403808e-9
6.82   1.732573373591798e-9
6.83   1.7297512154965928e-9
6.84   1.728542587775897e-9
6.85   1.7289061175896115e-9
6.86   1.7302297732902378e-9
6.87   1.7353529284293278e-9
6.88   1.7373466033391434e-9
6.89   1.7287704172139986e-9
6.9   1.7316569136327186e-9
6.91   1.7336566611864963e-9
6.92   1.7327600466772142e-9
6.93   1.7307271929532887e-9
6.94   1.7257025984062218e-9
6.95   1.7274646023095654e-9
6.96   1.7320268104808704e-9
6.97   1.7290895663956943e-9
6.98   1.7355104544444217e-9
6.99   1.7321343014553602e-9
7.   1.7305804900874513e-9
7.01   1.726811755931354e-9
7.02   1.7302408976750926e-9
7.03   1.7327060111448913e-9
7.04   1.732033215219975e-9
7.05   1.7288240112651174e-9
7.06   1.728190764338491e-9
7.07   1.7197650867887757e-9
7.08   1.731035296758172e-9
7.09   1.7318105481942904e-9
7.1   1.730915764506752e-9
7.11   1.727785299751333e-9
7.12   1.730836613771927e-9
7.13   1.7299447581825147e-9
7.14   1.7320361120435013e-9
7.15   1.7163065827641244e-9
7.16   1.7167665115037372e-9
7.17   1.7286713292943284e-9
7.18   1.726850884418738e-9
7.19   1.7319333469354467e-9
7.2   1.7312565490524818e-9
7.21   1.7315282857659796e-9
7.22   1.7306359281692562e-9
7.23   1.7293938758636807e-9
7.24   1.7296879411588411e-9
7.25   1.7298918840788535e-9
7.26   1.7293217765851334e-9
7.27   1.731919370770491e-9
7.28   1.72847110335963e-9
7.29   1.7292430449677217e-9
7.3   1.7115318086340225e-9
7.31   1.7273395497825218e-9
7.32   1.7273541145194048e-9
7.33   1.7273988666284887e-9
7.34   1.730039635912322e-9
7.35   1.7307930634251907e-9
7.36   1.7287417844298266e-9
7.37   1.7325980636332914e-9
7.38   1.72943932045353e-9
7.39   1.7307305447351582e-9
7.4   1.7302977026786106e-9
7.41   1.7297225252047901e-9
7.42   1.7354396733028293e-9
7.43   1.7267052909342042e-9
7.44   1.7192323114618625e-9
7.45   1.7311704226270069e-9
7.46   1.7347331320973977e-9
7.47   1.7309302311095957e-9
7.48   1.732590858456512e-9
7.49   1.7313098271324049e-9
7.5   1.7315870638095286e-9
7.51   1.7369796634938946e-9
7.52   1.734796417486665e-9
7.53   1.7316982543524562e-9
7.54   1.7319647956301022e-9
7.55   1.7395216176285468e-9
7.56   1.7329815436394137e-9
7.57   1.7305669603586703e-9
7.58   1.7234054207498039e-9
7.59   1.7368609365919466e-9
7.6   1.7366104099795873e-9
7.61   1.7340724774271245e-9
7.62   1.735441197097263e-9
7.63   1.740471218392591e-9
7.64   1.7337345256381435e-9
7.65   1.7356423161731074e-9
7.66   1.735341374000471e-9
7.67   1.7268706335496042e-9
7.68   1.7398081489829186e-9
7.69   1.7344559336321293e-9
7.7   1.7355458274365736e-9
7.71   1.7382479247314281e-9
7.72   1.7359734381819802e-9
7.73   1.735060842083995e-9
7.74   1.7398722670786614e-9
7.75   1.7353577632806372e-9
7.76   1.7346891765092066e-9
7.77   1.7347508144265205e-9
7.78   1.7386678005445715e-9
7.79   1.736418431877885e-9
7.8   1.7251581098933443e-9
7.81   1.7395635060623393e-9
7.82   1.7372242154123934e-9
7.83   1.7351996324309545e-9
7.84   1.7406121954787533e-9
7.85   1.7375154613383828e-9
7.86   1.7372758274558837e-9
7.87   1.7385164253088095e-9
7.88   1.7467815294890131e-9
7.89   1.7467100413608972e-9
7.9   1.7374035855603848e-9
7.91   1.737300106654668e-9
7.92   1.7379340013955456e-9
7.93   1.7375421197568322e-9
7.94   1.7368016128777065e-9
7.95   1.7386997325591473e-9
7.96   1.7387828234187493e-9
7.97   1.7386630427030362e-9
7.98   1.733444455956877e-9
7.99   1.7391713958511701e-9
8.   1.7426578684365896e-9
8.01   1.7367523542255315e-9
8.02   1.7390976552322396e-9
8.03   1.7379754149096168e-9
8.04   1.7395850537537465e-9
8.05   1.7407991675657163e-9
8.06   1.7359519733581677e-9
8.07   1.743357443522475e-9
8.08   1.7399446901224077e-9
8.09   1.740587618430859e-9
8.1   1.7374825507345805e-9
8.11   1.7417181882671187e-9
8.12   1.7402208872735201e-9
8.13   1.7422651385092934e-9
8.14   1.7440287055222797e-9
8.15   1.7361888702443288e-9
8.16   1.7387978928441647e-9
8.17   1.7364040480988262e-9
8.18   1.7389658780542711e-9
8.19   1.7263169385312133e-9
8.2   1.7389467022109693e-9
8.21   1.7415209101634764e-9
8.22   1.7411745153357392e-9
8.23   1.7429352480424838e-9
8.24   1.7404471051219837e-9
8.25   1.739480545129526e-9
8.26   1.7433871635682531e-9
8.27   1.7383390190780648e-9
8.28   1.7433715899245795e-9
8.29   1.741032666028676e-9
8.3   1.7423292266454894e-9
8.31   1.7390092555018164e-9
8.32   1.7410871897423437e-9
8.33   1.7390345698673025e-9
8.34   1.7388307548631312e-9
8.35   1.738169118324626e-9
8.36   1.7375804270790807e-9
8.37   1.7416973669278921e-9
8.38   1.7427550023619083e-9
8.39   1.7428531599968326e-9
8.4   1.7399332031160305e-9
8.41   1.739412464423467e-9
8.42   1.738635687449807e-9
8.43   1.7383149864465004e-9
8.44   1.7424340952306902e-9
8.45   1.7368815213189685e-9
8.46   1.7398721415283588e-9
8.47   1.7370939923726888e-9
8.48   1.7306781052316629e-9
8.49   1.734794647491967e-9
8.5   1.7378127364763488e-9
8.51   1.736961424160047e-9
8.52   1.7355397852260775e-9
8.53   1.7366081966692101e-9
8.54   1.7336673915955413e-9
8.55   1.734642292611999e-9
8.56   1.7347275641444565e-9
8.57   1.7331165893446438e-9
8.58   1.736102192402142e-9
8.59   1.7358343563592669e-9
8.6   1.7374841288977155e-9
8.61   1.7368222592340381e-9
8.62   1.7351457370943285e-9
8.63   1.7355741431024878e-9
8.64   1.736646232008892e-9
8.65   1.7352174958221746e-9
8.66   1.7368245947978723e-9
8.67   1.7362482836316691e-9
8.68   1.734626177898473e-9
8.69   1.7375971510324484e-9
8.7   1.7359574515676128e-9
8.71   1.736048050993197e-9
8.72   1.732410190423051e-9
8.73   1.7343990627968042e-9
8.74   1.7341249129456817e-9
8.75   1.7399045365890044e-9
8.76   1.7363963584166459e-9
8.77   1.7360801821220128e-9
8.78   1.736278699186239e-9
8.79   1.7321533361659606e-9
8.8   1.7369308652666437e-9
8.81   1.73287426564253e-9
8.82   1.7322256987156356e-9
8.83   1.7319988002748457e-9
8.84   1.735048432454224e-9
8.85   1.7343879921420545e-9
8.86   1.7309262456604171e-9
8.87   1.7335431900531982e-9
8.88   1.7351341008026411e-9
8.89   1.7343810557293194e-9
8.9   1.7367642674444304e-9
8.91   1.7310727756439613e-9
8.92   1.7347483212005571e-9
8.93   1.731321366899612e-9
8.94   1.7358080482097496e-9
8.95   1.7321996989110564e-9
8.96   1.7325136672455416e-9
8.97   1.7303464611480844e-9
8.98   1.7331329923305126e-9
8.99   1.7304376004560447e-9
9.   1.7293570431834658e-9
9.01   1.7297674792164414e-9
9.02   1.7315290509302825e-9
9.03   1.7325322887706585e-9
9.04   1.7307664180261975e-9
9.05   1.7303733586132044e-9
9.06   1.734864908465964e-9
9.07   1.7333203641965672e-9
9.08   1.7304611778126066e-9
9.09   1.733967357909436e-9
9.1   1.733950289265662e-9
9.11   1.7315184555429881e-9
9.12   1.733606138456715e-9
9.13   1.7357999810558814e-9
9.14   1.7326807570719547e-9
9.15   1.7337927884500396e-9
9.16   1.7331691661707751e-9
9.17   1.732326112955296e-9
9.18   1.7328762958357877e-9
9.19   1.72956586041929e-9
9.2   1.7318649419230609e-9
9.21   1.7339917617209525e-9
9.22   1.7314887795546231e-9
9.23   1.7301555205013892e-9
9.24   1.7347908431261291e-9
9.25   1.730974687160654e-9
9.26   1.7328661151708426e-9
9.27   1.731825775424126e-9
9.28   1.7304318877980166e-9
9.29   1.7329960935377848e-9
9.3   1.7313394182867036e-9
9.31   1.7381607205065427e-9
9.32   1.7340281916043003e-9
9.33   1.7332262478697314e-9
9.34   1.7361466890948578e-9
9.35   1.731564796290348e-9
9.36   1.732859547057899e-9
9.37   1.7323023911042344e-9
9.38   1.7339162333011429e-9
9.39   1.734903735427341e-9
9.4   1.7328555435989222e-9
9.41   1.732599336254709e-9
9.42   1.7343301277431592e-9
9.43   1.7310507068617855e-9
9.44   1.7317235769338397e-9
9.45   1.7336192710995498e-9
9.46   1.7321036684038639e-9
9.47   1.7319761858233929e-9
9.48   1.732799390988763e-9
9.49   1.7348934018790845e-9
9.5   1.7345988758331984e-9
9.51   1.734351534878998e-9
9.52   1.7239175814769024e-9
9.53   1.731215366699818e-9
9.54   1.7335181585727417e-9
9.55   1.7358083240187021e-9
9.56   1.7347247857539895e-9
9.57   1.7330927745124295e-9
9.58   1.7317502920053232e-9
9.59   1.7339844344965126e-9
9.6   1.732113631438543e-9
9.61   1.7320967919855307e-9
9.62   1.7342700950471559e-9
9.63   1.7342051327230159e-9
9.64   1.733228005472148e-9
9.65   1.7371076350699891e-9
9.66   1.7347248018930937e-9
9.67   1.732754617378511e-9
9.68   1.7345149514509138e-9
9.69   1.7344608969847895e-9
9.7   1.73298766708777e-9
9.71   1.7321608926939922e-9
9.72   1.733433304361644e-9
9.73   1.735345379066452e-9
9.74   1.7332042302999065e-9
9.75   1.7359177032041375e-9
9.76   1.7333849026364227e-9
9.77   1.7332553059175542e-9
9.78   1.7359241851612178e-9
9.79   1.7321314880287745e-9
9.8   1.7347195621563673e-9
9.81   1.7359262559345005e-9
9.82   1.739031623847903e-9
9.83   1.7379525190412967e-9
9.84   1.736409366710381e-9
9.85   1.73445171183315e-9
9.86   1.7380907893717327e-9
9.87   1.737373745512042e-9
9.88   1.735621972938895e-9
9.89   1.7343464792335832e-9
9.9   1.7331731117121163e-9
9.91   1.7354065342346812e-9
9.92   1.7343578197472171e-9
9.93   1.7367631539920527e-9
9.94   1.7356756009919515e-9
9.95   1.7354674733847866e-9
9.96   1.7351710210705631e-9
9.97   1.735338622042027e-9
9.98   1.7361610608833103e-9
9.99   1.7350991422289401e-9
10.   1.7352970210647836e-9