0.0001	2.8667612781533996e-9
0.0002	2.637153244221001e-9
0.00030000000000000003	2.5689938446345953e-9
0.0004	2.5304562927690634e-9
0.0005	2.5035234320746933e-9
0.0006000000000000001	2.4833794793084335e-9
0.0007000000000000001	2.469158394060118e-9
0.0008	2.45611351869127e-9
0.0009000000000000001	2.4470686388611316e-9
0.001	2.439290941577848e-9
0.0011	2.4326305264382887e-9
0.0012000000000000001	2.427534095143745e-9
0.0013000000000000002	2.4208960375934954e-9
0.0014000000000000002	2.414071964202799e-9
0.0015	2.4067764219022085e-9
0.0016	2.4005624753331187e-9
0.0017000000000000001	2.3953040915348353e-9
0.0018000000000000002	2.390720637612644e-9
0.0019000000000000002	2.3870442266241375e-9
0.002	2.3836097759100676e-9
0.0021	2.3795276652741725e-9
0.0022	2.3759369248478846e-9
0.0023	2.371043484283964e-9
0.0024	2.3681181374200554e-9
0.0025	2.364478105209676e-9
0.0026	2.3620288968202938e-9
0.0026999999999999997	2.359905242723632e-9
0.0028	2.356619163397622e-9
0.0029	2.35422048447666e-9
0.003	2.3515301712025793e-9
0.0031	2.3480393081879592e-9
0.0031999999999999997	2.345917271320773e-9
0.0033	2.344812385578258e-9
0.0034	2.341766342040104e-9
0.0035	2.3383384879313256e-9
0.0036	2.336352918133201e-9
0.0037	2.3349210363865067e-9
0.0038	2.3331911119806696e-9
0.0039	2.330519851530393e-9
0.004	2.3288789566570677e-9
0.0040999999999999995	2.327302758804711e-9
0.0042	2.326069208490649e-9
0.0043	2.323935414203284e-9
0.0044	2.321517074036511e-9
0.0045	2.3196224115392992e-9
0.0046	2.3180019758490036e-9
0.0047	2.3172218055078e-9
0.0048000000000000004	2.3159939047265146e-9
0.0049	2.314282275697351e-9
0.005	2.312150373352012e-9
0.0051	2.3104188167518843e-9
0.005200000000000001	2.3092843919768914e-9
0.0053	2.308145779636118e-9
0.0054	2.3069251291516746e-9
0.0055000000000000005	2.305559970879066e-9
0.005600000000000001	2.3038794891588195e-9
0.0057	2.301938121817815e-9
0.0058000000000000005	2.3004281526416235e-9
0.005900000000000001	2.299395218144329e-9
0.006	2.2986241729516363e-9
0.0061	2.2979045683802492e-9
0.006200000000000001	2.2967562932271273e-9
0.0063	2.2951698284623907e-9
0.0064	2.2933165501026658e-9
0.006500000000000001	2.291653269303168e-9
0.0066	2.290347621464451e-9
0.0067	2.289323838037809e-9
0.0068000000000000005	2.2889451263302964e-9
0.006900000000000001	2.2882096869989833e-9
0.007	2.2871462661126552e-9
0.0071	2.285641467749932e-9
0.007200000000000001	2.2842203208399188e-9
0.007300000000000001	2.2825356346345813e-9
0.0074	2.280903894798213e-9
0.007500000000000001	2.279150344303204e-9
0.007600000000000001	2.278284629757106e-9
0.007700000000000001	2.2776049480128284e-9
0.0078000000000000005	2.2773954405254276e-9
0.0079	2.2767532161983903e-9
0.008	2.2759316278458174e-9
0.008100000000000001	2.2748467993053036e-9
0.0082	2.2736271567015093e-9
0.0083	2.272418010514339e-9
0.008400000000000001	2.270958004633633e-9
0.0085	2.2695360741212807e-9
0.0086	2.268444893168406e-9
0.008700000000000001	2.2677961129075475e-9
0.0088	2.2673184393185195e-9
0.008900000000000002	2.266723774353571e-9
0.009000000000000001	2.266230669835626e-9
0.0091	2.2657633318434808e-9
0.009200000000000002	2.264983392451482e-9
0.009300000000000001	2.2642763871463346e-9
0.0094	2.26357089423794e-9
0.009500000000000001	2.2622020830794417e-9
0.009600000000000001	2.2608195415599614e-9
0.0097	2.2597474353784823e-9
0.009800000000000001	2.2585583139670476e-9
0.0099	2.2576187876086846e-9
0.010000000000000002	2.256763241129404e-9
0.0101	2.255966283881481e-9
0.010199999999999999	2.255290635274879e-9
0.0103	2.254622314972073e-9
0.0104	2.2540897690160877e-9
0.010499999999999999	2.2535879601154834e-9
0.0106	2.2530662511828e-9
0.0107	2.2522301724534073e-9
0.010799999999999999	2.251373318029415e-9
0.0109	2.250226624453374e-9
0.011	2.2489361209621235e-9
0.011099999999999999	2.247887163735884e-9
0.0112	2.2470486361256595e-9
0.0113	2.246066746411361e-9
0.0114	2.2453115445448188e-9
0.0115	2.244567115016895e-9
0.0116	2.244083257755157e-9
0.0117	2.2435143077565987e-9
0.0118	2.243268736751574e-9
0.011899999999999999	2.2428865546762394e-9
0.012	2.242632864076424e-9
0.0121	2.2420828268569393e-9
0.012199999999999999	2.2416608301485998e-9
0.0123	2.241045121761793e-9
0.0124	2.2401967088660357e-9
0.0125	2.23935183680585e-9
0.0126	2.2383258367305555e-9
0.0127	2.2375635363033914e-9
0.0128	2.2367581763669096e-9
0.0129	2.2358348101028312e-9
0.013	2.2347736870079585e-9
0.0131	2.233952652201326e-9
0.0132	2.2331465022115646e-9
0.0133	2.2325457919285585e-9
0.0134	2.231997972937639e-9
0.0135	2.2319132381867328e-9
0.013600000000000001	2.231557965335693e-9
0.0137	2.2310980439238977e-9
0.0138	2.2307791579992606e-9
0.013900000000000001	2.2303942306764023e-9
0.014	2.2298796591272412e-9
0.0141	2.229253017335054e-9
0.0142	2.2285141369090064e-9
0.0143	2.2280230652800414e-9
0.0144	2.2275612159220903e-9
0.0145	2.2269048857139536e-9
0.0146	2.226287629298357e-9
0.014700000000000001	2.2254443562494925e-9
0.0148	2.2246250582920763e-9
0.0149	2.223742133280522e-9
0.015	2.2231459846465064e-9
0.0151	2.222573033494854e-9
0.0152	2.2220343916425937e-9
0.015300000000000001	2.221728701375365e-9
0.0154	2.221367575938898e-9
0.0155	2.221100206259814e-9
0.015600000000000001	2.220802253105002e-9
0.015700000000000002	2.22050090611179e-9
0.0158	2.2202526820606583e-9
0.0159	2.2198045817855416e-9
0.016	2.219307722215006e-9
0.0161	2.2187339807712204e-9
0.0162	2.21822027116349e-9
0.016300000000000002	2.2178113373420503e-9
0.0164	2.217204902143683e-9
0.0165	2.216706932136576e-9
0.0166	2.2159908312737317e-9
0.0167	2.2152622913205266e-9
0.016800000000000002	2.214472326169094e-9
0.016900000000000002	2.2138562898796587e-9
0.017	2.213054228924173e-9
0.0171	2.2123583382440164e-9
0.0172	2.211648603096255e-9
0.0173	2.2111272718558356e-9
0.0174	2.210461877793242e-9
0.0175	2.210089190410414e-9
0.0176	2.209830691340867e-9
0.0177	2.2094565693712817e-9
0.0178	2.209298666718062e-9
0.017900000000000003	2.209413181597203e-9
0.018000000000000002	2.20925372252908e-9
0.0181	2.209015238525462e-9
0.0182	2.2087039219675307e-9
0.0183	2.208583577401752e-9
0.0184	2.208333942408657e-9
0.018500000000000003	2.2079639848810053e-9
0.018600000000000002	2.2077571695651043e-9
0.0187	2.207507710314523e-9
0.0188	2.2067694047369743e-9
0.0189	2.20647480428732e-9
0.019	2.2058227140126577e-9
0.019100000000000002	2.2053505920006e-9
0.019200000000000002	2.2047205099122417e-9
0.0193	2.204160218734427e-9
0.0194	2.2034082230609565e-9
0.0195	2.2026365148847812e-9
0.0196	2.2019098531563287e-9
0.019700000000000002	2.20119273631802e-9
0.0198	2.2003383532075907e-9
0.0199	2.1997278274907706e-9
0.02	2.199196129825216e-9
0.0201	2.1987262480160556e-9
0.0202	2.1983495149413814e-9
0.0203	2.198193402928603e-9
0.0204	2.1976641500205618e-9
0.0205	2.197486496183625e-9
0.0206	2.197289377391162e-9
0.0207	2.197118284254471e-9
0.0208	2.1967823762244422e-9
0.0209	2.1967991099026785e-9
0.021	2.196606551230134e-9
0.0211	2.196499071468873e-9
0.0212	2.1961737460727415e-9
0.0213	2.196238097656395e-9
0.0214	2.1958902321424304e-9
0.0215	2.1956092740056534e-9
0.0216	2.195435872961376e-9
0.0217	2.1951542750335454e-9
0.0218	2.1948492457342357e-9
0.0219	2.1945677455460538e-9
0.022	2.19423882332626e-9
0.0221	2.1939136349822434e-9
0.0222	2.1935952718956165e-9
0.0223	2.193206569771845e-9
0.0224	2.1925716415151722e-9
0.0225	2.1920192615409552e-9
0.022600000000000002	2.191507316495271e-9
0.0227	2.1907021372213604e-9
0.0228	2.189989251642885e-9
0.022900000000000004	2.1894782545166407e-9
0.023000000000000003	2.1889065715922448e-9
0.023100000000000002	2.1884636826132095e-9
0.023200000000000002	2.188083981902229e-9
0.0233	2.1874436490485317e-9
0.0234	2.1870915517275764e-9
0.023500000000000004	2.1866249073115528e-9
0.023600000000000003	2.1862247072959706e-9
0.023700000000000002	2.1859331261485803e-9
0.0238	2.1856651984515167e-9
0.0239	2.185275217142052e-9
0.024	2.18496143797998e-9
0.024100000000000003	2.1846073958668915e-9
0.024200000000000003	2.184509019984802e-9
0.024300000000000002	2.184078543328602e-9
0.0244	2.1838953590279584e-9
0.0245	2.183775488803277e-9
0.024600000000000004	2.1837654907689816e-9
0.024700000000000003	2.1833886648824258e-9
0.024800000000000003	2.1833556026758135e-9
0.024900000000000002	2.1830264282826242e-9
0.025	2.18276843944778e-9
0.0251	2.1827426518983128e-9
0.0252	2.182646659765366e-9
0.0253	2.182533311008871e-9
0.025400000000000002	2.1824008299432964e-9
0.025500000000000002	2.1821342131486776e-9
0.0256	2.181931121563802e-9
0.0257	2.1818593126177646e-9
0.0258	2.181376981457309e-9
0.0259	2.1812048129203487e-9
0.026000000000000002	2.1807666722188855e-9
0.0261	2.180285084393432e-9
0.0262	2.1799917647485623e-9
0.0263	2.179586469191079e-9
0.0264	2.1791782964889725e-9
0.0265	2.1787650111044696e-9
0.026600000000000002	2.1782409704358577e-9
0.0267	2.1775978461765873e-9
0.0268	2.1773315853822082e-9
0.0269	2.177158401476078e-9
0.027	2.176735359869531e-9
0.0271	2.1760997988127165e-9
0.027200000000000002	2.1758226215137717e-9
0.0273	2.1751992523479996e-9
0.0274	2.174939952180593e-9
0.0275	2.174352540713583e-9
0.0276	2.1741449683690506e-9
0.0277	2.1735973763936e-9
0.0278	2.173031292074042e-9
0.0279	2.1728228395023472e-9
0.028	2.1725358631759324e-9
0.0281	2.1720716621519624e-9
0.0282	2.17187518345089e-9
0.0283	2.171452400736577e-9
0.028399999999999998	2.171155917534449e-9
0.0285	2.170953081427056e-9
0.0286	2.1705528371421757e-9
0.0287	2.1708021823042305e-9
0.0288	2.1702804264728867e-9
0.0289	2.1703955999602074e-9
0.028999999999999998	2.170385017356553e-9
0.0291	2.1702204674576424e-9
0.0292	2.1701097570965272e-9
0.0293	2.1699574869130633e-9
0.0294	2.1698240136298353e-9
0.0295	2.1700039148922956e-9
0.0296	2.16997187165829e-9
0.0297	2.169812992458755e-9
0.0298	2.169734791485427e-9
0.0299	2.1692493633919763e-9
0.03	2.1691019093127224e-9
0.030100000000000002	2.1688178815278415e-9
0.0302	2.1686691233570024e-9
0.0303	2.1687072023152363e-9
0.030400000000000003	2.168147596836069e-9
0.030500000000000003	2.167684695445726e-9
0.030600000000000002	2.1675850837429716e-9
0.0307	2.167238980028384e-9
0.0308	2.1669009893211057e-9
0.0309	2.16669124266102e-9
0.031000000000000003	2.1667397489160197e-9
0.031100000000000003	2.1660859974180276e-9
0.031200000000000002	2.1657112739494797e-9
0.0313	2.165319461387417e-9
0.031400000000000004	2.165034982457289e-9
0.0315	2.1645456873623166e-9
0.0316	2.16422833649972e-9
0.0317	2.163929877901702e-9
0.0318	2.1635299952409965e-9
0.031900000000000005	2.162955603926956e-9
0.032	2.1627846027701357e-9
0.032100000000000004	2.162454641706811e-9
0.0322	2.16207240874477e-9
0.0323	2.161538489118571e-9
0.0324	2.1610737154895122e-9
0.0325	2.160832133976092e-9
0.032600000000000004	2.1603096111642084e-9
0.03270000000000001	2.1602030768353465e-9
0.0328	2.160073918937971e-9
0.032900000000000006	2.1594318264941723e-9
0.033	2.1592350189802975e-9
0.033100000000000004	2.159066674801618e-9
0.03320000000000001	2.158808468228018e-9
0.0333	2.1586854503437625e-9
0.033400000000000006	2.158463789998834e-9
0.0335	2.1584033496399524e-9
0.033600000000000005	2.1581878618704456e-9
0.0337	2.1580551483504778e-9
0.033800000000000004	2.157933269806744e-9
0.033900000000000007	2.157718094711547e-9
0.034	2.1574389548840387e-9
0.034100000000000005	2.157403854223444e-9
0.0342	2.1575490267134686e-9
0.034300000000000004	2.1570048374588506e-9
0.03440000000000001	2.156839840961659e-9
0.0345	2.1567339404924893e-9
0.034600000000000006	2.156848505681247e-9
0.0347	2.1564700087360882e-9
0.034800000000000005	2.1562060821158e-9
0.0349	2.1562111695338614e-9
0.035	2.156247449115781e-9
0.035100000000000006	2.1559251884860666e-9
0.03520000000000001	2.15594545579843e-9
0.035300000000000005	2.1557558445906176e-9
0.03540000000000001	2.155845549387264e-9
0.035500000000000004	2.1559155321338603e-9
0.03560000000000001	2.155585768261945e-9
0.03570000000000001	2.1553432133689616e-9
0.035800000000000005	2.1552883209602585e-9
0.03590000000000001	2.155298033251539e-9
0.036000000000000004	2.1550366687461186e-9
0.03610000000000001	2.1549660440201687e-9
0.0362	2.154275624767596e-9
0.036300000000000006	2.154446179187997e-9
0.03640000000000001	2.1542662136874336e-9
0.036500000000000005	2.153740745176434e-9
0.03660000000000001	2.1533731620062753e-9
0.0367	2.1535673855752916e-9
0.036800000000000006	2.152919941442556e-9
0.03690000000000001	2.152647525864117e-9
0.037000000000000005	2.15254099222304e-9
0.03710000000000001	2.1517033843255736e-9
0.037200000000000004	2.1515622128243653e-9
0.03730000000000001	2.1512264092549296e-9
0.0374	2.1506470835057755e-9
0.037500000000000006	2.1505750468869826e-9
0.0376	2.149931563550326e-9
0.037700000000000004	2.1494475487147064e-9
0.0378	2.1493654891655737e-9
0.0379	2.1490102263895057e-9
0.038	2.1485975007304024e-9
0.0381	2.148594820048449e-9
0.038200000000000005	2.147976201141871e-9
0.0383	2.147775255763269e-9
0.038400000000000004	2.1475785144030418e-9
0.0385	2.147276828514406e-9
0.0386	2.1471965408461277e-9
0.0387	2.1470566087629574e-9
0.0388	2.146547670076127e-9
0.038900000000000004	2.1465322942790803e-9
0.039	2.146164663655248e-9
0.0391	2.1464546286125504e-9
0.0392	2.1458464906725403e-9
0.0393	2.1458438332359285e-9
0.039400000000000004	2.1457730706774336e-9
0.0395	2.145606449323722e-9
0.0396	2.145364312346836e-9
0.0397	2.1449656952283985e-9
0.0398	2.145099484843654e-9
0.039900000000000005	2.144869655042911e-9
0.04	2.144452601294436e-9
0.040100000000000004	2.1442486752470957e-9
0.04020000000000001	2.1442573194312317e-9
0.0403	2.144106008423512e-9
0.040400000000000005	2.1439831743106774e-9
0.0405	2.1439190161253073e-9
0.040600000000000004	2.1438903450979257e-9
0.04070000000000001	2.143772824032233e-9
0.0408	2.1437594828252654e-9
0.040900000000000006	2.1437102980044767e-9
0.041	2.143492211549061e-9
0.041100000000000005	2.143384241124938e-9
0.0412	2.1434944670867715e-9
0.0413	2.143354119644252e-9
0.041400000000000006	2.143043807709816e-9
0.0415	2.143299343748761e-9
0.041600000000000005	2.1430617629983347e-9
0.0417	2.1429298099818938e-9
0.041800000000000004	2.142803330370316e-9
0.04190000000000001	2.1428264245757993e-9
0.042	2.1428561397378387e-9
0.042100000000000005	2.142445895265553e-9
0.0422	2.142472536119472e-9
0.042300000000000004	2.1424574313496783e-9
0.04240000000000001	2.142187872233269e-9
0.0425	2.1422290847463346e-9
0.042600000000000006	2.141846801783394e-9
0.04270000000000001	2.141620113091049e-9
0.042800000000000005	2.1413143511859756e-9
0.04290000000000001	2.1412522689820205e-9
0.043000000000000003	2.1410985324427196e-9
0.043100000000000006	2.1407595233766434e-9
0.04320000000000001	2.1405215380165716e-9
0.043300000000000005	2.140266716858683e-9
0.04340000000000001	2.1399793234785523e-9
0.043500000000000004	2.1393184867810607e-9
0.04360000000000001	2.1391270737460096e-9
0.0437	2.1390330070865998e-9
0.043800000000000006	2.1386826880331143e-9
0.04390000000000001	2.138325396519222e-9
0.044000000000000004	2.138068789333745e-9
0.04410000000000001	2.1377517377165666e-9
0.0442	2.137521632150581e-9
0.044300000000000006	2.137103240510169e-9
0.04440000000000001	2.13699766360547e-9
0.044500000000000005	2.1366019746694326e-9
0.04460000000000001	2.1364025538437017e-9
0.044700000000000004	2.136281187267703e-9
0.044800000000000006	2.135749543078683e-9
0.04490000000000001	2.135739634583117e-9
0.045000000000000005	2.135286682458587e-9
0.04510000000000001	2.1350663510964145e-9
0.04520000000000001	2.1351522184456776e-9
0.04530000000000001	2.134950525533761e-9
0.04540000000000001	2.134397569473314e-9
0.045500000000000006	2.1343001146808482e-9
0.04560000000000001	2.1340509322224617e-9
0.04570000000000001	2.1337324312616896e-9
0.04580000000000001	2.133639625220365e-9
0.04590000000000001	2.1334333963499497e-9
0.046000000000000006	2.133264331967002e-9
0.04610000000000001	2.133297509324508e-9
0.046200000000000005	2.1328012429077608e-9
0.04630000000000001	2.1330513275977175e-9
0.04640000000000001	2.132838804662403e-9
0.04650000000000001	2.1324631316569296e-9
0.04660000000000001	2.132455938966414e-9
0.046700000000000005	2.132256665896162e-9
0.04680000000000001	2.132304001719303e-9
0.04690000000000001	2.1320753434321377e-9
0.04700000000000001	2.132063987551078e-9
0.04710000000000001	2.131722991924573e-9
0.047200000000000006	2.131928471254219e-9
0.04730000000000001	2.131666213028514e-9
0.04740000000000001	2.131656651379013e-9
0.04750000000000001	2.131325743913263e-9
0.0476	2.131160879664947e-9
0.047700000000000006	2.1310685240260127e-9
0.0478	2.130967272332448e-9
0.047900000000000005	2.1308289904666767e-9
0.048	2.130737213796282e-9
0.048100000000000004	2.1306880485991105e-9
0.04820000000000001	2.1305335507035543e-9
0.0483	2.130641652525351e-9
0.048400000000000006	2.130458660045401e-9
0.0485	2.130233412676761e-9
0.048600000000000004	2.1300944934077653e-9
0.0487	2.13025234604007e-9
0.0488	2.130324088568435e-9
0.048900000000000006	2.1301352496551587e-9
0.049	2.130078176133441e-9
0.049100000000000005	2.130018228487605e-9
0.0492	2.13017673159315e-9
0.049300000000000004	2.1296990313817116e-9
0.049400000000000006	2.129688341640592e-9
0.0495	2.1297062585479816e-9
0.049600000000000005	2.129538077730694e-9
0.0497	2.129635569613213e-9
0.049800000000000004	2.129543400554979e-9
0.0499	2.1294925756014036e-9
0.05	2.12911221013309e-9
0.050100000000000006	2.1291922569607104e-9
0.05020000000000001	2.1289394469796953e-9
0.050300000000000004	2.128833219988567e-9
0.05040000000000001	2.1285835535733603e-9
0.0505	2.1284245897550283e-9
0.050600000000000006	2.1281794489893195e-9
0.05070000000000001	2.1278529669551834e-9
0.050800000000000005	2.127868022490357e-9
0.05090000000000001	2.1276842677988497e-9
0.051000000000000004	2.127310473367817e-9
0.051100000000000007	2.1272355209625484e-9
0.0512	2.1268214564463773e-9
0.051300000000000005	2.126473765836739e-9
0.05140000000000001	2.126366269230729e-9
0.051500000000000004	2.1262153923973726e-9
0.05160000000000001	2.1259383983084617e-9
0.0517	2.1256679835795694e-9
0.051800000000000006	2.1254010868112136e-9
0.05190000000000001	2.1251464683524726e-9
0.052000000000000005	2.1248245573938134e-9
0.05210000000000001	2.1245226375379347e-9
0.0522	2.1242778255218895e-9
0.052300000000000006	2.1240728114526284e-9
0.0524	2.1239870038467204e-9
0.052500000000000005	2.1235842596929354e-9
0.05260000000000001	2.1235005667567834e-9
0.05270000000000001	2.1231695008876575e-9
0.05280000000000001	2.1230100744365346e-9
0.05290000000000001	2.1228687825939032e-9
0.053000000000000005	2.122666955712185e-9
0.05310000000000001	2.1223477332511873e-9
0.05320000000000001	2.122298782488166e-9
0.05330000000000001	2.121964068802051e-9
0.05340000000000001	2.1218588321216078e-9
0.053500000000000006	2.121786333033773e-9
0.05360000000000001	2.1215355171397633e-9
0.053700000000000005	2.1212973806250603e-9
0.05380000000000001	2.121167021002555e-9
0.05390000000000001	2.121045151258937e-9
0.054000000000000006	2.1208988111431937e-9
0.05410000000000001	2.1208749431383162e-9
0.054200000000000005	2.1207703984473465e-9
0.05430000000000001	2.1204935373946508e-9
0.05440000000000001	2.120535074738024e-9
0.05450000000000001	2.120255210914015e-9
0.05460000000000001	2.1201361363346033e-9
0.054700000000000006	2.119830116925931e-9
0.05480000000000001	2.119821519913985e-9
0.054900000000000004	2.1196341626184352e-9
0.05500000000000001	2.1194334243599428e-9
0.0551	2.1193638323191335e-9
0.055200000000000006	2.119278696826133e-9
0.0553	2.1190051980878904e-9
0.055400000000000005	2.1190062043736407e-9
0.0555	2.1188632148829298e-9
0.055600000000000004	2.118844287934759e-9
0.055700000000000006	2.1185783837059033e-9
0.0558	2.118507914466917e-9
0.055900000000000005	2.118330317743594e-9
0.056	2.1184237325410733e-9
0.056100000000000004	2.1182992787918073e-9
0.0562	2.118327434197266e-9
0.0563	2.118194919559084e-9
0.056400000000000006	2.1181825918966056e-9
0.0565	2.1180569307803822e-9
0.056600000000000004	2.118047193682135e-9
0.0567	2.1180384938332695e-9
0.0568	2.1177675727200006e-9
0.056900000000000006	2.117932196437676e-9
0.057	2.1176122326141293e-9
0.057100000000000005	2.1175604533352034e-9
0.0572	2.1175927660093722e-9
0.057300000000000004	2.117324703870709e-9
0.05740000000000001	2.117432679022224e-9
0.0575	2.1173828527083635e-9
0.057600000000000005	2.1172689330448407e-9
0.05770000000000001	2.1173730580241704e-9
0.057800000000000004	2.1169751631715108e-9
0.05790000000000001	2.117016860073284e-9
0.058	2.1171366515827553e-9
0.058100000000000006	2.116936828474756e-9
0.05820000000000001	2.116897817773422e-9
0.058300000000000005	2.1167526545191257e-9
0.05840000000000001	2.116883094664021e-9
0.0585	2.1166802357454453e-9
0.058600000000000006	2.116762118809883e-9
0.0587	2.116607813430466e-9
0.058800000000000005	2.116663118347277e-9
0.05890000000000001	2.116279062308806e-9
0.059000000000000004	2.116246564302772e-9
0.05910000000000001	2.1162520422426397e-9
0.0592	2.1161167856744566e-9
0.059300000000000005	2.116131861706523e-9
0.05940000000000001	2.1159300994853814e-9
0.059500000000000004	2.1157982890471455e-9
0.05960000000000001	2.115575559438983e-9
0.0597	2.1154372771253445e-9
0.059800000000000006	2.115326595255242e-9
0.05990000000000001	2.1151650471868604e-9
0.060000000000000005	2.1149497633212205e-9
0.06010000000000001	2.114762431907979e-9
0.06020000000000001	2.1146719821603925e-9
0.060300000000000006	2.1144403425127764e-9
0.06040000000000001	2.114159167690365e-9
0.060500000000000005	2.1140177417821197e-9
0.06060000000000001	2.1137158945234712e-9
0.06070000000000001	2.113354191846827e-9
0.06080000000000001	2.1131630421490306e-9
0.06090000000000001	2.113083567628812e-9
0.061000000000000006	2.112730092426731e-9
0.06110000000000001	2.1125646527985317e-9
0.061200000000000004	2.112323630231215e-9
0.06130000000000001	2.1119746480588118e-9
0.06140000000000001	2.1117577529232363e-9
0.061500000000000006	2.1114020806926977e-9
0.06160000000000001	2.1115572596239342e-9
0.061700000000000005	2.1111858912967492e-9
0.06180000000000001	2.1110256142572604e-9
0.06190000000000001	2.1107306139219564e-9
0.062000000000000006	2.110571840157413e-9
0.06210000000000001	2.110475186571112e-9
0.062200000000000005	2.110230449767811e-9
0.06230000000000001	2.1102502948736358e-9
0.06240000000000001	2.1098726841041466e-9
0.06250000000000001	2.1097766619051e-9
0.0626	2.1095134704166112e-9
0.0627	2.1096473010403236e-9
0.06280000000000001	2.1092250094452994e-9
0.0629	2.1091484412645255e-9
0.063	2.109034836956472e-9
0.0631	2.1089326143862653e-9
0.0632	2.108775445030492e-9
0.06330000000000001	2.1085872719339037e-9
0.0634	2.10855521211145e-9
0.0635	2.1081572979704663e-9
0.0636	2.1080151205195994e-9
0.0637	2.1080486130169942e-9
0.06380000000000001	2.108005760901814e-9
0.0639	2.1078725701995583e-9
0.064	2.1077738113067397e-9
0.0641	2.107791990630771e-9
0.06420000000000001	2.1072913180048964e-9
0.0643	2.1072894214436986e-9
0.0644	2.1071760571757295e-9
0.0645	2.107120673034803e-9
0.0646	2.107020085557253e-9
0.06470000000000001	2.1066733854923807e-9
0.0648	2.1067910872866665e-9
0.0649	2.106481552265838e-9
0.065	2.10633088407609e-9
0.0651	2.106583116043609e-9
0.06520000000000001	2.1063842433084704e-9
0.06530000000000001	2.1062526172649074e-9
0.0654	2.1062178764831277e-9
0.0655	2.1059570548868783e-9
0.0656	2.1060168675251857e-9
0.06570000000000001	2.106005588746415e-9
0.06580000000000001	2.105939834513698e-9
0.0659	2.105705357926534e-9
0.066	2.1056609114525292e-9
0.0661	2.1055475692582e-9
0.06620000000000001	2.105578726624148e-9
0.06630000000000001	2.1054573587548588e-9
0.0664	2.105278329592777e-9
0.0665	2.1053404392815614e-9
0.0666	2.1052788729929294e-9
0.06670000000000001	2.105128402963173e-9
0.0668	2.1049627295135203e-9
0.0669	2.1050353398432533e-9
0.067	2.1050286617298187e-9
0.0671	2.104985737114525e-9
0.06720000000000001	2.104769850781314e-9
0.0673	2.1049808333012337e-9
0.0674	2.1049957883625746e-9
0.0675	2.1047694059662964e-9
0.06760000000000001	2.104725133816375e-9
0.06770000000000001	2.1046185007766457e-9
0.06780000000000001	2.1044565026355386e-9
0.0679	2.1045277918942687e-9
0.068	2.104356596230453e-9
0.06810000000000001	2.1043607560582627e-9
0.06820000000000001	2.104385793552609e-9
0.06830000000000001	2.1043549946561473e-9
0.0684	2.104269610064004e-9
0.0685	2.104096202474266e-9
0.06860000000000001	2.1041029447989016e-9
0.06870000000000001	2.1039302060401178e-9
0.06880000000000001	2.104085608123973e-9
0.0689	2.1040350284821597e-9
0.069	2.1039176657073227e-9
0.06910000000000001	2.1041591864628787e-9
0.06920000000000001	2.103692606376414e-9
0.0693	2.1039026120671115e-9
0.0694	2.1036854472319174e-9
0.0695	2.103520019686708e-9
0.06960000000000001	2.1035440602632575e-9
0.06970000000000001	2.103297525654048e-9
0.0698	2.103356762253437e-9
0.0699	2.1029455206349165e-9
0.07	2.1031538464088604e-9
0.07010000000000001	2.1029431584709908e-9
0.07020000000000001	2.1027263135861255e-9
0.07030000000000002	2.10271697284605e-9
0.0704	2.1027134345726836e-9
0.07050000000000001	2.10258773594932e-9
0.07060000000000001	2.1024707343197748e-9
0.07070000000000001	2.10222093911968e-9
0.07080000000000002	2.102129075462914e-9
0.0709	2.101820137890454e-9
0.07100000000000001	2.101889834521584e-9
0.07110000000000001	2.1016780247344704e-9
0.07120000000000001	2.1013222878693672e-9
0.07130000000000002	2.101265532611985e-9
0.0714	2.1009104175386353e-9
0.07150000000000001	2.1008722678919633e-9
0.07160000000000001	2.100286343602723e-9
0.07170000000000001	2.100388566409656e-9
0.0718	2.100346046576779e-9
0.0719	2.100088993405909e-9
0.07200000000000001	2.0999587651420038e-9
0.07210000000000001	2.099655007572641e-9
0.07220000000000001	2.0991909575662165e-9
0.0723	2.0992901910964162e-9
0.0724	2.099103746196099e-9
0.07250000000000001	2.0985958895272533e-9
0.07260000000000001	2.0987106397903883e-9
0.07270000000000001	2.0984231045213333e-9
0.07280000000000002	2.0982981872678093e-9
0.0729	2.098118380904322e-9
0.07300000000000001	2.098030140886617e-9
0.07310000000000001	2.0978094230119963e-9
0.07320000000000002	2.0977266358870502e-9
0.07330000000000002	2.0976769944852047e-9
0.0734	2.0973439191236052e-9
0.07350000000000001	2.0973597865102507e-9
0.07360000000000001	2.097140301146194e-9
0.07370000000000002	2.0968883110099374e-9
0.07380000000000002	2.096856351287458e-9
0.07390000000000001	2.0967232816417024e-9
0.07400000000000001	2.096747526729652e-9
0.07410000000000001	2.0965998039005263e-9
0.07420000000000002	2.09648890859556e-9
0.0743	2.096416016144463e-9
0.07440000000000001	2.0963474605884256e-9
0.07450000000000001	2.0958931338669477e-9
0.07460000000000001	2.096230218186107e-9
0.07470000000000002	2.0960139304670833e-9
0.0748	2.095835149235397e-9
0.07490000000000001	2.0954097170366386e-9
0.07500000000000001	2.0953459451704842e-9
0.0751	2.0954514499816174e-9
0.0752	2.0953853490850108e-9
0.0753	2.095284900039833e-9
0.0754	2.0949932427961244e-9
0.0755	2.0950861184992894e-9
0.0756	2.0948915860433088e-9
0.0757	2.094763436501897e-9
0.0758	2.0947534883111227e-9
0.0759	2.094624607417754e-9
0.076	2.0942984358094134e-9
0.0761	2.094513089896655e-9
0.0762	2.0942169986614325e-9
0.0763	2.094037197444393e-9
0.0764	2.0940633416298962e-9
0.0765	2.0939160474915708e-9
0.0766	2.0937708799675874e-9
0.0767	2.093626067951035e-9
0.07680000000000001	2.093640503639944e-9
0.0769	2.0935327137724604e-9
0.077	2.093435157071148e-9
0.0771	2.0936116175067386e-9
0.0772	2.093381155029042e-9
0.0773	2.09323630246528e-9
0.0774	2.0932380212038704e-9
0.0775	2.093312454679471e-9
0.0776	2.0932911570665422e-9
0.0777	2.0932483996652854e-9
0.07780000000000001	2.0930889611104186e-9
0.0779	2.093135366919187e-9
0.078	2.0928451051482236e-9
0.0781	2.0926985791021723e-9
0.0782	2.0924632178113946e-9
0.07830000000000001	2.0924800635065903e-9
0.0784	2.0927016292556256e-9
0.0785	2.092607127345667e-9
0.0786	2.0925238768442125e-9
0.0787	2.0922900613869047e-9
0.07880000000000001	2.0924396682215222e-9
0.0789	2.092261390245814e-9
0.079	2.0923643422343884e-9
0.0791	2.091955082407944e-9
0.0792	2.092088991252395e-9
0.07930000000000001	2.0917443931540537e-9
0.0794	2.092173054123704e-9
0.0795	2.0922830801009063e-9
0.0796	2.0919610133269966e-9
0.07970000000000001	2.0917988803951604e-9
0.0798	2.0918608636651177e-9
0.0799	2.091931241497086e-9
0.08	2.091850157167393e-9
0.0801	2.091794372748406e-9
0.08020000000000001	2.0918635729087457e-9
0.08030000000000001	2.0918862134174758e-9
0.0804	2.0917924845864073e-9
0.0805	2.0917001086754047e-9
0.0806	2.091518999131099e-9
0.08070000000000001	2.09163327994424e-9
0.08080000000000001	2.0916527775519357e-9
0.0809	2.0916027378344402e-9
0.081	2.091546421022122e-9
0.0811	2.0914147941968972e-9
0.08120000000000001	2.0913195488667523e-9
0.08130000000000001	2.0911656898829824e-9
0.0814	2.0914218798226367e-9
0.0815	2.0910674394864185e-9
0.0816	2.090947395315763e-9
0.08170000000000001	2.09112583112713e-9
0.08180000000000001	2.09071981705586e-9
0.0819	2.09088141610766e-9
0.082	2.0906075001824646e-9
0.0821	2.090651982512248e-9
0.08220000000000001	2.0905418296498993e-9
0.0823	2.090581513754814e-9
0.0824	2.09040998324482e-9
0.0825	2.090526897807518e-9
0.0826	2.0902646796074965e-9
0.08270000000000001	2.0903622035280677e-9
0.08280000000000001	2.090273970726995e-9
0.0829	2.0902065108389364e-9
0.083	2.0898600038691738e-9
0.08310000000000001	2.089740575066877e-9
0.08320000000000001	2.089857264577263e-9
0.08330000000000001	2.0894889515433106e-9
0.0834	2.0892757928281017e-9
0.0835	2.0895327884083797e-9
0.08360000000000001	2.089265738248795e-9
0.08370000000000001	2.0888724995656764e-9
0.08380000000000001	2.088857291430753e-9
0.0839	2.0887988998297986e-9
0.084	2.0887233461830946e-9
0.08410000000000001	2.0887109618465004e-9
0.08420000000000001	2.0883394625915216e-9
0.08430000000000001	2.0882580728414153e-9
0.0844	2.088271813302362e-9
0.0845	2.0879859694893123e-9
0.08460000000000001	2.0879377536245225e-9
0.08470000000000001	2.0877525129415136e-9
0.0848	2.0877827435323675e-9
0.0849	2.087440915581429e-9
0.085	2.0873358196671263e-9
0.08510000000000001	2.087045226325919e-9
0.08520000000000001	2.0870301743702964e-9
0.08530000000000001	2.0869871434234682e-9
0.0854	2.0865866495327018e-9
0.0855	2.0866130730981305e-9
0.08560000000000001	2.0862874191925724e-9
0.08570000000000001	2.086172711725669e-9
0.08580000000000002	2.086158998067571e-9
0.0859	2.0859978661461625e-9
0.08600000000000001	2.085813457676988e-9
0.08610000000000001	2.085797265387301e-9
0.08620000000000001	2.0854861390581632e-9
0.08630000000000002	2.0855617495406676e-9
0.0864	2.0852853454790226e-9
0.08650000000000001	2.0852891030822078e-9
0.08660000000000001	2.0852607282639634e-9
0.08670000000000001	2.085172312385884e-9
0.08680000000000002	2.084928062303478e-9
0.0869	2.084904006939978e-9
0.08700000000000001	2.084890641785162e-9
0.08710000000000001	2.0845115548256116e-9
0.08720000000000001	2.084687112762513e-9
0.0873	2.0844280030598252e-9
0.0874	2.0844753349263485e-9
0.08750000000000001	2.0844349841405347e-9
0.08760000000000001	2.0841751743720908e-9
0.08770000000000001	2.084135334014611e-9
0.08780000000000002	2.084262964718956e-9
0.0879	2.084012710293898e-9
0.08800000000000001	2.0841426449289058e-9
0.08810000000000001	2.0836494252171996e-9
0.08820000000000001	2.0838002427630963e-9
0.08830000000000002	2.083644487636741e-9
0.0884	2.0837073158522865e-9
0.08850000000000001	2.083572735814814e-9
0.08860000000000001	2.08350952746289e-9
0.08870000000000001	2.0836107664130164e-9
0.08880000000000002	2.083397295266411e-9
0.0889	2.0834787403723356e-9
0.08900000000000001	2.08316965501138e-9
0.08910000000000001	2.083134038434253e-9
0.08920000000000002	2.0829870336224504e-9
0.08930000000000002	2.0828067287487705e-9
0.08940000000000001	2.0829732144262984e-9
0.08950000000000001	2.083028329338776e-9
0.08960000000000001	2.082801310100861e-9
0.08970000000000002	2.0826988659732306e-9
0.0898	2.0827557314739996e-9
0.08990000000000001	2.082485326942534e-9
0.09000000000000001	2.082533704429693e-9
0.09010000000000001	2.0824822674141023e-9
0.09020000000000002	2.082559751687178e-9
0.09030000000000002	2.0822818070599672e-9
0.09040000000000001	2.0821609937525187e-9
0.09050000000000001	2.0823143684572695e-9
0.09060000000000001	2.0823871265248212e-9
0.09070000000000002	2.0819653399453225e-9
0.09080000000000002	2.0819710591141385e-9
0.09090000000000001	2.0817233706767244e-9
0.09100000000000001	2.08195014130884e-9
0.09110000000000001	2.0820731927278675e-9
0.09120000000000002	2.0820265201525634e-9
0.09130000000000002	2.082079882713699e-9
0.09140000000000001	2.0817905072128076e-9
0.09150000000000001	2.0817428699062615e-9
0.09160000000000001	2.0815038872584783e-9
0.09170000000000002	2.081797439119082e-9
0.09180000000000002	2.081594481564095e-9
0.09190000000000001	2.0815433609027745e-9
0.09200000000000001	2.0816595510296114e-9
0.09210000000000002	2.081853290511633e-9
0.09220000000000002	2.0813320360491363e-9
0.09230000000000001	2.081594031704875e-9
0.09240000000000001	2.0812545292728157e-9
0.09250000000000001	2.0815881266629026e-9
0.0926	2.0813395308116155e-9
0.0927	2.081255178709268e-9
0.09280000000000001	2.0813075669210078e-9
0.0929	2.0813415181420547e-9
0.093	2.081143717850895e-9
0.0931	2.081208180921741e-9
0.0932	2.0811201213077296e-9
0.09330000000000001	2.0810160070969713e-9
0.0934	2.0810969805708758e-9
0.0935	2.0810199504755675e-9
0.0936	2.0811420562894475e-9
0.0937	2.080930398876259e-9
0.09380000000000001	2.080749447848734e-9
0.0939	2.080908211707185e-9
0.094	2.0806768873094394e-9
0.0941	2.0808950839418814e-9
0.0942	2.080733672504376e-9
0.0943	2.080849459786339e-9
0.0944	2.080956001415393e-9
0.0945	2.080914958490428e-9
0.0946	2.0806788754524644e-9
0.0947	2.080676800334066e-9
0.0948	2.0805676141638025e-9
0.0949	2.0807393064139152e-9
0.095	2.080804929308508e-9
0.0951	2.0806370944376793e-9
0.0952	2.080466480842213e-9
0.09530000000000001	2.080485543120931e-9
0.0954	2.0805462909273547e-9
0.0955	2.0804629960382017e-9
0.0956	2.08053544401937e-9
0.09570000000000001	2.080405382560551e-9
0.09580000000000001	2.0803536930634107e-9
0.0959	2.0803509775131514e-9
0.096	2.0802064794878427e-9
0.0961	2.0801428277888315e-9
0.09620000000000001	2.0802205446827757e-9
0.09630000000000001	2.080064982232969e-9
0.0964	2.0801191819855206e-9
0.0965	2.080046164014766e-9
0.0966	2.0800812788441272e-9
0.09670000000000001	2.0799273744142224e-9
0.0968	2.0799138534035307e-9
0.0969	2.0798308408795575e-9
0.097	2.079559786382303e-9
0.0971	2.0797472416840505e-9
0.09720000000000001	2.079624009891255e-9
0.0973	2.079641240899192e-9
0.0974	2.079511048034749e-9
0.0975	2.0794311312277507e-9
0.0976	2.0793206618361973e-9
0.09770000000000001	2.0792801161562075e-9
0.09780000000000001	2.0792427879721892e-9
0.0979	2.079198177878202e-9
0.098	2.0792843088006086e-9
0.0981	2.079140743485043e-9
0.09820000000000001	2.0791182459051073e-9
0.09830000000000001	2.078975314310844e-9
0.0984	2.078599597252018e-9
0.0985	2.0787541983688116e-9
0.09860000000000001	2.0785895536359624e-9
0.09870000000000001	2.0784099666064243e-9
0.09880000000000001	2.0783391814649523e-9
0.0989	2.0782032939715548e-9
0.099	2.078314386363528e-9
0.09910000000000001	2.077967503830009e-9
0.09920000000000001	2.0777439190629053e-9
0.0993	2.0776740548279844e-9
0.0994	2.077775061405882e-9
0.0995	2.07729331062239e-9
0.09960000000000001	2.0773809226142428e-9
0.09970000000000001	2.077081874183901e-9
0.0998	2.076896175147854e-9
0.0999	2.0768504696622313e-9
0.1	2.0768800796328657e-9
0.11	2.0696975673765633e-9
0.12	2.0626151558906358e-9
0.13	2.0571619723238054e-9
0.14	2.0516936349990265e-9
0.15	2.0455977143412283e-9
0.16	2.0425999245550917e-9
0.16999999999999998	2.035727863487662e-9
0.18	2.0323510658275086e-9
0.19	2.0292225136565932e-9
0.2	2.023351045434527e-9
0.21000000000000002	2.020098292178395e-9
0.22	2.0179899768155402e-9
0.22999999999999998	2.013026331318572e-9
0.24	2.0090318023444013e-9
0.25	2.00666378907468e-9
0.26	2.00477162263677e-9
0.27	2.0003379915001405e-9
0.28	1.996731060251242e-9
0.29000000000000004	1.994115466444981e-9
0.30000000000000004	1.9925936148453864e-9
0.31	1.990376038164957e-9
0.32	1.9861267842616326e-9
0.33	1.9832846317749653e-9
0.34	1.9809245890469037e-9
0.35000000000000003	1.9795381874434225e-9
0.36	1.9778790754094907e-9
0.37	1.975077710956436e-9
0.38	1.9716879213907413e-9
0.39	1.9692071001657413e-9
0.4	1.9672181861579787e-9
0.41000000000000003	1.966059787789279e-9
0.42000000000000004	1.964943046962459e-9
0.43	1.962955394250979e-9
0.44	1.959638729563047e-9
0.45	1.9568844194827844e-9
0.45999999999999996	1.9551343187259986e-9
0.47	1.9534715905294834e-9
0.48	1.9524125173910785e-9
0.49	1.951347361174643e-9
0.5	1.9502199665086145e-9
0.51	1.9483936952613987e-9
0.52	1.9456428166211315e-9
0.53	1.943421217437273e-9
0.54	1.9419589560150674e-9
0.55	1.9405923055470253e-9
0.56	1.9395064151899313e-9
0.5700000000000001	1.9388782289783277e-9
0.58	1.938392557027274e-9
0.59	1.9373941635670125e-9
0.6	1.935949201311166e-9
0.61	1.9338518048896177e-9
0.62	1.9319877372884283e-9
0.63	1.9305062337397073e-9
0.64	1.929433428713319e-9
0.6499999999999999	1.928493560738387e-9
0.6599999999999999	1.9278279883776104e-9
0.6699999999999999	1.9272803370450497e-9
0.6799999999999999	1.926625844542091e-9
0.69	1.9260374150498937e-9
0.7	1.925105398441647e-9
0.71	1.9240380680851122e-9
0.72	1.921996561539217e-9
0.73	1.9204473807914847e-9
0.74	1.9191608478459713e-9
0.75	1.9181820846932597e-9
0.76	1.9173275561006383e-9
0.77	1.9163190216393103e-9
0.78	1.9160041957910735e-9
0.79	1.915690981189813e-9
0.8	1.915093254996188e-9
0.81	1.9145839952488055e-9
0.8200000000000001	1.9139728660883095e-9
0.83	1.912923349473832e-9
0.84	1.911511621190658e-9
0.85	1.9099786166000756e-9
0.86	1.9083465938652734e-9
0.87	1.907243839837187e-9
0.88	1.9063441436761392e-9
0.89	1.9053574394907155e-9
0.9	1.904462747645636e-9
0.91	1.903669897182627e-9
0.92	1.9032187419900805e-9
0.93	1.902562026563143e-9
0.9400000000000001	1.902280451230878e-9
0.9500000000000001	1.901784666182928e-9
0.9600000000000001	1.901207713392127e-9
0.97	1.900406264340903e-9
0.98	1.899578177979059e-9
0.99	1.898421969572687e-9
1.	1.896916963900954e-9
1.01	1.895783296304253e-9
1.02	1.8945578817948113e-9
1.03	1.8938545409935275e-9
1.04	1.8931557957177526e-9
1.05	1.8922411131587028e-9
1.06	1.891556508843203e-9
1.07	1.8909558558205533e-9
1.08	1.89050248054098e-9
1.09	1.890273500153981e-9
1.1	1.8897055512067845e-9
1.11	1.889413735669005e-9
1.12	1.8890687546993677e-9
1.1300000000000001	1.8888284326347177e-9
1.1400000000000001	1.8882427472480852e-9
1.1500000000000001	1.887526749087463e-9
1.1600000000000001	1.8868690622405056e-9
1.1700000000000002	1.8858426652829594e-9
1.1800000000000002	1.8845958674051033e-9
1.19	1.883573444843073e-9
1.2000000000000002	1.8828287599036637e-9
1.21	1.882216149933458e-9
1.22	1.8814767346801537e-9
1.2300000000000002	1.8809580599862917e-9
1.2400000000000002	1.880376057158693e-9
1.2500000000000002	1.879772739462956e-9
1.2600000000000002	1.879349249377256e-9
1.2700000000000002	1.879060567121717e-9
1.2800000000000002	1.8785481907399034e-9
1.2900000000000003	1.878482700923491e-9
1.3000000000000003	1.8779351260733797e-9
1.3100000000000003	1.877633843945828e-9
1.3200000000000003	1.877476074623928e-9
1.3300000000000003	1.8770615345724908e-9
1.3400000000000003	1.8767319590148577e-9
1.35	1.876104023900451e-9
1.3600000000000003	1.875551955184369e-9
1.37	1.8749950160835397e-9
1.3800000000000001	1.873731730803101e-9
1.3900000000000001	1.872635981836771e-9
1.4000000000000001	1.871653645289133e-9
1.4100000000000001	1.870846847822698e-9
1.4200000000000002	1.869976997703932e-9
1.4300000000000002	1.869317728410986e-9
1.4400000000000002	1.8687829630147972e-9
1.4500000000000002	1.8682869641106956e-9
1.4600000000000002	1.8674370778301437e-9
1.4700000000000002	1.8668353275589042e-9
1.4800000000000002	1.86640244300571e-9
1.4900000000000002	1.865822046765265e-9
1.5000000000000002	1.865417672923069e-9
1.5100000000000002	1.865142387718981e-9
1.52	1.864681885158262e-9
1.5300000000000002	1.864329977379962e-9
1.54	1.8642013466732205e-9
1.55	1.8640386120899962e-9
1.56	1.863646618457238e-9
1.57	1.863558723904422e-9
1.58	1.8631834083325617e-9
1.59	1.862583721301541e-9
1.6	1.8624966743620129e-9
1.61	1.8617543319274162e-9
1.62	1.8609078005709888e-9
1.6300000000000001	1.8601622379564534e-9
1.6400000000000001	1.8594582974183484e-9
1.6500000000000001	1.8586620180227914e-9
1.6600000000000001	1.8580543688826424e-9
1.67	1.8574662256242236e-9
1.6800000000000002	1.857127679102688e-9
1.69	1.8566838023830596e-9
1.7	1.8562536462524731e-9
1.7100000000000002	1.8557564859345331e-9
1.7200000000000002	1.8554360278808895e-9
1.7300000000000002	1.8549988645121834e-9
1.7400000000000002	1.8546668810676568e-9
1.7500000000000002	1.8543158113370291e-9
1.7600000000000002	1.854079949379332e-9
1.7700000000000002	1.8538438641778538e-9
1.7800000000000002	1.8535362690432824e-9
1.7900000000000003	1.8533907049603635e-9
1.8000000000000003	1.8531635097121506e-9
1.8100000000000003	1.8531399775235375e-9
1.8200000000000003	1.8527760158671854e-9
1.83	1.8524401467332079e-9
1.8400000000000003	1.8523181910705565e-9
1.85	1.8520560674381087e-9
1.86	1.851784688485686e-9
1.87	1.8513833558421216e-9
1.8800000000000001	1.8509627232812633e-9
1.8900000000000001	1.8506205918331827e-9
1.9000000000000001	1.850185022312137e-9
1.9100000000000001	1.8495630520404659e-9
1.9200000000000002	1.8488241342518478e-9
1.9300000000000002	1.8482440602314453e-9
1.9400000000000002	1.8476955202316485e-9
1.9500000000000002	1.847120233680465e-9
1.9600000000000002	1.84657499278016e-9
1.9700000000000002	1.84604044749325e-9
1.98	1.8457453355202753e-9
1.9900000000000002	1.8453326591786873e-9
2.	1.8450037852929908e-9
2.0100000000000002	1.8446785416893386e-9
2.02	1.8443263575912853e-9
2.0300000000000002	1.8439828006652235e-9
2.04	1.8435906693595624e-9
2.0500000000000003	1.8431059813563762e-9
2.06	1.8429132439483336e-9
2.0700000000000003	1.8426158681551668e-9
2.08	1.8425230294749012e-9
2.0900000000000003	1.8425365160541871e-9
2.1	1.8422951969807135e-9
2.1100000000000003	1.8419962136873875e-9
2.12	1.8420727883661351e-9
2.1300000000000003	1.8420583646094686e-9
2.14	1.8421396127567071e-9
2.1500000000000004	1.8420865153778791e-9
2.1599999999999997	1.8419103722889447e-9
2.1699999999999995	1.8417890888805911e-9
2.1799999999999997	1.8416689896264235e-9
2.1899999999999995	1.8415467766976667e-9
2.1999999999999997	1.8412482268877807e-9
2.2099999999999995	1.8411858843372307e-9
2.2199999999999998	1.8409141929135198e-9
2.2299999999999995	1.8406332418454789e-9
2.2399999999999998	1.840125029020024e-9
2.2499999999999996	1.8397802636080203e-9
2.26	1.839156074474229e-9
2.2699999999999996	1.8386009903643922e-9
2.28	1.8380376276027648e-9
2.2899999999999996	1.837450062590722e-9
2.3	1.8368654473999268e-9
2.31	1.8365742404961132e-9
2.32	1.836099824317767e-9
2.33	1.8356081643489284e-9
2.34	1.8352691643463411e-9
2.35	1.8349617857969e-9
2.36	1.8347378854754926e-9
2.37	1.834309672462243e-9
2.38	1.8339597058203532e-9
2.39	1.8334751388979903e-9
2.4	1.833239355158012e-9
2.41	1.8327976146369992e-9
2.42	1.8325593010972585e-9
2.43	1.8324847017739574e-9
2.44	1.8322148113086528e-9
2.45	1.831953778275775e-9
2.46	1.8317503080479577e-9
2.4699999999999998	1.8316781820516525e-9
2.48	1.8314289245797166e-9
2.4899999999999998	1.8312383328488317e-9
2.5	1.8309889847120746e-9
2.51	1.8306812122834254e-9
2.52	1.8307054750143557e-9
2.53	1.8304824226721978e-9
2.54	1.8302929274538941e-9
2.55	1.8302030086988796e-9
2.56	1.8301762109509867e-9
2.57	1.8300556578796545e-9
2.58	1.8298241695627786e-9
2.59	1.8295478208702051e-9
2.6	1.829359090350723e-9
2.61	1.8292249340443648e-9
2.6199999999999997	1.8289462300901787e-9
2.63	1.828758566562078e-9
2.6399999999999997	1.8283554623923446e-9
2.65	1.8279483920370825e-9
2.6599999999999997	1.8275659940094334e-9
2.67	1.8271784389614828e-9
2.6799999999999997	1.8266805597340504e-9
2.69	1.8262847557611565e-9
2.6999999999999997	1.8258755010261185e-9
2.71	1.8254923610470064e-9
2.7199999999999998	1.8251538985122169e-9
2.73	1.824719719215756e-9
2.7399999999999998	1.8243987829717022e-9
2.75	1.824186822749606e-9
2.76	1.823825238907357e-9
2.7699999999999996	1.8236441541636655e-9
2.78	1.8234302521594866e-9
2.7899999999999996	1.8233422255087094e-9
2.8	1.8230309835804977e-9
2.8099999999999996	1.8226401023321353e-9
2.82	1.8224381251405394e-9
2.8299999999999996	1.822177682475831e-9
2.84	1.8217606632801508e-9
2.8499999999999996	1.8215321136027553e-9
2.86	1.8213587511403096e-9
2.8699999999999997	1.8212016632151247e-9
2.88	1.8208771228761308e-9
2.8899999999999997	1.8205553001566727e-9
2.9	1.820284761610934e-9
2.91	1.8200748140215328e-9
2.92	1.81997338928352e-9
2.93	1.8196424643901777e-9
2.94	1.8193446871397563e-9
2.95	1.8193847035827157e-9
2.96	1.8190085779256883e-9
2.97	1.8188960465829588e-9
2.98	1.81877723833121e-9
2.99	1.8184387960991494e-9
3.	1.8183877481085352e-9
3.0100000000000002	1.818245547629662e-9
3.02	1.8180351244895228e-9
3.0300000000000002	1.8179293271239586e-9
3.04	1.817759134276699e-9
3.0500000000000003	1.8174556416746642e-9
3.06	1.8173514262608067e-9
3.07	1.8170192064589062e-9
3.08	1.8169330914397486e-9
3.09	1.816693997758564e-9
3.1	1.8165120932936468e-9
3.11	1.8162043973682115e-9
3.12	1.8160572921891111e-9
3.13	1.8156834607419183e-9
3.14	1.8151944120909379e-9
3.15	1.8149464408116374e-9
3.16	1.8146432230310335e-9
3.17	1.8144313147303905e-9
3.18	1.8140133405956127e-9
3.19	1.813846968081814e-9
3.2	1.8134290719900824e-9
3.21	1.8131891556673628e-9
3.2199999999999998	1.8131803225235826e-9
3.23	1.812931199606153e-9
3.2399999999999998	1.812379585335281e-9
3.25	1.8123945841862849e-9
3.26	1.812191452810034e-9
3.27	1.8120352075626075e-9
3.28	1.8117722257134221e-9
3.29	1.8116626512282542e-9
3.3	1.8115246666385548e-9
3.31	1.8113429047179369e-9
3.32	1.811096588085736e-9
3.33	1.8107688728492227e-9
3.34	1.8106894239309134e-9
3.35	1.8104989313564779e-9
3.36	1.8100607005757937e-9
3.3699999999999997	1.8099775594832635e-9
3.38	1.8096945893042933e-9
3.3899999999999997	1.8096135807882359e-9
3.4	1.8092411861929808e-9
3.4099999999999997	1.809004475559648e-9
3.42	1.8088685016982104e-9
3.4299999999999997	1.8086649166042146e-9
3.44	1.8083321927867017e-9
3.4499999999999997	1.8081669592801217e-9
3.46	1.807980223344056e-9
3.4699999999999998	1.8078328124315566e-9
3.48	1.807522102895388e-9
3.4899999999999998	1.8073088111285917e-9
3.5	1.807036809044622e-9
3.51	1.8068199674761088e-9
3.5199999999999996	1.8067071712077702e-9
3.53	1.8065786104928412e-9
3.5399999999999996	1.8064371967389428e-9
3.55	1.8060608729552508e-9
3.5599999999999996	1.805971992208205e-9
3.57	1.80572652013254e-9
3.5799999999999996	1.8055419904530172e-9
3.59	1.8052724419025527e-9
3.5999999999999996	1.8049317815992784e-9
3.61	1.804932673859745e-9
3.6199999999999997	1.8048747161614941e-9
3.63	1.8046740892816972e-9
3.6399999999999997	1.8044559679279643e-9
3.65	1.8040722476896846e-9
3.66	1.80394120531486e-9
3.67	1.8035266041006427e-9
3.68	1.8035175219324382e-9
3.69	1.8032082617656256e-9
3.7	1.8027784835030986e-9
3.71	1.802328836614928e-9
3.72	1.80224154504564e-9
3.73	1.801916635099264e-9
3.74	1.801717426537458e-9
3.75	1.8013377195509665e-9
3.7600000000000002	1.8009637591699337e-9
3.77	1.8008581418256988e-9
3.7800000000000002	1.8004894438267152e-9
3.79	1.8003198382051518e-9
3.8000000000000003	1.8001224281552698e-9
3.81	1.8001420815566324e-9
3.82	1.799737307487183e-9
3.83	1.7997119297218867e-9
3.84	1.7995123706216044e-9
3.85	1.7994636177212379e-9
3.86	1.7994197602940852e-9
3.87	1.7992193164023996e-9
3.88	1.7990456796231184e-9
3.89	1.798910126317144e-9
3.9	1.7987787502099607e-9
3.91	1.7986239220687283e-9
3.92	1.7984878601498546e-9
3.93	1.7983307007131984e-9
3.94	1.7981037238684798e-9
3.95	1.7978009165448113e-9
3.96	1.7976226013600328e-9
3.9699999999999998	1.7974832824284429e-9
3.98	1.7971491058884575e-9
3.9899999999999998	1.797122252273572e-9
4.	1.796904979591624e-9
4.01	1.796777454007792e-9
4.02	1.7964890370952326e-9
4.03	1.7965623653412434e-9
4.04	1.7962800814836062e-9
4.05	1.7960305658753471e-9
4.06	1.7957618282279232e-9
4.07	1.795522242884083e-9
4.08	1.7953986297753013e-9
4.09	1.7950921582928675e-9
4.1	1.7951480080602013e-9
4.11	1.7947272747239167e-9
4.12	1.7945946497899926e-9
4.13	1.7943030595519836e-9
4.140000000000001	1.794353461848998e-9
4.15	1.7941952271472242e-9
4.16	1.7940718919195385e-9
4.17	1.7937438444104036e-9
4.180000000000001	1.7938308232321587e-9
4.19	1.79357715072668e-9
4.2	1.7934861866778881e-9
4.21	1.7933175636471e-9
4.220000000000001	1.793167785757433e-9
4.23	1.7929297037903666e-9
4.24	1.7927798451848587e-9
4.25	1.7926224822117274e-9
4.260000000000001	1.7926122728483454e-9
4.2700000000000005	1.7922735038524435e-9
4.28	1.7922195767540244e-9
4.290000000000001	1.792080244594254e-9
4.300000000000001	1.7920375822112413e-9
4.3100000000000005	1.791769006435715e-9
4.32	1.7915456559792884e-9
4.330000000000001	1.7914364171059475e-9
4.340000000000001	1.7911784436775485e-9
4.3500000000000005	1.791025931222614e-9
4.36	1.7908094846901167e-9
4.370000000000001	1.7906257411172095e-9
4.380000000000001	1.7904505910272319e-9
4.390000000000001	1.790168293557403e-9
4.4	1.7899077760677748e-9
4.41	1.789644834499452e-9
4.42	1.789523918600018e-9
4.43	1.7894518605250892e-9
4.44	1.7892790782500151e-9
4.45	1.7888673274659359e-9
4.46	1.7888954332504302e-9
4.47	1.7886846681165124e-9
4.48	1.7885123421248445e-9
4.49	1.788466636461219e-9
4.5	1.7882923715262446e-9
4.51	1.7882340551470517e-9
4.5200000000000005	1.7880865169163761e-9
4.53	1.7881033449694272e-9
4.54	1.787753887894906e-9
4.55	1.787712083161054e-9
4.5600000000000005	1.7875014023268263e-9
4.57	1.7873826225425118e-9
4.58	1.7873116991713059e-9
4.590000000000001	1.7873730275918945e-9
4.6000000000000005	1.7872258474079336e-9
4.61	1.7871295607724834e-9
4.62	1.7869109215205463e-9
4.630000000000001	1.7866847057540445e-9
4.640000000000001	1.7866590324429451e-9
4.65	1.7866173965635766e-9
4.66	1.7863819330900425e-9
4.670000000000001	1.7859962715296823e-9
4.680000000000001	1.7860403137663309e-9
4.69	1.7858800326954995e-9
4.7	1.7856467472728872e-9
4.710000000000001	1.7853637820623972e-9
4.720000000000001	1.7854600147887219e-9
4.73	1.7851101844585701e-9
4.740000000000001	1.7851721439315237e-9
4.750000000000001	1.7846622364708541e-9
4.760000000000001	1.7847258955328264e-9
4.7700000000000005	1.7845773649570127e-9
4.780000000000001	1.7842381278877161e-9
4.790000000000001	1.7839963239298633e-9
4.800000000000001	1.7840067978734203e-9
4.8100000000000005	1.7836738232525707e-9
4.820000000000001	1.783638893581962e-9
4.830000000000001	1.7835539264188225e-9
4.840000000000001	1.7833645587510768e-9
4.8500000000000005	1.7831914294209042e-9
4.86	1.7831548279284633e-9
4.87	1.782866965034515e-9
4.88	1.782902971339961e-9
4.890000000000001	1.7826083772139564e-9
4.9	1.7825515044109148e-9
4.91	1.7824676040982984e-9
4.92	1.7821887634580493e-9
4.930000000000001	1.7821030582329861e-9
4.94	1.7822448336595817e-9
4.95	1.7818085850790928e-9
4.96	1.7817747386200681e-9
4.970000000000001	1.781761319609827e-9
4.98	1.7816433814815742e-9
4.99	1.7812929966888284e-9
5.	1.781260560565881e-9