0.0001	2.551491293455967e-9
0.0002	2.455707165324305e-9
0.00030000000000000003	2.4362201078188744e-9
0.0004	2.4237482171918785e-9
0.0005	2.4127914801837973e-9
0.0006000000000000001	2.404260101420104e-9
0.0007000000000000001	2.3976872011931457e-9
0.0008	2.3902366322452485e-9
0.0009000000000000001	2.3840142132062053e-9
0.001	2.378032482146052e-9
0.0011	2.3717522742634227e-9
0.0012000000000000001	2.3658992052794257e-9
0.0013000000000000002	2.3608813610091894e-9
0.0014000000000000002	2.355540617060549e-9
0.0015	2.3506662057585743e-9
0.0016	2.346310308059008e-9
0.0017000000000000001	2.3415966171203164e-9
0.0018000000000000002	2.3376862389698977e-9
0.0019000000000000002	2.332974855851459e-9
0.002	2.3309495530838604e-9
0.0021	2.3266049804416595e-9
0.0022	2.323270785537227e-9
0.0023	2.320473977373759e-9
0.0024	2.318289602039661e-9
0.0025	2.314621806607359e-9
0.0026	2.3106311541112563e-9
0.0026999999999999997	2.309766685462021e-9
0.0028	2.3077061729725072e-9
0.0029	2.3035155559148573e-9
0.003	2.3011079395048365e-9
0.0031	2.2999900394183223e-9
0.0031999999999999997	2.2985975011709068e-9
0.0033	2.296070635948203e-9
0.0034	2.2930890450378726e-9
0.0035	2.2908159425525076e-9
0.0036	2.290281791461533e-9
0.0037	2.2888904987375604e-9
0.0038	2.28669555292618e-9
0.0039	2.283890429398405e-9
0.004	2.281908576758528e-9
0.0040999999999999995	2.2805962913029224e-9
0.0042	2.280050834544248e-9
0.0043	2.2790331558809534e-9
0.0044	2.277255343941572e-9
0.0045	2.274604483713567e-9
0.0046	2.2728994451631053e-9
0.0047	2.2712722681805684e-9
0.0048000000000000004	2.270297132458657e-9
0.0049	2.2695635079519623e-9
0.005	2.2686331526102127e-9
0.0051	2.2668542331807004e-9
0.005200000000000001	2.264373305779615e-9
0.0053	2.262994095562215e-9
0.0054	2.261807905811749e-9
0.0055000000000000005	2.2608612268408954e-9
0.005600000000000001	2.260369056696787e-9
0.0057	2.2599004519905975e-9
0.0058000000000000005	2.258992922411687e-9
0.005900000000000001	2.257210776549809e-9
0.006	2.2552561632793048e-9
0.0061	2.2534024938900205e-9
0.006200000000000001	2.2521909363065756e-9
0.0063	2.2513340839504247e-9
0.0064	2.250594403237257e-9
0.006500000000000001	2.2503439388599843e-9
0.0066	2.2500825121525717e-9
0.0067	2.249486319263481e-9
0.0068000000000000005	2.248314177218174e-9
0.006900000000000001	2.2467482108908603e-9
0.007	2.2447912642921193e-9
0.0071	2.2433288033134345e-9
0.007200000000000001	2.242441028215566e-9
0.007300000000000001	2.2413201039159288e-9
0.0074	2.2405583965129774e-9
0.007500000000000001	2.2402837706638163e-9
0.007600000000000001	2.2402067142689643e-9
0.007700000000000001	2.2401336157485243e-9
0.0078000000000000005	2.239725911177789e-9
0.0079	2.238775466953268e-9
0.008	2.2377759577575616e-9
0.008100000000000001	2.23644823707058e-9
0.0082	2.2350481623362857e-9
0.0083	2.2339678969508572e-9
0.008400000000000001	2.2328850196773717e-9
0.0085	2.231817164501727e-9
0.0086	2.230802813459679e-9
0.008700000000000001	2.2302788219545773e-9
0.0088	2.2300579525977407e-9
0.008900000000000002	2.2299281468348515e-9
0.009000000000000001	2.22955937561239e-9
0.0091	2.229261139521223e-9
0.009200000000000002	2.2288750237151386e-9
0.009300000000000001	2.2280369417166853e-9
0.0094	2.227287654724999e-9
0.009500000000000001	2.226368674666172e-9
0.009600000000000001	2.2254651656893273e-9
0.0097	2.2245419152935497e-9
0.009800000000000001	2.2233824625380213e-9
0.0099	2.222109308355162e-9
0.010000000000000002	2.220936304583402e-9
0.0101	2.2203262057897328e-9
0.010199999999999999	2.2198103772849104e-9
0.0103	2.2194847207850976e-9
0.0104	2.2192496766485735e-9
0.010499999999999999	2.219098119271818e-9
0.0106	2.219211979528099e-9
0.0107	2.219236002413459e-9
0.010799999999999999	2.2187896418287714e-9
0.0109	2.2183909190638758e-9
0.011	2.2180214304762427e-9
0.011099999999999999	2.2176340527144043e-9
0.0112	2.2168500247848477e-9
0.0113	2.21615900365618e-9
0.0114	2.2152780418337057e-9
0.0115	2.2142077888797876e-9
0.0116	2.2130296553617285e-9
0.0117	2.212454884841399e-9
0.0118	2.2119392307236124e-9
0.011899999999999999	2.2114238770326485e-9
0.012	2.2111043320030447e-9
0.0121	2.210766223293511e-9
0.012199999999999999	2.210541112161636e-9
0.0123	2.210305838639458e-9
0.0124	2.2102033352126228e-9
0.0125	2.2099466041296996e-9
0.0126	2.209687948699618e-9
0.0127	2.209550988824143e-9
0.0128	2.209331575816706e-9
0.0129	2.209250838847615e-9
0.013	2.2088899640239363e-9
0.0131	2.208306800156481e-9
0.0132	2.207728492578567e-9
0.0133	2.2067939247320973e-9
0.0134	2.2058140212717935e-9
0.0135	2.2049094938469742e-9
0.013600000000000001	2.2039999993677923e-9
0.0137	2.2034816256920466e-9
0.0138	2.2030157797844267e-9
0.013900000000000001	2.2023844154550804e-9
0.014	2.201857137664176e-9
0.0141	2.201528109510498e-9
0.0142	2.2010719506150133e-9
0.0143	2.2007734810900266e-9
0.0144	2.200516523153811e-9
0.0145	2.2001383201136544e-9
0.0146	2.199893374115639e-9
0.014700000000000001	2.199712256349922e-9
0.0148	2.1995834917026194e-9
0.0149	2.1995219824499315e-9
0.015	2.1993531709110775e-9
0.0151	2.1992299380663295e-9
0.0152	2.1990081872847853e-9
0.015300000000000001	2.198623325442671e-9
0.0154	2.198038012042159e-9
0.0155	2.197369579354706e-9
0.015600000000000001	2.19672329720675e-9
0.015700000000000002	2.1958620442727236e-9
0.0158	2.195369289418283e-9
0.0159	2.194672906508081e-9
0.016	2.1939558328977956e-9
0.0161	2.1931530889641978e-9
0.0162	2.1926155635862704e-9
0.016300000000000002	2.1920621733289577e-9
0.0164	2.1915839625182714e-9
0.0165	2.191265075741043e-9
0.0166	2.1910482921954732e-9
0.0167	2.190783490354409e-9
0.016800000000000002	2.190406492545102e-9
0.016900000000000002	2.1900082865690786e-9
0.017	2.1898342531208038e-9
0.0171	2.1895487315059374e-9
0.0172	2.1893316638500264e-9
0.0173	2.1892425492822986e-9
0.0174	2.1890884091452053e-9
0.0175	2.1889467462974128e-9
0.0176	2.1889767829187988e-9
0.0177	2.188861925353399e-9
0.0178	2.188663112937893e-9
0.017900000000000003	2.1885364284597037e-9
0.018000000000000002	2.1881286625129257e-9
0.0181	2.1877635783235106e-9
0.0182	2.1872735696833094e-9
0.0183	2.1867741813179157e-9
0.0184	2.1862185570418943e-9
0.018500000000000003	2.1855813847052128e-9
0.018600000000000002	2.1848326028929626e-9
0.0187	2.1840050963106143e-9
0.0188	2.1833763419108838e-9
0.0189	2.1826867870912413e-9
0.019	2.1821767634826186e-9
0.019100000000000002	2.1817659417540225e-9
0.019200000000000002	2.181494213420216e-9
0.0193	2.1811728939108058e-9
0.0194	2.1807138952782004e-9
0.0195	2.180387652422676e-9
0.0196	2.180011065985796e-9
0.019700000000000002	2.1796418307725327e-9
0.0198	2.1794868362961394e-9
0.0199	2.1792550514635073e-9
0.02	2.178927340757091e-9
0.0201	2.1788005149942808e-9
0.0202	2.1786486166675314e-9
0.0203	2.1785018298787506e-9
0.0204	2.1784743000479115e-9
0.0205	2.178273233646376e-9
0.0206	2.178274508787481e-9
0.0207	2.1781391540390413e-9
0.0208	2.177888694885162e-9
0.0209	2.1776548424542667e-9
0.021	2.1775065311718266e-9
0.0211	2.1772274344661556e-9
0.0212	2.1770919849283716e-9
0.0213	2.1769481691632935e-9
0.0214	2.1766677129065055e-9
0.0215	2.1761502861501675e-9
0.0216	2.175611527131201e-9
0.0217	2.17515670581065e-9
0.0218	2.174519608140097e-9
0.0219	2.17408706821716e-9
0.022	2.1733404192714008e-9
0.0221	2.172618210051657e-9
0.0222	2.1722286614921593e-9
0.0223	2.1718532303803486e-9
0.0224	2.1714462395916116e-9
0.0225	2.171068299794797e-9
0.022600000000000002	2.1706621965380125e-9
0.0227	2.170444014196573e-9
0.0228	2.1701589690273142e-9
0.022900000000000004	2.1697575527032256e-9
0.023000000000000003	2.16947790545348e-9
0.023100000000000002	2.1693335546991612e-9
0.023200000000000002	2.1690904130839336e-9
0.0233	2.1688114435477267e-9
0.0234	2.168502593078325e-9
0.023500000000000004	2.1683489795570413e-9
0.023600000000000003	2.1682965952272086e-9
0.023700000000000002	2.168064791459724e-9
0.0238	2.1680601745867944e-9
0.0239	2.167917869301124e-9
0.024	2.1678644933083485e-9
0.024100000000000003	2.167720698235957e-9
0.024200000000000003	2.1675778570104845e-9
0.024300000000000002	2.1673559635933293e-9
0.0244	2.167413125490105e-9
0.0245	2.1672280799462195e-9
0.024600000000000004	2.1671680889211257e-9
0.024700000000000003	2.1669934065210383e-9
0.024800000000000003	2.1669868372177223e-9
0.024900000000000002	2.16669970986241e-9
0.025	2.16644884656591e-9
0.0251	2.166173494899775e-9
0.0252	2.165883705859887e-9
0.0253	2.1656079083970393e-9
0.025400000000000002	2.165298438718603e-9
0.025500000000000002	2.164944813208565e-9
0.0256	2.164599229759217e-9
0.0257	2.164000699235194e-9
0.0258	2.1633991039000858e-9
0.0259	2.162948626014324e-9
0.026000000000000002	2.162351957864378e-9
0.0261	2.1617193483113146e-9
0.0262	2.161380920837808e-9
0.0263	2.1607916320651734e-9
0.0264	2.160486083268971e-9
0.0265	2.1600670365863005e-9
0.026600000000000002	2.1599901959430287e-9
0.0267	2.1595773996157685e-9
0.0268	2.1593794196896347e-9
0.0269	2.159259195788435e-9
0.027	2.1586823451852924e-9
0.0271	2.1584909988533233e-9
0.027200000000000002	2.158210068826348e-9
0.0273	2.1579317758783744e-9
0.0274	2.1576942073792835e-9
0.0275	2.1575164937264554e-9
0.0276	2.1573979977906264e-9
0.0277	2.1572303937793285e-9
0.0278	2.1570888106578583e-9
0.0279	2.156824136719437e-9
0.028	2.156834137867225e-9
0.0281	2.1565107060992608e-9
0.0282	2.1565804028841783e-9
0.0283	2.156312004885173e-9
0.028399999999999998	2.1561524908599568e-9
0.0285	2.1559126074459972e-9
0.0286	2.156185181915958e-9
0.0287	2.1558925743197164e-9
0.0288	2.1558244427525477e-9
0.0289	2.1557906849188355e-9
0.028999999999999998	2.1555815239895536e-9
0.0291	2.1556243138914112e-9
0.0292	2.1553272469964015e-9
0.0293	2.1549726084872338e-9
0.0294	2.1551514684978256e-9
0.0295	2.1547017455775564e-9
0.0296	2.154521689590503e-9
0.0297	2.1543226985068336e-9
0.0298	2.1541175582379013e-9
0.0299	2.153749836872025e-9
0.03	2.1533681849548455e-9
0.030100000000000002	2.15319596234818e-9
0.0302	2.152504139566148e-9
0.0303	2.15225375053802e-9
0.030400000000000003	2.15169746271044e-9
0.030500000000000003	2.151265767554632e-9
0.030600000000000002	2.1508248046030286e-9
0.0307	2.150267913581778e-9
0.0308	2.150150016125163e-9
0.0309	2.1496310892230845e-9
0.031000000000000003	2.1494324269545443e-9
0.031100000000000003	2.149123412459095e-9
0.031200000000000002	2.1487505227610556e-9
0.0313	2.148458029086984e-9
0.031400000000000004	2.1481824544629445e-9
0.0315	2.1479442173166676e-9
0.0316	2.1478440813722714e-9
0.0317	2.1478002190471104e-9
0.0318	2.147385456115498e-9
0.031900000000000005	2.1472729058054222e-9
0.032	2.147068324840909e-9
0.032100000000000004	2.1466724045104404e-9
0.0322	2.1465890457274598e-9
0.0323	2.146456367484421e-9
0.0324	2.146375014877241e-9
0.0325	2.146068049334956e-9
0.032600000000000004	2.1458540090779553e-9
0.03270000000000001	2.1457310877474258e-9
0.0328	2.1457626149864103e-9
0.032900000000000006	2.145868223361286e-9
0.033	2.145262262423895e-9
0.033100000000000004	2.145503214568114e-9
0.03320000000000001	2.1453504681923937e-9
0.0333	2.1453583305690733e-9
0.033400000000000006	2.145095087826092e-9
0.0335	2.1450128572462782e-9
0.033600000000000005	2.1450540608526946e-9
0.0337	2.1447225949711315e-9
0.033800000000000004	2.144922090466698e-9
0.033900000000000007	2.1448931688581705e-9
0.034	2.1447561757568487e-9
0.034100000000000005	2.144565733991153e-9
0.0342	2.1443873635916456e-9
0.034300000000000004	2.1443870304988314e-9
0.03440000000000001	2.1442555957997845e-9
0.0345	2.1442447847365402e-9
0.034600000000000006	2.1439516710043387e-9
0.0347	2.14389137831867e-9
0.034800000000000005	2.1437783423274466e-9
0.0349	2.1436462504538543e-9
0.035	2.1432172031761534e-9
0.035100000000000006	2.143189040047167e-9
0.03520000000000001	2.1428182417446946e-9
0.035300000000000005	2.1424892130448623e-9
0.03540000000000001	2.1421848797471528e-9
0.035500000000000004	2.141976608751373e-9
0.03560000000000001	2.141397137909508e-9
0.03570000000000001	2.1415271422022553e-9
0.035800000000000005	2.1409977173541455e-9
0.03590000000000001	2.1406651188275463e-9
0.036000000000000004	2.140190413048963e-9
0.03610000000000001	2.1399986330211485e-9
0.0362	2.13942874931138e-9
0.036300000000000006	2.1391838019075604e-9
0.03640000000000001	2.1388855945346097e-9
0.036500000000000005	2.1386395801273343e-9
0.03660000000000001	2.1383459433325033e-9
0.0367	2.1380329783355322e-9
0.036800000000000006	2.137728173273837e-9
0.03690000000000001	2.1375923321104472e-9
0.037000000000000005	2.1374240533079667e-9
0.03710000000000001	2.1371527127166713e-9
0.037200000000000004	2.1369036920556576e-9
0.03730000000000001	2.1368081136056226e-9
0.0374	2.1367317607493585e-9
0.037500000000000006	2.1363285924300642e-9
0.0376	2.136347322585316e-9
0.037700000000000004	2.1360338306602486e-9
0.0378	2.1359970226710084e-9
0.0379	2.1359475673664327e-9
0.038	2.1355545326466775e-9
0.0381	2.135546034411762e-9
0.038200000000000005	2.1351377257788342e-9
0.0383	2.1350225217975375e-9
0.038400000000000004	2.1349906174757957e-9
0.0385	2.13499108450633e-9
0.0386	2.134788332345028e-9
0.0387	2.1346993132910325e-9
0.0388	2.134783298832802e-9
0.038900000000000004	2.1346458367556305e-9
0.039	2.1345862379819456e-9
0.0391	2.134301134451884e-9
0.0392	2.134363342542215e-9
0.0393	2.1342956464030177e-9
0.039400000000000004	2.134319698133841e-9
0.0395	2.1342370084150467e-9
0.0396	2.1340071832662327e-9
0.0397	2.134014224270092e-9
0.0398	2.1339292338020343e-9
0.039900000000000005	2.1340369366977587e-9
0.04	2.133705923375215e-9
0.040100000000000004	2.1338228094251888e-9
0.04020000000000001	2.1335877640491995e-9
0.0403	2.133609829612198e-9
0.040400000000000005	2.1337080633618387e-9
0.0405	2.133533518498561e-9
0.040600000000000004	2.1334331189000504e-9
0.04070000000000001	2.1331892932835217e-9
0.0408	2.1331574866918838e-9
0.040900000000000006	2.1328200837634063e-9
0.041	2.132920931525495e-9
0.041100000000000005	2.1327609282120084e-9
0.0412	2.1323809730369213e-9
0.0413	2.1323238396974062e-9
0.041400000000000006	2.132223237557131e-9
0.0415	2.1320027305472863e-9
0.041600000000000005	2.131802225024563e-9
0.0417	2.13148582698916e-9
0.041800000000000004	2.131155330943599e-9
0.04190000000000001	2.130710059701662e-9
0.042	2.1306433088073553e-9
0.042100000000000005	2.130311987192864e-9
0.0422	2.1301399748431176e-9
0.042300000000000004	2.1297369461200138e-9
0.04240000000000001	2.129157476286525e-9
0.0425	2.1290587867663904e-9
0.042600000000000006	2.1286067654933397e-9
0.04270000000000001	2.1283851177556246e-9
0.042800000000000005	2.1282108272979775e-9
0.04290000000000001	2.127676832798119e-9
0.043000000000000003	2.1276154361334093e-9
0.043100000000000006	2.1274751636521816e-9
0.04320000000000001	2.1274195380849632e-9
0.043300000000000005	2.127018827730715e-9
0.04340000000000001	2.1269257549507733e-9
0.043500000000000004	2.126837226402019e-9
0.04360000000000001	2.1264181510651047e-9
0.0437	2.1262693586654818e-9
0.043800000000000006	2.1260475969085934e-9
0.04390000000000001	2.126207728012583e-9
0.044000000000000004	2.126121262301976e-9
0.04410000000000001	2.1259287954357757e-9
0.0442	2.125609837694015e-9
0.044300000000000006	2.1254812384885497e-9
0.04440000000000001	2.1253286492923008e-9
0.044500000000000005	2.1249301213171997e-9
0.04460000000000001	2.1251117650279755e-9
0.044700000000000004	2.1251154439614124e-9
0.044800000000000006	2.124727875994349e-9
0.04490000000000001	2.124684525521836e-9
0.045000000000000005	2.1244007379890675e-9
0.04510000000000001	2.1244045699273555e-9
0.04520000000000001	2.124430488892485e-9
0.04530000000000001	2.124253967752001e-9
0.04540000000000001	2.1241387892123887e-9
0.045500000000000006	2.1240781306741196e-9
0.04560000000000001	2.1239605906446795e-9
0.04570000000000001	2.124026290032333e-9
0.04580000000000001	2.123859913614082e-9
0.04590000000000001	2.1238057689061292e-9
0.046000000000000006	2.123461072452181e-9
0.04610000000000001	2.123695730809575e-9
0.046200000000000005	2.1234895999150555e-9
0.04630000000000001	2.1235225515312016e-9
0.04640000000000001	2.123469163808351e-9
0.04650000000000001	2.123366434967445e-9
0.04660000000000001	2.1233819372407506e-9
0.046700000000000005	2.1232899389902016e-9
0.04680000000000001	2.123469356142166e-9
0.04690000000000001	2.1230557502851252e-9
0.04700000000000001	2.1232537605194925e-9
0.04710000000000001	2.12308096374803e-9
0.047200000000000006	2.123035623621789e-9
0.04730000000000001	2.1229957410871356e-9
0.04740000000000001	2.1229696896300214e-9
0.04750000000000001	2.1228091692771883e-9
0.0476	2.1225722453680094e-9
0.047700000000000006	2.1224998304865298e-9
0.0478	2.1225131069466836e-9
0.047900000000000005	2.122520056790251e-9
0.048	2.122574549451394e-9
0.048100000000000004	2.122278531366983e-9
0.04820000000000001	2.1221164084353408e-9
0.0483	2.1220238935799536e-9
0.048400000000000006	2.1216586315222673e-9
0.0485	2.121691089632765e-9
0.048600000000000004	2.1216633040261574e-9
0.0487	2.121263231721982e-9
0.0488	2.121499963596115e-9
0.048900000000000006	2.121153161111326e-9
0.049	2.121077941128782e-9
0.049100000000000005	2.12081700513445e-9
0.0492	2.120476741403755e-9
0.049300000000000004	2.1203158549982495e-9
0.049400000000000006	2.119942804521066e-9
0.0495	2.1197644076631343e-9
0.049600000000000005	2.1195282815345315e-9
0.0497	2.1193710603182144e-9
0.049800000000000004	2.1189325502076093e-9
0.0499	2.118705697093378e-9
0.05	2.118529050476562e-9
0.050100000000000006	2.1180161205668464e-9
0.05020000000000001	2.1179496030769113e-9
0.050300000000000004	2.117832952666869e-9
0.05040000000000001	2.1172708537270495e-9
0.0505	2.11719969183475e-9
0.050600000000000006	2.117187846548056e-9
0.05070000000000001	2.116773759634918e-9
0.050800000000000005	2.116652806680107e-9
0.05090000000000001	2.1164897813461147e-9
0.051000000000000004	2.116254021906612e-9
0.051100000000000007	2.1160811162911612e-9
0.0512	2.1158210549335535e-9
0.051300000000000005	2.115758132510385e-9
0.05140000000000001	2.115798890763707e-9
0.051500000000000004	2.1157205493361404e-9
0.05160000000000001	2.1154723322608424e-9
0.0517	2.1154786199151808e-9
0.051800000000000006	2.1151666466128613e-9
0.05190000000000001	2.115089074848255e-9
0.052000000000000005	2.1149431559743346e-9
0.05210000000000001	2.115033052202384e-9
0.0522	2.114752463355679e-9
0.052300000000000006	2.1148416863531807e-9
0.0524	2.1144511813565664e-9
0.052500000000000005	2.1144486577365668e-9
0.05260000000000001	2.1143208858664517e-9
0.05270000000000001	2.1143010776296543e-9
0.05280000000000001	2.1138126427759825e-9
0.05290000000000001	2.113869004782568e-9
0.053000000000000005	2.113822991703924e-9
0.05310000000000001	2.1137805923950957e-9
0.05320000000000001	2.1137285369026933e-9
0.05330000000000001	2.113581456562212e-9
0.05340000000000001	2.113497841682968e-9
0.053500000000000006	2.1134685805798772e-9
0.05360000000000001	2.113287771961095e-9
0.053700000000000005	2.113282178895926e-9
0.05380000000000001	2.1131170428531737e-9
0.05390000000000001	2.1131998884505565e-9
0.054000000000000006	2.1131769744035277e-9
0.05410000000000001	2.113019257615756e-9
0.054200000000000005	2.1130233232764323e-9
0.05430000000000001	2.1130109285073126e-9
0.05440000000000001	2.112762120991082e-9
0.05450000000000001	2.1126420217983404e-9
0.05460000000000001	2.112624117746617e-9
0.054700000000000006	2.112921328123431e-9
0.05480000000000001	2.1125480488713e-9
0.054900000000000004	2.112668651220388e-9
0.05500000000000001	2.112504226588447e-9
0.0551	2.1124651241043375e-9
0.055200000000000006	2.112364513526511e-9
0.0553	2.1123529481616256e-9
0.055400000000000005	2.1123115345081928e-9
0.0555	2.1123888683939706e-9
0.055600000000000004	2.1122166586346983e-9
0.055700000000000006	2.1121443902375162e-9
0.0558	2.1122433077011693e-9
0.055900000000000005	2.1121946661240784e-9
0.056	2.1119877158060314e-9
0.056100000000000004	2.112074653058881e-9
0.0562	2.1119959681961137e-9
0.0563	2.1118736924162196e-9
0.056400000000000006	2.111770503684935e-9
0.0565	2.111762969183e-9
0.056600000000000004	2.111545686087472e-9
0.0567	2.1115405168432006e-9
0.0568	2.1115793654349413e-9
0.056900000000000006	2.1111986360672666e-9
0.057	2.111144995757506e-9
0.057100000000000005	2.1110198647066633e-9
0.0572	2.1110013968100113e-9
0.057300000000000004	2.110931707341144e-9
0.05740000000000001	2.110520759637088e-9
0.0575	2.110604002712182e-9
0.057600000000000005	2.110522380183194e-9
0.05770000000000001	2.1104340954871104e-9
0.057800000000000004	2.1102978025038614e-9
0.05790000000000001	2.1098958981009412e-9
0.058	2.109786388997168e-9
0.058100000000000006	2.109587465806546e-9
0.05820000000000001	2.109343272942311e-9
0.058300000000000005	2.1090319742562016e-9
0.05840000000000001	2.108964411361513e-9
0.0585	2.1086578464426583e-9
0.058600000000000006	2.108355065708368e-9
0.0587	2.108242226596597e-9
0.058800000000000005	2.1080879011010804e-9
0.05890000000000001	2.1078145551338305e-9
0.059000000000000004	2.10758921113828e-9
0.05910000000000001	2.107261059166545e-9
0.0592	2.107147022064389e-9
0.059300000000000005	2.106816060333186e-9
0.05940000000000001	2.1066690021826135e-9
0.059500000000000004	2.106303971110128e-9
0.05960000000000001	2.106245902780909e-9
0.0597	2.1060298135054845e-9
0.059800000000000006	2.105937542407707e-9
0.05990000000000001	2.105872307995308e-9
0.060000000000000005	2.1054657672168844e-9
0.06010000000000001	2.105521619028213e-9
0.06020000000000001	2.1053272266695083e-9
0.060300000000000006	2.105344924561505e-9
0.06040000000000001	2.105154380114393e-9
0.060500000000000005	2.1052825831164186e-9
0.06060000000000001	2.10501568520607e-9
0.06070000000000001	2.104847798495989e-9
0.06080000000000001	2.104776160323094e-9
0.06090000000000001	2.1047842887638168e-9
0.061000000000000006	2.104451100440526e-9
0.06110000000000001	2.1045061704880824e-9
0.061200000000000004	2.1044589544987773e-9
0.06130000000000001	2.10431782611916e-9
0.06140000000000001	2.104326338982579e-9
0.061500000000000006	2.104049860354197e-9
0.06160000000000001	2.1040751456950652e-9
0.061700000000000005	2.1040460194368377e-9
0.06180000000000001	2.1039162878417933e-9
0.06190000000000001	2.103664174617882e-9
0.062000000000000006	2.103451930836889e-9
0.06210000000000001	2.1035065953065036e-9
0.062200000000000005	2.103481394149399e-9
0.06230000000000001	2.1033530203917502e-9
0.06240000000000001	2.103252655939913e-9
0.06250000000000001	2.1031120596736097e-9
0.0626	2.103043835286273e-9
0.0627	2.1030395005898497e-9
0.06280000000000001	2.102864504491406e-9
0.0629	2.102675638519989e-9
0.063	2.1027018150348443e-9
0.0631	2.1026448866679645e-9
0.0632	2.102516761091343e-9
0.06330000000000001	2.1026791831845756e-9
0.0634	2.1024947411051347e-9
0.0635	2.1025260411097868e-9
0.0636	2.1024562076336907e-9
0.0637	2.102380694087757e-9
0.06380000000000001	2.1023210688852367e-9
0.0639	2.102282111912713e-9
0.064	2.1023201519771204e-9
0.0641	2.1021366400498094e-9
0.06420000000000001	2.102218049355895e-9
0.0643	2.102036506881078e-9
0.0644	2.1021121163596296e-9
0.0645	2.101979890652674e-9
0.0646	2.1018235229783896e-9
0.06470000000000001	2.101933688768008e-9
0.0648	2.101850105441107e-9
0.0649	2.101956088562764e-9
0.065	2.1018857308427637e-9
0.0651	2.1017445930029314e-9
0.06520000000000001	2.1016702948644383e-9
0.06530000000000001	2.10183116760936e-9
0.0654	2.101679659431949e-9
0.0655	2.1016417342346554e-9
0.0656	2.1015599396860735e-9
0.06570000000000001	2.1016684015549558e-9
0.06580000000000001	2.1014467415998144e-9
0.0659	2.1014996647662866e-9
0.066	2.1014205805794326e-9
0.0661	2.101423525578922e-9
0.06620000000000001	2.101169891116568e-9
0.06630000000000001	2.101123468750236e-9
0.0664	2.101227773674373e-9
0.0665	2.1010332341438236e-9
0.0666	2.1010728019858374e-9
0.06670000000000001	2.101128108035294e-9
0.0668	2.1007870307133667e-9
0.0669	2.100666701160161e-9
0.067	2.1008379122107253e-9
0.0671	2.1005603014762454e-9
0.06720000000000001	2.100355770785252e-9
0.0673	2.1005241151776643e-9
0.0674	2.100232667092187e-9
0.0675	2.1001031416164385e-9
0.06760000000000001	2.0999871669835047e-9
0.06770000000000001	2.0999343879313426e-9
0.06780000000000001	2.099855758387178e-9
0.0679	2.0997756314972334e-9
0.068	2.0995888102868833e-9
0.06810000000000001	2.099385991206334e-9
0.06820000000000001	2.0992708422313784e-9
0.06830000000000001	2.0991470526476455e-9
0.0684	2.098883691966514e-9
0.0685	2.098813593444333e-9
0.06860000000000001	2.0985533430587898e-9
0.06870000000000001	2.0986218131698065e-9
0.06880000000000001	2.0982000486361137e-9
0.0689	2.09799374148151e-9
0.069	2.0978282390297163e-9
0.06910000000000001	2.097524064049497e-9
0.06920000000000001	2.0974720508813986e-9
0.0693	2.0974028900567442e-9
0.0694	2.0969721103906796e-9
0.0695	2.0968978832661985e-9
0.06960000000000001	2.0966726179189894e-9
0.06970000000000001	2.096680148463897e-9
0.0698	2.096426365081754e-9
0.0699	2.0961853103277413e-9
0.07	2.096114298705577e-9
0.07010000000000001	2.0959832878071107e-9
0.07020000000000001	2.095756964824035e-9
0.07030000000000002	2.095545032214848e-9
0.0704	2.0954569477514137e-9
0.07050000000000001	2.095270882965252e-9
0.07060000000000001	2.0951910612573723e-9
0.07070000000000001	2.094999096361162e-9
0.07080000000000002	2.09494445057054e-9
0.0709	2.094840204690642e-9
0.07100000000000001	2.0946019365817338e-9
0.07110000000000001	2.094481256230664e-9
0.07120000000000001	2.09450861379317e-9
0.07130000000000002	2.094313620163369e-9
0.0714	2.0941303996239705e-9
0.07150000000000001	2.0942523264605654e-9
0.07160000000000001	2.094150137578448e-9
0.07170000000000001	2.0941195588232035e-9
0.0718	2.0939424589491362e-9
0.0719	2.0937978099343123e-9
0.07200000000000001	2.0938220890144095e-9
0.07210000000000001	2.093509088082926e-9
0.07220000000000001	2.0936566980238057e-9
0.0723	2.093556091361164e-9
0.0724	2.0935583038139303e-9
0.07250000000000001	2.0935073346234967e-9
0.07260000000000001	2.093241869405157e-9
0.07270000000000001	2.093272641433435e-9
0.07280000000000002	2.093176706789959e-9
0.0729	2.0928773302870137e-9
0.07300000000000001	2.0930625671275867e-9
0.07310000000000001	2.0930795594894605e-9
0.07320000000000002	2.092709167180589e-9
0.07330000000000002	2.0928622001275256e-9
0.0734	2.092579060231162e-9
0.07350000000000001	2.0926260966052235e-9
0.07360000000000001	2.092381947968006e-9
0.07370000000000002	2.0925863382741736e-9
0.07380000000000002	2.0925176511634446e-9
0.07390000000000001	2.092310333884121e-9
0.07400000000000001	2.0923213549265062e-9
0.07410000000000001	2.0923517526852705e-9
0.07420000000000002	2.0921499889491032e-9
0.0743	2.092294431174157e-9
0.07440000000000001	2.092104050755177e-9
0.07450000000000001	2.092045742352938e-9
0.07460000000000001	2.0919559408094045e-9
0.07470000000000002	2.091902014395441e-9
0.0748	2.091972435705283e-9
0.07490000000000001	2.0917881288668883e-9
0.07500000000000001	2.0918408039559408e-9
0.0751	2.0917398559962807e-9
0.0752	2.091794530438609e-9
0.0753	2.0916799658964344e-9
0.0754	2.0917282131091704e-9
0.0755	2.091678151830458e-9
0.0756	2.091605068264956e-9
0.0757	2.091585544652356e-9
0.0758	2.0914343402752034e-9
0.0759	2.0914180085755237e-9
0.076	2.0913635323216155e-9
0.0761	2.0915044016354835e-9
0.0762	2.0912616650805702e-9
0.0763	2.091292406529848e-9
0.0764	2.091154346119949e-9
0.0765	2.091407912527874e-9
0.0766	2.091170482377946e-9
0.0767	2.091291433102317e-9
0.07680000000000001	2.0911383519559986e-9
0.0769	2.0910325658859672e-9
0.077	2.090988257295804e-9
0.0771	2.0909321190436256e-9
0.0772	2.0909092319406417e-9
0.0773	2.0909150358579174e-9
0.0774	2.0907869685794144e-9
0.0775	2.0907897190433792e-9
0.0776	2.0908524595068013e-9
0.0777	2.090701301630804e-9
0.07780000000000001	2.0905717466231996e-9
0.0779	2.0906780327262986e-9
0.078	2.0906262618833874e-9
0.0781	2.0905725744109884e-9
0.0782	2.090483663998933e-9
0.07830000000000001	2.0904820452690826e-9
0.0784	2.090370702225205e-9
0.0785	2.0901874834127625e-9
0.0786	2.0901936831244982e-9
0.0787	2.0900016179753135e-9
0.07880000000000001	2.090154545059139e-9
0.0789	2.0899199299443395e-9
0.079	2.089894691223226e-9
0.0791	2.0896921085641345e-9
0.0792	2.0896588640404327e-9
0.07930000000000001	2.0895959202186142e-9
0.0794	2.0895748291499707e-9
0.0795	2.089451931425953e-9
0.0796	2.0893808839603136e-9
0.07970000000000001	2.089178430375918e-9
0.0798	2.0891248151322326e-9
0.0799	2.0890173108139822e-9
0.08	2.0889942990453008e-9
0.0801	2.088832649022496e-9
0.08020000000000001	2.0886566908902834e-9
0.08030000000000001	2.0885220682968985e-9
0.0804	2.0885138331333347e-9
0.0805	2.08843038826712e-9
0.0806	2.0884361463728998e-9
0.08070000000000001	2.088026571925672e-9
0.08080000000000001	2.0880436861202515e-9
0.0809	2.087762636467367e-9
0.081	2.0876840203833892e-9
0.0811	2.0874794605875203e-9
0.08120000000000001	2.0872501244104446e-9
0.08130000000000001	2.0871016054676486e-9
0.0814	2.086849592314045e-9
0.0815	2.0867582757451133e-9
0.0816	2.0867283178586174e-9
0.08170000000000001	2.0864892406846556e-9
0.08180000000000001	2.086237311449498e-9
0.0819	2.086178721038425e-9
0.082	2.0860761596277437e-9
0.0821	2.0858500053930912e-9
0.08220000000000001	2.0857333561860043e-9
0.0823	2.085560437808434e-9
0.0824	2.085338005411057e-9
0.0825	2.085361128297894e-9
0.0826	2.085166863399437e-9
0.08270000000000001	2.085052503500164e-9
0.08280000000000001	2.0848132504314725e-9
0.0829	2.0847873967575043e-9
0.083	2.0846878042363123e-9
0.08310000000000001	2.084548130958798e-9
0.08320000000000001	2.0843891615017452e-9
0.08330000000000001	2.0841745104432173e-9
0.0834	2.084277463419951e-9
0.0835	2.0840548893967274e-9
0.08360000000000001	2.084024174182472e-9
0.08370000000000001	2.0840252614076454e-9
0.08380000000000001	2.0837729145253e-9
0.0839	2.083796701369434e-9
0.084	2.0837430213493523e-9
0.08410000000000001	2.083588175495295e-9
0.08420000000000001	2.083433287642581e-9
0.08430000000000001	2.0834663919380878e-9
0.0844	2.0833457247218904e-9
0.0845	2.0833599021296874e-9
0.08460000000000001	2.0833572191627523e-9
0.08470000000000001	2.0832629613173435e-9
0.0848	2.0831810293771926e-9
0.0849	2.0830767069317243e-9
0.085	2.0830147052597848e-9
0.08510000000000001	2.083028698579571e-9
0.08520000000000001	2.082962402802741e-9
0.08530000000000001	2.082774289740372e-9
0.0854	2.0827475380884057e-9
0.0855	2.0826299120027698e-9
0.08560000000000001	2.082595971872708e-9
0.08570000000000001	2.0825183403501927e-9
0.08580000000000002	2.082546345717228e-9
0.0859	2.0824327974643087e-9
0.08600000000000001	2.082428993503883e-9
0.08610000000000001	2.0821953110530416e-9
0.08620000000000001	2.0820837808213e-9
0.08630000000000002	2.0820337796095306e-9
0.0864	2.082037628770879e-9
0.08650000000000001	2.0819383224696816e-9
0.08660000000000001	2.0817889966986153e-9
0.08670000000000001	2.08190585877929e-9
0.08680000000000002	2.0819167581906762e-9
0.0869	2.0817142201754488e-9
0.08700000000000001	2.081602226398981e-9
0.08710000000000001	2.081616067289307e-9
0.08720000000000001	2.081589551431763e-9
0.0873	2.081603128208239e-9
0.0874	2.081468517428446e-9
0.08750000000000001	2.081362526616382e-9
0.08760000000000001	2.081477441346377e-9
0.08770000000000001	2.0814201683309726e-9
0.08780000000000002	2.0814486555524235e-9
0.0879	2.081383425287695e-9
0.08800000000000001	2.081177934402143e-9
0.08810000000000001	2.081314787955355e-9
0.08820000000000001	2.0812828309048517e-9
0.08830000000000002	2.0811166190814186e-9
0.0884	2.081178129050031e-9
0.08850000000000001	2.0812575785262866e-9
0.08860000000000001	2.0810083540227046e-9
0.08870000000000001	2.080989174952091e-9
0.08880000000000002	2.0809818612157772e-9
0.0889	2.0809432490484427e-9
0.08900000000000001	2.0809449143764706e-9
0.08910000000000001	2.0808226954142822e-9
0.08920000000000002	2.0808511529669946e-9
0.08930000000000002	2.0808502005858858e-9
0.08940000000000001	2.080717432624714e-9
0.08950000000000001	2.0808785643104875e-9
0.08960000000000001	2.080800864522145e-9
0.08970000000000002	2.080754516960343e-9
0.0898	2.0807123741736903e-9
0.08990000000000001	2.080587223930309e-9
0.09000000000000001	2.0806415110859817e-9
0.09010000000000001	2.0805787952983727e-9
0.09020000000000002	2.080654805858422e-9
0.09030000000000002	2.0804990289327997e-9
0.09040000000000001	2.0804879549838094e-9
0.09050000000000001	2.080489363502737e-9
0.09060000000000001	2.0803983873123715e-9
0.09070000000000002	2.080327194970309e-9
0.09080000000000002	2.0803234152958702e-9
0.09090000000000001	2.0804714922956365e-9
0.09100000000000001	2.080331637834179e-9
0.09110000000000001	2.0802229365236713e-9
0.09120000000000002	2.0802699086266834e-9
0.09130000000000002	2.080239490877947e-9
0.09140000000000001	2.0801978216721482e-9
0.09150000000000001	2.080216749627903e-9
0.09160000000000001	2.08012315847378e-9
0.09170000000000002	2.0802280623196978e-9
0.09180000000000002	2.0800985651814776e-9
0.09190000000000001	2.08006738058731e-9
0.09200000000000001	2.080008388755376e-9
0.09210000000000002	2.0799655920925252e-9
0.09220000000000002	2.0798920863788063e-9
0.09230000000000001	2.079798028585534e-9
0.09240000000000001	2.0798838646303493e-9
0.09250000000000001	2.0797645156411773e-9
0.0926	2.079607640267598e-9
0.0927	2.079712110091718e-9
0.09280000000000001	2.0795952312339684e-9
0.0929	2.0795629725811455e-9
0.093	2.0793461539457717e-9
0.0931	2.0792342878853036e-9
0.0932	2.0793250241499687e-9
0.09330000000000001	2.0790650959044506e-9
0.0934	2.0791035278021627e-9
0.0935	2.0790267260089306e-9
0.0936	2.0790063889986355e-9
0.0937	2.0787936578182667e-9
0.09380000000000001	2.0787951030467345e-9
0.0939	2.078705894820034e-9
0.094	2.0786840390577184e-9
0.0941	2.078598625873432e-9
0.0942	2.078453568334072e-9
0.0943	2.0782701447382542e-9
0.0944	2.078283102984578e-9
0.0945	2.0780497855265154e-9
0.0946	2.0780434663315763e-9
0.0947	2.0779945509751553e-9
0.0948	2.077819739712861e-9
0.0949	2.077809961942236e-9
0.095	2.077663550473693e-9
0.0951	2.077445474662487e-9
0.0952	2.0774593646501005e-9
0.09530000000000001	2.0772038023983893e-9
0.0954	2.0771529116930252e-9
0.0955	2.0770333452019253e-9
0.0956	2.076703490130375e-9
0.09570000000000001	2.0767417603595258e-9
0.09580000000000001	2.0765394663830327e-9
0.0959	2.076336497139605e-9
0.096	2.0762756414108374e-9
0.0961	2.0761358293823596e-9
0.09620000000000001	2.076046221302194e-9
0.09630000000000001	2.0759605743013857e-9
0.0964	2.0758000419670396e-9
0.0965	2.0755050328476602e-9
0.0966	2.075429278948735e-9
0.09670000000000001	2.0754103981850413e-9
0.0968	2.0751407498632043e-9
0.0969	2.0750754724695416e-9
0.097	2.075017450993492e-9
0.0971	2.0748990890130803e-9
0.09720000000000001	2.07470791524229e-9
0.0973	2.0745995209305263e-9
0.0974	2.0745767450459006e-9
0.0975	2.0744568633431095e-9
0.0976	2.0742509200188596e-9
0.09770000000000001	2.0742504069986925e-9
0.09780000000000001	2.0740201729091073e-9
0.0979	2.073906311485073e-9
0.098	2.0739320737923543e-9
0.0981	2.0737507707779647e-9
0.09820000000000001	2.073768332786184e-9
0.09830000000000001	2.0736882388770057e-9
0.0984	2.0736161548805527e-9
0.0985	2.0734793873894694e-9
0.09860000000000001	2.0734959344581964e-9
0.09870000000000001	2.073367353011246e-9
0.09880000000000001	2.0733766850939054e-9
0.0989	2.0731591223142563e-9
0.099	2.073199748980626e-9
0.09910000000000001	2.0730163873426043e-9
0.09920000000000001	2.0730534543077435e-9
0.0993	2.0729370066441376e-9
0.0994	2.0728029134905285e-9
0.0995	2.0727597595300046e-9
0.09960000000000001	2.0727278236465703e-9
0.09970000000000001	2.0728173147021753e-9
0.0998	2.072630872073656e-9
0.0999	2.072662732375859e-9
0.1	2.0725952442451876e-9
0.11	2.0685456592005005e-9
0.12	2.060970272709243e-9
0.13	2.0576383690290057e-9
0.14	2.0510579888587514e-9
0.15	2.0484925852650556e-9
0.16	2.0422006534663703e-9
0.16999999999999998	2.0391492586192233e-9
0.18	2.03695176662941e-9
0.19	2.0312912654231774e-9
0.2	2.0288262901753393e-9
0.21000000000000002	2.0270942616321082e-9
0.22000000000000003	2.022369684590988e-9
0.23	2.0193502296554454e-9
0.24000000000000002	2.0177756492950724e-9
0.25	2.0158902295197924e-9
0.26	2.0115849938974367e-9
0.27	2.0096677874667768e-9
0.28	2.008662825982176e-9
0.29000000000000004	2.007691589507939e-9
0.30000000000000004	2.005116941812257e-9
0.31	2.001659122802468e-9
0.32	2.0001601315374506e-9
0.33	1.9993427009123052e-9
0.33999999999999997	1.9981798781258504e-9
0.35	1.9961182798158623e-9
0.36	1.9927414584465926e-9
0.37	1.9910417389939694e-9
0.38	1.9895887662183313e-9
0.39	1.9889095200208903e-9
0.4	1.9881400644278043e-9
0.41	1.9865369747313015e-9
0.42	1.9838843396875816e-9
0.43	1.9817324589754336e-9
0.43999999999999995	1.98057684873066e-9
0.44999999999999996	1.979637455839802e-9
0.45999999999999996	1.9790167359681964e-9
0.47	1.978223237568847e-9
0.48	1.9769283068540558e-9
0.49	1.9748779021104796e-9
0.5	1.9725575572592954e-9
0.51	1.971134486380174e-9
0.52	1.9702428526113654e-9
0.53	1.9693741201986143e-9
0.54	1.9686866543408936e-9
0.55	1.968202823104262e-9
0.56	1.9672571252046726e-9
0.5700000000000001	1.9657653222043856e-9
0.5800000000000001	1.9636833290332675e-9
0.59	1.961533534424769e-9
0.6	1.960487436322159e-9
0.61	1.959702985038246e-9
0.62	1.958950441266902e-9
0.63	1.9585196431875997e-9
0.64	1.9580016446232067e-9
0.65	1.957328292386096e-9
0.66	1.9565923039869726e-9
0.6699999999999999	1.955318243182622e-9
0.6799999999999999	1.953584097599181e-9
0.69	1.951686027273303e-9
0.7	1.95047968693829e-9
0.71	1.9497339051352667e-9
0.72	1.9489323346221426e-9
0.73	1.948226121131795e-9
0.74	1.9477594747379787e-9
0.75	1.947304778483397e-9
0.76	1.946994787205729e-9
0.77	1.946349422080746e-9
0.78	1.9455202931398345e-9
0.7899999999999999	1.944357509099569e-9
0.7999999999999999	1.94294506248893e-9
0.81	1.941258009064277e-9
0.8200000000000001	1.9401691437245782e-9
0.8300000000000001	1.939377058898176e-9
0.8400000000000001	1.9386840995394145e-9
0.8500000000000001	1.9380927128826783e-9
0.8600000000000001	1.9375048140171006e-9
0.8700000000000001	1.937274801702866e-9
0.8800000000000001	1.9368870453908464e-9
0.89	1.9364165189185242e-9
0.9	1.9357694619749164e-9
0.91	1.935275365041099e-9
0.92	1.934322365429398e-9
0.93	1.9333046669772275e-9
0.9400000000000001	1.932092861465446e-9
0.9500000000000001	1.9307423987886856e-9
0.9600000000000001	1.929495099509782e-9
0.97	1.9286210016643695e-9
0.98	1.928145630131927e-9
0.99	1.9276983310562365e-9
1.	1.927020048045213e-9
1.01	1.926602026395077e-9
1.02	1.9261591656512312e-9
1.03	1.925793822428802e-9
1.04	1.925613685145589e-9
1.05	1.92518199245734e-9
1.06	1.924731706187293e-9
1.07	1.924451457520293e-9
1.08	1.9236378206768716e-9
1.09	1.922824384524357e-9
1.1	1.922007303799769e-9
1.11	1.9206885423736854e-9
1.12	1.9197515722395546e-9
1.1300000000000001	1.9189295081470255e-9
1.1400000000000001	1.9183073935672424e-9
1.1500000000000001	1.9180771833245964e-9
1.1600000000000001	1.917628435626657e-9
1.1700000000000002	1.9172407138871413e-9
1.1800000000000002	1.9168662094324003e-9
1.1900000000000002	1.916455945857209e-9
1.2000000000000002	1.9162494424025133e-9
1.2100000000000002	1.9162031508613827e-9
1.2200000000000002	1.9158742618637242e-9
1.2300000000000002	1.9156973581139415e-9
1.2400000000000002	1.9153504335383255e-9
1.2500000000000002	1.914848898559403e-9
1.2600000000000002	1.914319385675862e-9
1.2700000000000002	1.913881750242909e-9
1.2800000000000002	1.9132667128258152e-9
1.2900000000000003	1.912353606716602e-9
1.3000000000000003	1.911642154182588e-9
1.31	1.9107321874345483e-9
1.32	1.9097745541007114e-9
1.33	1.9091822377406148e-9
1.34	1.9085586930513924e-9
1.35	1.908259207443773e-9
1.36	1.9081988099174796e-9
1.37	1.907696172859388e-9
1.3800000000000001	1.9073912971692026e-9
1.3900000000000001	1.9071855369964934e-9
1.4000000000000001	1.9069932100169943e-9
1.4100000000000001	1.9067839626549683e-9
1.4200000000000002	1.9067059182203544e-9
1.4300000000000002	1.906553149004667e-9
1.4400000000000002	1.9063131565045e-9
1.4500000000000002	1.9061961485733743e-9
1.4600000000000002	1.9059678043996466e-9
1.4700000000000002	1.9058207828986238e-9
1.4800000000000002	1.905423555272919e-9
1.4900000000000002	1.904872761494415e-9
1.5000000000000002	1.9043734189176652e-9
1.5100000000000002	1.9037059720277847e-9
1.5200000000000002	1.9029913862001937e-9
1.5300000000000002	1.902549068275063e-9
1.5400000000000003	1.9018711448545694e-9
1.5500000000000003	1.9009506969977975e-9
1.5600000000000003	1.900425272700599e-9
1.5700000000000003	1.899856859041727e-9
1.5800000000000003	1.899338103412225e-9
1.5900000000000003	1.8990454828393612e-9
1.6000000000000003	1.8986388101545114e-9
1.61	1.898155192498886e-9
1.62	1.8979622125842376e-9
1.6300000000000001	1.89770051498528e-9
1.6400000000000001	1.8972453015675747e-9
1.6500000000000001	1.8969292444754205e-9
1.6600000000000001	1.8968598391389394e-9
1.6700000000000002	1.8966260829316007e-9
1.6800000000000002	1.8964974786144114e-9
1.6900000000000002	1.8961246911544735e-9
1.7000000000000002	1.895918976593782e-9
1.7100000000000002	1.8955444372100817e-9
1.7200000000000002	1.895397362462158e-9
1.7300000000000002	1.895209032075269e-9
1.7400000000000002	1.8947608439643994e-9
1.7500000000000002	1.8941783833206702e-9
1.7600000000000002	1.8938715376048394e-9
1.7700000000000002	1.893480276978781e-9
1.7800000000000002	1.892877127079311e-9
1.7900000000000003	1.8921814705898204e-9
1.8000000000000003	1.8918486964003344e-9
1.81	1.8910371996690538e-9
1.82	1.8902885306868126e-9
1.83	1.8896826291558795e-9
1.84	1.8892818855888694e-9
1.85	1.8887601666697176e-9
1.86	1.888318014784671e-9
1.87	1.887988567552405e-9
1.8800000000000001	1.8878641083145637e-9
1.8900000000000001	1.887678521109152e-9
1.9000000000000001	1.887577317986604e-9
1.9100000000000001	1.8873556106569076e-9
1.9200000000000002	1.8869255002648815e-9
1.9300000000000002	1.8867288060795664e-9
1.9400000000000002	1.8863412463598303e-9
1.9500000000000002	1.8860993925559876e-9
1.9600000000000002	1.885789614084901e-9
1.9700000000000002	1.8856965481433418e-9
1.9800000000000002	1.885675619027643e-9
1.9900000000000002	1.8852849074382627e-9
2.	1.885166876634787e-9
2.0100000000000002	1.8847352794865602e-9
2.02	1.8845114442772392e-9
2.0300000000000002	1.884168145845943e-9
2.04	1.8836990067187982e-9
2.0500000000000003	1.883389200609921e-9
2.06	1.8830424700544597e-9
2.0700000000000003	1.882642086017662e-9
2.08	1.882227939375624e-9
2.0900000000000003	1.8816056299638893e-9
2.1	1.881108785313655e-9
2.11	1.8809352948821774e-9
2.1199999999999997	1.8805333824114615e-9
2.13	1.8798849895481994e-9
2.1399999999999997	1.8793198614191076e-9
2.15	1.8788666727472484e-9
2.1599999999999997	1.878303707535405e-9
2.17	1.878105316165229e-9
2.1799999999999997	1.8777653796235905e-9
2.19	1.8776098554209865e-9
2.1999999999999997	1.8774635908848367e-9
2.21	1.8773498976176085e-9
2.2199999999999998	1.8773638781651167e-9
2.23	1.8770746324266275e-9
2.2399999999999998	1.8768539581020077e-9
2.25	1.876595250901092e-9
2.26	1.876363694208488e-9
2.27	1.876288456258747e-9
2.28	1.8760868731076776e-9
2.29	1.875821055139479e-9
2.3	1.8756500300633585e-9
2.31	1.875595766168297e-9
2.32	1.875384670656018e-9
2.33	1.8750494517572996e-9
2.34	1.8749100160960787e-9
2.35	1.874746049741233e-9
2.36	1.8743746236827697e-9
2.37	1.874198917825028e-9
2.38	1.873976959758184e-9
2.39	1.87365069999703e-9
2.4	1.8733939939310225e-9
2.41	1.873055592895617e-9
2.42	1.8728952735773393e-9
2.43	1.8725004559026343e-9
2.44	1.8721933369374096e-9
2.45	1.87192982128933e-9
2.46	1.8714294279287904e-9
2.47	1.8710471013933977e-9
2.48	1.870591237431076e-9
2.49	1.870295018082511e-9
2.5	1.8700842877924494e-9