0.0001	2.764168334240671e-9
0.0002	2.6025641976394257e-9
0.00030000000000000003	2.5563342159267383e-9
0.0004	2.530514473303642e-9
0.0005	2.5123140787839568e-9
0.0006000000000000001	2.4969911374691472e-9
0.0007000000000000001	2.4838064038520085e-9
0.0008	2.473731861999449e-9
0.0009000000000000001	2.464618596364401e-9
0.001	2.455840071790948e-9
0.0011	2.448702709877279e-9
0.0012000000000000001	2.4412093920905857e-9
0.0013000000000000002	2.434313555612343e-9
0.0014000000000000002	2.4290147918651435e-9
0.0015	2.4219559371026145e-9
0.0016	2.4179537809111417e-9
0.0017000000000000001	2.4115685831555737e-9
0.0018000000000000002	2.4076604181407914e-9
0.0019000000000000002	2.4018635055113656e-9
0.002	2.3986794450981182e-9
0.0021	2.3939389062693447e-9
0.0022	2.3898992976031358e-9
0.0023	2.3877873341999607e-9
0.0024	2.383584260932749e-9
0.0025	2.38092988216301e-9
0.0026	2.3793750400614016e-9
0.0026999999999999997	2.375417104904248e-9
0.0028	2.372263720790439e-9
0.0029	2.3706389302207555e-9
0.003	2.3671676242806054e-9
0.0031	2.3639726484195892e-9
0.0031999999999999997	2.3617164542216396e-9
0.0033	2.3600970159169903e-9
0.0034	2.356918512561689e-9
0.0035	2.3540475484388664e-9
0.0036	2.3522379402056607e-9
0.0037	2.3511099951322482e-9
0.0038	2.3488845082315006e-9
0.0039	2.3454033552537057e-9
0.004	2.342466123030473e-9
0.0040999999999999995	2.3408453603899253e-9
0.0042	2.33976782163198e-9
0.0043	2.337996571408355e-9
0.0044	2.335742912830732e-9
0.0045	2.3332707813559963e-9
0.0046	2.3311413132286846e-9
0.0047	2.329924067864044e-9
0.0048000000000000004	2.3292204446633964e-9
0.0049	2.327844141796288e-9
0.005	2.3259994837383495e-9
0.0051	2.3237407582173064e-9
0.005200000000000001	2.321368775293449e-9
0.0053	2.319576568509964e-9
0.0054	2.318382017727731e-9
0.0055000000000000005	2.3172361955276944e-9
0.005600000000000001	2.315990187707397e-9
0.0057	2.314844074352705e-9
0.0058000000000000005	2.3127240129309376e-9
0.005900000000000001	2.310386893342815e-9
0.006	2.3085021964846205e-9
0.0061	2.3073003964338707e-9
0.006200000000000001	2.3061672285298353e-9
0.0063	2.305472146445094e-9
0.0064	2.304760132684086e-9
0.006500000000000001	2.303886361673938e-9
0.0066	2.3023200212444987e-9
0.0067	2.3005101166001327e-9
0.0068000000000000005	2.298433895907142e-9
0.006900000000000001	2.2970001637864475e-9
0.007	2.295411925176298e-9
0.0071	2.2941937987723807e-9
0.007200000000000001	2.2936487600410584e-9
0.007300000000000001	2.292927968754856e-9
0.0074	2.2920415103233563e-9
0.007500000000000001	2.2909636211413563e-9
0.007600000000000001	2.289830561358144e-9
0.007700000000000001	2.288350113113567e-9
0.0078000000000000005	2.28722196976988e-9
0.0079	2.285873479629177e-9
0.008	2.2844096641905447e-9
0.008100000000000001	2.2835434259745577e-9
0.0082	2.2828007540915156e-9
0.0083	2.2824253092934975e-9
0.008400000000000001	2.2817509104229375e-9
0.0085	2.2809295166969357e-9
0.0086	2.279971614719349e-9
0.008700000000000001	2.2787589408653454e-9
0.0088	2.2774361043475144e-9
0.008900000000000002	2.276257945425068e-9
0.009000000000000001	2.2747183582963375e-9
0.0091	2.2733416585036335e-9
0.009200000000000002	2.272390273565691e-9
0.009300000000000001	2.2715041040397193e-9
0.0094	2.2709631026011682e-9
0.009500000000000001	2.2709241041471605e-9
0.009600000000000001	2.2703922687117556e-9
0.0097	2.2701635219944163e-9
0.009800000000000001	2.2694283277634905e-9
0.0099	2.2686011046755418e-9
0.010000000000000002	2.267782836857932e-9
0.0101	2.26668295075571e-9
0.010199999999999999	2.265482270457386e-9
0.0103	2.2642414051585647e-9
0.0104	2.26288486659196e-9
0.010499999999999999	2.2615132562812148e-9
0.0106	2.260225815169217e-9
0.0107	2.259426188306164e-9
0.010799999999999999	2.2588062309799596e-9
0.0109	2.2585313370654223e-9
0.011	2.2582546529031198e-9
0.011099999999999999	2.2579548759244016e-9
0.0112	2.2577748412039322e-9
0.0113	2.2572770348735526e-9
0.0114	2.2568782135066447e-9
0.0115	2.2563825990142543e-9
0.0116	2.2557020099549563e-9
0.0117	2.2548744843054265e-9
0.0118	2.2540000697718875e-9
0.011899999999999999	2.2531215124856137e-9
0.012	2.2519203711103183e-9
0.0121	2.25067351610731e-9
0.012199999999999999	2.2495170977856443e-9
0.0123	2.248384823912701e-9
0.0124	2.2477252031293014e-9
0.0125	2.2469984057045383e-9
0.0126	2.2462385923766574e-9
0.0127	2.2456828575067117e-9
0.0128	2.245340309163733e-9
0.0129	2.2449409560580613e-9
0.013	2.244559695274602e-9
0.0131	2.2442740769877653e-9
0.0132	2.243710668304045e-9
0.0133	2.243450782176171e-9
0.0134	2.243272801973024e-9
0.0135	2.2428263903301957e-9
0.013600000000000001	2.24250943891468e-9
0.0137	2.241941265490857e-9
0.0138	2.241061327736587e-9
0.013900000000000001	2.240520413038509e-9
0.014	2.2393985048167644e-9
0.0141	2.2386737545609606e-9
0.0142	2.2378515339370055e-9
0.0143	2.2370298385230006e-9
0.0144	2.236177925937978e-9
0.0145	2.2353252654566135e-9
0.0146	2.234560109579555e-9
0.014700000000000001	2.233648673086607e-9
0.0148	2.2330390547252453e-9
0.0149	2.2324407562281853e-9
0.015	2.231787208445726e-9
0.0151	2.231391666859419e-9
0.0152	2.2310982976798235e-9
0.015300000000000001	2.230739916418711e-9
0.0154	2.230586339485464e-9
0.0155	2.230399789160776e-9
0.015600000000000001	2.2304846083935706e-9
0.015700000000000002	2.230087807456783e-9
0.0158	2.2298387106742854e-9
0.0159	2.2294548002387746e-9
0.016	2.22900898514591e-9
0.0161	2.2284033218505505e-9
0.0162	2.2278050775381008e-9
0.016300000000000002	2.227138499724855e-9
0.0164	2.226782739465501e-9
0.0165	2.226063422297859e-9
0.0166	2.225371728620112e-9
0.0167	2.2244667294080944e-9
0.016800000000000002	2.2237419261367697e-9
0.016900000000000002	2.2231099412918464e-9
0.017	2.2222870737962823e-9
0.0171	2.221678142564062e-9
0.0172	2.2210790447266566e-9
0.0173	2.220219904337587e-9
0.0174	2.219648657149566e-9
0.0175	2.218993915306057e-9
0.0176	2.218623679701945e-9
0.0177	2.2183106898361396e-9
0.0178	2.217925532176019e-9
0.017900000000000003	2.217897827219578e-9
0.018000000000000002	2.2175464989079803e-9
0.0181	2.2172342080826377e-9
0.0182	2.2167879313482356e-9
0.0183	2.216603690135196e-9
0.0184	2.216374611602075e-9
0.018500000000000003	2.2160841278346637e-9
0.018600000000000002	2.2159084484455254e-9
0.0187	2.2156556195892797e-9
0.0188	2.215476407914552e-9
0.0189	2.2150800868903327e-9
0.019	2.215038114709572e-9
0.019100000000000002	2.214602559223734e-9
0.019200000000000002	2.2140869117357556e-9
0.0193	2.2133151376203426e-9
0.0194	2.2129978497827293e-9
0.0195	2.21236537383398e-9
0.0196	2.211701601499025e-9
0.019700000000000002	2.211011508688994e-9
0.0198	2.210124060984671e-9
0.0199	2.209408124324332e-9
0.02	2.208635742774302e-9
0.0201	2.208074606297889e-9
0.0202	2.2074462852802456e-9
0.0203	2.2071174782242575e-9
0.0204	2.2066563992482202e-9
0.0205	2.2062273654688653e-9
0.0206	2.2059301666734776e-9
0.0207	2.2054551327412534e-9
0.0208	2.2053999983325137e-9
0.0209	2.204974210776783e-9
0.021	2.2044285315837157e-9
0.0211	2.204146217272844e-9
0.0212	2.2037747895728735e-9
0.0213	2.2035491364157025e-9
0.0214	2.2031956031988516e-9
0.0215	2.2030613771033996e-9
0.0216	2.2029113519213472e-9
0.0217	2.2026917479963925e-9
0.0218	2.2026463588042045e-9
0.0219	2.2024189835595215e-9
0.022	2.20229948324262e-9
0.0221	2.202054165466838e-9
0.0222	2.201906469095449e-9
0.0223	2.201513471108523e-9
0.0224	2.2015360192669197e-9
0.0225	2.201089647127956e-9
0.022600000000000002	2.20060415463215e-9
0.0227	2.200337355947864e-9
0.0228	2.1997340980198345e-9
0.022900000000000004	2.199174031220408e-9
0.023000000000000003	2.1985738731203083e-9
0.023100000000000002	2.1978923929145103e-9
0.023200000000000002	2.1972602047290474e-9
0.0233	2.1969069024309972e-9
0.0234	2.1962481976122997e-9
0.023500000000000004	2.195643104467141e-9
0.023600000000000003	2.195147637015564e-9
0.023700000000000002	2.1947003892627295e-9
0.0238	2.1941936214421264e-9
0.0239	2.193811263582404e-9
0.024	2.193342120983278e-9
0.024100000000000003	2.193007812473866e-9
0.024200000000000003	2.1925398683122083e-9
0.024300000000000002	2.1923220687333955e-9
0.0244	2.191859846049704e-9
0.0245	2.191471144193375e-9
0.024600000000000004	2.1912877654893576e-9
0.024700000000000003	2.190919361996614e-9
0.024800000000000003	2.190790460414557e-9
0.024900000000000002	2.190498125077334e-9
0.025	2.190278743902004e-9
0.0251	2.190130461709324e-9
0.0252	2.1899032857523982e-9
0.0253	2.1895869857844437e-9
0.025400000000000002	2.1894134942742985e-9
0.025500000000000002	2.189331330883274e-9
0.0256	2.189006206444793e-9
0.0257	2.1889116431921006e-9
0.0258	2.188803688003776e-9
0.0259	2.1888459133634716e-9
0.026000000000000002	2.1885677405028165e-9
0.0261	2.1883215092535816e-9
0.0262	2.188181644031002e-9
0.0263	2.1880238563398282e-9
0.0264	2.18771254028813e-9
0.0265	2.1876544500247746e-9
0.026600000000000002	2.18723888623911e-9
0.0267	2.1868454097613453e-9
0.0268	2.1862866770786756e-9
0.0269	2.186015224598213e-9
0.027	2.185611136575704e-9
0.0271	2.1851088720236153e-9
0.027200000000000002	2.184566633600193e-9
0.0273	2.1839531823018863e-9
0.0274	2.1835620650322032e-9
0.0275	2.1830089044198187e-9
0.0276	2.182496502385887e-9
0.0277	2.1819908964646033e-9
0.0278	2.1816684866241908e-9
0.0279	2.181337643665647e-9
0.028	2.1806991606807338e-9
0.0281	2.1802279243918074e-9
0.0282	2.180084211571384e-9
0.0283	2.1798104095642108e-9
0.028399999999999998	2.1793541461875535e-9
0.0285	2.179118709515072e-9
0.0286	2.178829943355006e-9
0.0287	2.1786542099019576e-9
0.0288	2.178269037982784e-9
0.0289	2.1780725903073707e-9
0.028999999999999998	2.177720024701551e-9
0.0291	2.1775696790387183e-9
0.0292	2.1770764155233823e-9
0.0293	2.176954965560154e-9
0.0294	2.176771475550855e-9
0.0295	2.1767256314319017e-9
0.0296	2.176435674613622e-9
0.0297	2.176369744660522e-9
0.0298	2.176122854299433e-9
0.0299	2.1760944085490827e-9
0.03	2.1759626247535846e-9
0.030100000000000002	2.175573906360131e-9
0.0302	2.175810101774212e-9
0.0303	2.175618273302828e-9
0.030400000000000003	2.1753149258395833e-9
0.030500000000000003	2.17506551437722e-9
0.030600000000000002	2.1749693013768113e-9
0.0307	2.175109683951896e-9
0.0308	2.1749313152629713e-9
0.0309	2.1747871742896396e-9
0.031000000000000003	2.1745628768428117e-9
0.031100000000000003	2.1744176315306688e-9
0.031200000000000002	2.174197565875883e-9
0.0313	2.173997902230451e-9
0.031400000000000004	2.173700594596961e-9
0.0315	2.173385418937694e-9
0.0316	2.173142901358934e-9
0.0317	2.1728781412299614e-9
0.0318	2.1725494325962776e-9
0.031900000000000005	2.172135459165142e-9
0.032	2.1714724464698377e-9
0.032100000000000004	2.171096811584284e-9
0.0322	2.1705938651882843e-9
0.0323	2.1701662734913216e-9
0.0324	2.169849578194453e-9
0.0325	2.1693697919453923e-9
0.032600000000000004	2.168914100514033e-9
0.03270000000000001	2.168435036193692e-9
0.0328	2.168244749466611e-9
0.032900000000000006	2.1677975974195823e-9
0.033	2.1675345429874366e-9
0.033100000000000004	2.167453428579016e-9
0.03320000000000001	2.167162044043826e-9
0.0333	2.1665662499436383e-9
0.033400000000000006	2.166566069405674e-9
0.0335	2.166207252655156e-9
0.033600000000000005	2.16563082636544e-9
0.0337	2.1655547155179208e-9
0.033800000000000004	2.165374921014008e-9
0.033900000000000007	2.164975646926004e-9
0.034	2.164774573093257e-9
0.034100000000000005	2.1648156162389114e-9
0.0342	2.164690228804315e-9
0.034300000000000004	2.1645109832035165e-9
0.03440000000000001	2.1639312956432674e-9
0.0345	2.1638682205432945e-9
0.034600000000000006	2.163640806378046e-9
0.0347	2.1634032440787467e-9
0.034800000000000005	2.163525324355862e-9
0.0349	2.1631946599163682e-9
0.035	2.1632348953147966e-9
0.035100000000000006	2.1628666031839995e-9
0.03520000000000001	2.1629219021171154e-9
0.035300000000000005	2.162816373185658e-9
0.03540000000000001	2.162680052382736e-9
0.035500000000000004	2.1622839880668445e-9
0.03560000000000001	2.1623226413136792e-9
0.03570000000000001	2.162428451171011e-9
0.035800000000000005	2.1623844155828088e-9
0.03590000000000001	2.1619491082977416e-9
0.036000000000000004	2.162127733764273e-9
0.03610000000000001	2.1617751003478084e-9
0.0362	2.1618664989327346e-9
0.036300000000000006	2.161654921193105e-9
0.03640000000000001	2.1615048641899297e-9
0.036500000000000005	2.161166403204342e-9
0.03660000000000001	2.161293471001205e-9
0.0367	2.1610830435693166e-9
0.036800000000000006	2.160998189836483e-9
0.03690000000000001	2.1608281331453696e-9
0.037000000000000005	2.1605162199939616e-9
0.03710000000000001	2.160322017755768e-9
0.037200000000000004	2.160252481705876e-9
0.03730000000000001	2.1599181770906084e-9
0.0374	2.159564225304409e-9
0.037500000000000006	2.1592705450566056e-9
0.0376	2.1590231654361667e-9
0.037700000000000004	2.158523248050005e-9
0.0378	2.1579848599750983e-9
0.0379	2.1577489295593604e-9
0.038	2.157398466553976e-9
0.0381	2.1570182109417403e-9
0.038200000000000005	2.1566652347831725e-9
0.0383	2.1559657468531124e-9
0.038400000000000004	2.1558333122350847e-9
0.0385	2.155389207219269e-9
0.0386	2.155041950275904e-9
0.0387	2.154837510918607e-9
0.0388	2.154295508758532e-9
0.038900000000000004	2.154520033840136e-9
0.039	2.154041766684248e-9
0.0391	2.1536439184461178e-9
0.0392	2.153649012431905e-9
0.0393	2.1535319071422884e-9
0.039400000000000004	2.153055272326334e-9
0.0395	2.1531591630178365e-9
0.0396	2.15286437034358e-9
0.0397	2.1523453943536987e-9
0.0398	2.1523125378327803e-9
0.039900000000000005	2.1522704951831852e-9
0.04	2.1520716453873776e-9
0.040100000000000004	2.1518603511237486e-9
0.04020000000000001	2.151628855735601e-9
0.0403	2.1513365907765266e-9
0.040400000000000005	2.1510518218016703e-9
0.0405	2.15108756269345e-9
0.040600000000000004	2.1506185747082717e-9
0.04070000000000001	2.1507129138962344e-9
0.0408	2.150550912754025e-9
0.040900000000000006	2.1504442386628784e-9
0.041	2.1503107215027288e-9
0.041100000000000005	2.150332436297985e-9
0.0412	2.149782992718289e-9
0.0413	2.150018490852163e-9
0.041400000000000006	2.149804409285524e-9
0.0415	2.149514031365006e-9
0.041600000000000005	2.149513018142545e-9
0.0417	2.1492663209767672e-9
0.041800000000000004	2.1493055192971283e-9
0.04190000000000001	2.1492523755180865e-9
0.042	2.1491362303783316e-9
0.042100000000000005	2.149208282672449e-9
0.0422	2.149147265558864e-9
0.042300000000000004	2.1488352858283467e-9
0.04240000000000001	2.148758933485932e-9
0.0425	2.148657314156984e-9
0.042600000000000006	2.148729467014184e-9
0.04270000000000001	2.148578241096972e-9
0.042800000000000005	2.148536237993861e-9
0.04290000000000001	2.1483737115868474e-9
0.043000000000000003	2.148158313176788e-9
0.043100000000000006	2.1480154639551304e-9
0.04320000000000001	2.1478675219392663e-9
0.043300000000000005	2.1477605732018812e-9
0.04340000000000001	2.1475783816727945e-9
0.043500000000000004	2.1474618585096997e-9
0.04360000000000001	2.1470754406584084e-9
0.0437	2.146893744783703e-9
0.043800000000000006	2.1468443609420615e-9
0.04390000000000001	2.1466756220273314e-9
0.044000000000000004	2.1464284742419638e-9
0.04410000000000001	2.146168484289184e-9
0.0442	2.14593113908544e-9
0.044300000000000006	2.145650543596608e-9
0.04440000000000001	2.14549803027499e-9
0.044500000000000005	2.145126495429667e-9
0.04460000000000001	2.1446061991357395e-9
0.044700000000000004	2.1443794943532994e-9
0.044800000000000006	2.1439573687092783e-9
0.04490000000000001	2.143775670211221e-9
0.045000000000000005	2.1434811241913078e-9
0.04510000000000001	2.1430375559238462e-9
0.04520000000000001	2.1427743360039053e-9
0.04530000000000001	2.142519696901992e-9
0.04540000000000001	2.1420530611508664e-9
0.045500000000000006	2.1418179254887096e-9
0.04560000000000001	2.1417378722843477e-9
0.04570000000000001	2.1412869231368063e-9
0.04580000000000001	2.1409151795871183e-9
0.04590000000000001	2.140824600835555e-9
0.046000000000000006	2.140461943171936e-9
0.04610000000000001	2.1404344132619175e-9
0.046200000000000005	2.140265339463193e-9
0.04630000000000001	2.1398736246528144e-9
0.04640000000000001	2.1397798425767966e-9
0.04650000000000001	2.1396974095573304e-9
0.04660000000000001	2.139576174552504e-9
0.046700000000000005	2.139325177742663e-9
0.04680000000000001	2.1391725637449895e-9
0.04690000000000001	2.138999484555406e-9
0.04700000000000001	2.1387789454971948e-9
0.04710000000000001	2.1386840556560802e-9
0.047200000000000006	2.1384256358371524e-9
0.04730000000000001	2.1383863826639005e-9
0.04740000000000001	2.138165392624462e-9
0.04750000000000001	2.1377863412707655e-9
0.0476	2.1373920559242957e-9
0.047700000000000006	2.1374464370474886e-9
0.0478	2.1374297049433455e-9
0.047900000000000005	2.137294560905805e-9
0.048	2.1372507202132874e-9
0.048100000000000004	2.136955530995049e-9
0.04820000000000001	2.137017016805875e-9
0.0483	2.1367348001552773e-9
0.048400000000000006	2.136720371596727e-9
0.0485	2.136498985331084e-9
0.048600000000000004	2.1366160908848237e-9
0.0487	2.1364801269269297e-9
0.0488	2.1361426959365055e-9
0.048900000000000006	2.1359453608708643e-9
0.049	2.136150042273369e-9
0.049100000000000005	2.135960806642744e-9
0.0492	2.135983481816745e-9
0.049300000000000004	2.1357543667268335e-9
0.049400000000000006	2.1356167475550707e-9
0.0495	2.135649365742972e-9
0.049600000000000005	2.1356741418196073e-9
0.0497	2.135579563018276e-9
0.049800000000000004	2.135600616457941e-9
0.0499	2.135506104304162e-9
0.05	2.1351669637611095e-9
0.050100000000000006	2.135273845896149e-9
0.05020000000000001	2.135110610251793e-9
0.050300000000000004	2.1352013774380436e-9
0.05040000000000001	2.1350960229726616e-9
0.0505	2.1346247985078742e-9
0.050600000000000006	2.1346715772419487e-9
0.05070000000000001	2.1345933314791804e-9
0.050800000000000005	2.1346123017450246e-9
0.05090000000000001	2.1343216087688724e-9
0.051000000000000004	2.1342902523533555e-9
0.051100000000000007	2.1341732681183202e-9
0.0512	2.1340431488938337e-9
0.051300000000000005	2.133810197742405e-9
0.05140000000000001	2.133626351688212e-9
0.051500000000000004	2.1335547290039642e-9
0.05160000000000001	2.133076701558675e-9
0.0517	2.133077287542752e-9
0.051800000000000006	2.133095286360255e-9
0.05190000000000001	2.1327914700406036e-9
0.052000000000000005	2.1328404540391275e-9
0.05210000000000001	2.132366236853385e-9
0.0522	2.132280842246232e-9
0.052300000000000006	2.131914086114305e-9
0.0524	2.1316541516399983e-9
0.052500000000000005	2.1312819817369943e-9
0.05260000000000001	2.1310926090464702e-9
0.05270000000000001	2.130702939653718e-9
0.05280000000000001	2.1304488549272856e-9
0.05290000000000001	2.1301874806825824e-9
0.053000000000000005	2.1299372879465104e-9
0.05310000000000001	2.129689727617273e-9
0.05320000000000001	2.129405793562201e-9
0.05330000000000001	2.1291501701445907e-9
0.05340000000000001	2.1288755115409405e-9
0.053500000000000006	2.1285875532283747e-9
0.05360000000000001	2.1282442584808183e-9
0.053700000000000005	2.128008560272531e-9
0.05380000000000001	2.1278489382424563e-9
0.05390000000000001	2.127543495782837e-9
0.054000000000000006	2.1272341892658633e-9
0.05410000000000001	2.1272599258754213e-9
0.054200000000000005	2.1270017430400117e-9
0.05430000000000001	2.1267928682679248e-9
0.05440000000000001	2.126701799829777e-9
0.05450000000000001	2.1265549052059056e-9
0.05460000000000001	2.1264461755046226e-9
0.054700000000000006	2.126370974955173e-9
0.05480000000000001	2.125999862113947e-9
0.054900000000000004	2.125949097183183e-9
0.05500000000000001	2.1256715609704364e-9
0.0551	2.1256716302828745e-9
0.055200000000000006	2.125650600272359e-9
0.0553	2.125288960419688e-9
0.055400000000000005	2.1252246619530933e-9
0.0555	2.124924214543787e-9
0.055600000000000004	2.124731691198377e-9
0.055700000000000006	2.124694575889122e-9
0.0558	2.124468866613353e-9
0.055900000000000005	2.1242843797254245e-9
0.056	2.124124089814855e-9
0.056100000000000004	2.124110536425462e-9
0.0562	2.1237892512873663e-9
0.0563	2.123694073219651e-9
0.056400000000000006	2.1237355091314004e-9
0.0565	2.1237285857651994e-9
0.056600000000000004	2.1235513133828627e-9
0.0567	2.1234384912020266e-9
0.0568	2.123322822406335e-9
0.056900000000000006	2.1232353422721673e-9
0.057	2.1230917302936078e-9
0.057100000000000005	2.122974841348435e-9
0.0572	2.1227086173333244e-9
0.057300000000000004	2.1229297159864397e-9
0.05740000000000001	2.1227752709483744e-9
0.0575	2.1226830788296205e-9
0.057600000000000005	2.122609706734709e-9
0.05770000000000001	2.122543000639877e-9
0.057800000000000004	2.122399345540552e-9
0.05790000000000001	2.1223431658556392e-9
0.058	2.122152316049325e-9
0.058100000000000006	2.1220133514933555e-9
0.05820000000000001	2.1219746468372986e-9
0.058300000000000005	2.122013976974909e-9
0.05840000000000001	2.1218976080383567e-9
0.0585	2.1219348318872057e-9
0.058600000000000006	2.1216087635877507e-9
0.0587	2.121673202773971e-9
0.058800000000000005	2.121886733184814e-9
0.05890000000000001	2.121675374036952e-9
0.059000000000000004	2.121758969019929e-9
0.05910000000000001	2.12145137591438e-9
0.0592	2.1213815480933185e-9
0.059300000000000005	2.1212702084726093e-9
0.05940000000000001	2.1213729308223194e-9
0.059500000000000004	2.1211674338041126e-9
0.05960000000000001	2.121033119727059e-9
0.0597	2.120929902598416e-9
0.059800000000000006	2.1207086997138913e-9
0.05990000000000001	2.120765347604236e-9
0.060000000000000005	2.1207961281432507e-9
0.06010000000000001	2.120549144480198e-9
0.06020000000000001	2.120307432882127e-9
0.060300000000000006	2.1201256172168265e-9
0.06040000000000001	2.1202292019376507e-9
0.060500000000000005	2.11986393264459e-9
0.06060000000000001	2.1198313929530504e-9
0.06070000000000001	2.1197132253361957e-9
0.06080000000000001	2.1198002279698937e-9
0.06090000000000001	2.1195156362197136e-9
0.061000000000000006	2.1193494457320607e-9
0.06110000000000001	2.1191224868371245e-9
0.061200000000000004	2.1188859418881026e-9
0.06130000000000001	2.1189422454752733e-9
0.06140000000000001	2.118731552113445e-9
0.061500000000000006	2.1183648129780676e-9
0.06160000000000001	2.1181133342178808e-9
0.061700000000000005	2.118031566840799e-9
0.06180000000000001	2.1176750793602764e-9
0.06190000000000001	2.117498101474456e-9
0.062000000000000006	2.117237237915137e-9
0.06210000000000001	2.1169523345456743e-9
0.062200000000000005	2.116802918304802e-9
0.06230000000000001	2.116296084465086e-9
0.06240000000000001	2.1163569435506624e-9
0.06250000000000001	2.1158705359158954e-9
0.0626	2.115857345798051e-9
0.0627	2.1155832456906037e-9
0.06280000000000001	2.115385830782589e-9
0.0629	2.1152552089344954e-9
0.063	2.1147757988276935e-9
0.0631	2.1147550901441934e-9
0.0632	2.1143773781013126e-9
0.06330000000000001	2.1143294488478564e-9
0.0634	2.1141969369866224e-9
0.0635	2.1140287582167763e-9
0.0636	2.113733612828299e-9
0.0637	2.1136899659716292e-9
0.06380000000000001	2.113437595485081e-9
0.0639	2.1133564600842684e-9
0.064	2.1133904448967076e-9
0.0641	2.113020369644005e-9
0.06420000000000001	2.1126590479625666e-9
0.0643	2.1126740528515347e-9
0.0644	2.1124634813577555e-9
0.0645	2.112359977066402e-9
0.0646	2.112197105973727e-9
0.06470000000000001	2.1121421540511997e-9
0.0648	2.1121583913162478e-9
0.0649	2.1119478104906565e-9
0.065	2.1118121429802432e-9
0.0651	2.1116727454591425e-9
0.06520000000000001	2.1114883916897503e-9
0.06530000000000001	2.111416034651255e-9
0.0654	2.111240443475004e-9
0.0655	2.1110396110167397e-9
0.0656	2.1110610708647672e-9
0.06570000000000001	2.110983285467387e-9
0.06580000000000001	2.1106316833049085e-9
0.0659	2.1105614512298073e-9
0.066	2.11039608983236e-9
0.0661	2.110379341563196e-9
0.06620000000000001	2.1100639782276146e-9
0.06630000000000001	2.1101646494855333e-9
0.0664	2.110041163034538e-9
0.0665	2.1100064007225405e-9
0.0666	2.1099870326352286e-9
0.06670000000000001	2.109904543534663e-9
0.0668	2.10959948175148e-9
0.0669	2.1096032843656326e-9
0.067	2.109611001495335e-9
0.0671	2.1093352377205855e-9
0.06720000000000001	2.1093856573056825e-9
0.0673	2.1093586652800664e-9
0.0674	2.109180960926704e-9
0.0675	2.1091224200632304e-9
0.06760000000000001	2.1090821286226637e-9
0.06770000000000001	2.108858883425508e-9
0.06780000000000001	2.1089716137393737e-9
0.0679	2.1086916640837175e-9
0.068	2.1088607101357864e-9
0.06810000000000001	2.108672425098615e-9
0.06820000000000001	2.1086009867223212e-9
0.06830000000000001	2.1083981072035355e-9
0.0684	2.1082401004288954e-9
0.0685	2.1083565187836083e-9
0.06860000000000001	2.1082094242934657e-9
0.06870000000000001	2.108228607120302e-9
0.06880000000000001	2.1081058216779442e-9
0.0689	2.108097373463399e-9
0.069	2.107793744501225e-9
0.06910000000000001	2.1079242193294196e-9
0.06920000000000001	2.1078392036471586e-9
0.0693	2.1078103479949887e-9
0.0694	2.1077795953535576e-9
0.0695	2.107808453280954e-9
0.06960000000000001	2.107843319828208e-9
0.06970000000000001	2.1076451174829163e-9
0.0698	2.107724182721096e-9
0.0699	2.107429661642752e-9
0.07	2.1074628473656367e-9
0.07010000000000001	2.107357851455972e-9
0.07020000000000001	2.107426363511849e-9
0.07030000000000002	2.1071168051370785e-9
0.0704	2.1071995021793547e-9
0.07050000000000001	2.106933257899876e-9
0.07060000000000001	2.1069201278106766e-9
0.07070000000000001	2.106921228343841e-9
0.07080000000000002	2.106678043541313e-9
0.0709	2.106643461791124e-9
0.07100000000000001	2.106574591173123e-9
0.07110000000000001	2.106374571200921e-9
0.07120000000000001	2.1061192182679847e-9
0.07130000000000002	2.1062647145034494e-9
0.0714	2.106199697132835e-9
0.07150000000000001	2.10606496129557e-9
0.07160000000000001	2.1058634442968505e-9
0.07170000000000001	2.105867035378931e-9
0.0718	2.1056521082685585e-9
0.0719	2.1055941369066607e-9
0.07200000000000001	2.105494468218282e-9
0.07210000000000001	2.105253043503901e-9
0.07220000000000001	2.105090935150467e-9
0.0723	2.1048415179833875e-9
0.0724	2.104829953054159e-9
0.07250000000000001	2.104651921003793e-9
0.07260000000000001	2.1041947174847947e-9
0.07270000000000001	2.1041929330233778e-9
0.07280000000000002	2.1040525798577418e-9
0.0729	2.1037460123437382e-9
0.07300000000000001	2.1034280412894385e-9
0.07310000000000001	2.103414525729664e-9
0.07320000000000002	2.10314263295544e-9
0.07330000000000002	2.1029931648164225e-9
0.0734	2.1028017505921413e-9
0.07350000000000001	2.102419975638931e-9
0.07360000000000001	2.1021801775640344e-9
0.07370000000000002	2.102156429710091e-9
0.07380000000000002	2.102074851170278e-9
0.07390000000000001	2.1018507333881486e-9
0.07400000000000001	2.1016706387622047e-9
0.07410000000000001	2.1013286044338765e-9
0.07420000000000002	2.101074827509603e-9
0.0743	2.1009741156281033e-9
0.07440000000000001	2.1008909687573275e-9
0.07450000000000001	2.1005817793776867e-9
0.07460000000000001	2.100417606878427e-9
0.07470000000000002	2.10021594330274e-9
0.0748	2.1001488899668634e-9
0.07490000000000001	2.09999377202628e-9
0.07500000000000001	2.0998832978906785e-9
0.0751	2.0996767444366125e-9
0.0752	2.099582927241547e-9
0.0753	2.0994209858816516e-9
0.0754	2.099390838300509e-9
0.0755	2.0991377481998585e-9
0.0756	2.0990232740560354e-9
0.0757	2.0988108758544077e-9
0.0758	2.0988851982699444e-9
0.0759	2.09866138224692e-9
0.076	2.0985162446943746e-9
0.0761	2.098482142244184e-9
0.0762	2.0981165015008223e-9
0.0763	2.09839458833832e-9
0.0764	2.0979633015388916e-9
0.0765	2.0979596983109977e-9
0.0766	2.097776910449989e-9
0.0767	2.097877371982216e-9
0.07680000000000001	2.0976944787999137e-9
0.0769	2.097743541047684e-9
0.077	2.0973633630713187e-9
0.0771	2.0974432487157024e-9
0.0772	2.0972748373654436e-9
0.0773	2.0970136935358783e-9
0.0774	2.096875367211256e-9
0.0775	2.096831970717084e-9
0.0776	2.0966778675931167e-9
0.0777	2.096616941767178e-9
0.07780000000000001	2.0964257294208447e-9
0.0779	2.0963519030133204e-9
0.078	2.096419340158608e-9
0.0781	2.0961529298933943e-9
0.0782	2.0960769439482167e-9
0.07830000000000001	2.095982604393048e-9
0.0784	2.0958657337789435e-9
0.0785	2.0959555802856263e-9
0.0786	2.0956906188332676e-9
0.0787	2.095753467282407e-9
0.07880000000000001	2.095731929857895e-9
0.0789	2.095728568073258e-9
0.079	2.0953352531203077e-9
0.0791	2.0953944687908547e-9
0.0792	2.095365836546695e-9
0.07930000000000001	2.095221809045648e-9
0.0794	2.0951553201092258e-9
0.0795	2.0952958552487144e-9
0.0796	2.0949985489193128e-9
0.07970000000000001	2.0949097514307074e-9
0.0798	2.095114925222191e-9
0.0799	2.095011535662528e-9
0.08	2.0946782679731767e-9
0.0801	2.094702686466779e-9
0.08020000000000001	2.0947484069517726e-9
0.08030000000000001	2.0945629108341854e-9
0.0804	2.0945047039229173e-9
0.0805	2.09445737237505e-9
0.0806	2.094522314213711e-9
0.08070000000000001	2.094105129769525e-9
0.08080000000000001	2.0941575053080897e-9
0.0809	2.094111795854425e-9
0.081	2.094082530620191e-9
0.0811	2.0940237616227273e-9
0.08120000000000001	2.093966242826922e-9
0.08130000000000001	2.093958474309873e-9
0.0814	2.0938280358203734e-9
0.0815	2.093967545730551e-9
0.0816	2.0936926538510933e-9
0.08170000000000001	2.0937883675717303e-9
0.08180000000000001	2.0936447046589236e-9
0.0819	2.093667915665477e-9
0.082	2.0937729297347227e-9
0.0821	2.0934825794708526e-9
0.08220000000000001	2.093631763513935e-9
0.0823	2.093464070156297e-9
0.0824	2.093487532030774e-9
0.0825	2.09343687247591e-9
0.0826	2.0931923411431135e-9
0.08270000000000001	2.093404646115505e-9
0.08280000000000001	2.093085688935969e-9
0.0829	2.0932302195462298e-9
0.083	2.093037348720337e-9
0.08310000000000001	2.093101374228933e-9
0.08320000000000001	2.092900136075528e-9
0.08330000000000001	2.0928547355324077e-9
0.0834	2.09265559108895e-9
0.0835	2.092654521659408e-9
0.08360000000000001	2.0924713498264107e-9
0.08370000000000001	2.092313308229936e-9
0.08380000000000001	2.0923836034490574e-9
0.0839	2.092084275339946e-9
0.084	2.0922051230310697e-9
0.08410000000000001	2.0922064144318738e-9
0.08420000000000001	2.0919546200671674e-9
0.08430000000000001	2.0919750192359926e-9
0.0844	2.091781812935548e-9
0.0845	2.091702041822422e-9
0.08460000000000001	2.0917751788337866e-9
0.08470000000000001	2.0915019171354933e-9
0.0848	2.0913408429592928e-9
0.0849	2.091544274036425e-9
0.085	2.091173280370351e-9
0.08510000000000001	2.0910116515276296e-9
0.08520000000000001	2.0908543654309867e-9
0.08530000000000001	2.090617307545928e-9
0.0854	2.090449005819911e-9
0.0855	2.090437830466092e-9
0.08560000000000001	2.0901463386488332e-9
0.08570000000000001	2.0900739562371677e-9
0.08580000000000002	2.090019366059363e-9
0.0859	2.0896562452213636e-9
0.08600000000000001	2.089846466981302e-9
0.08610000000000001	2.089419495388812e-9
0.08620000000000001	2.08944288612772e-9
0.08630000000000002	2.089083311608953e-9
0.0864	2.0891178724622844e-9
0.08650000000000001	2.088572061767085e-9
0.08660000000000001	2.088632584537222e-9
0.08670000000000001	2.088368986711073e-9
0.08680000000000002	2.0881763069966234e-9
0.0869	2.088144702505379e-9
0.08700000000000001	2.0881333165705243e-9
0.08710000000000001	2.087574171495858e-9
0.08720000000000001	2.0875224486787202e-9
0.0873	2.0874177415264254e-9
0.0874	2.087163206662673e-9
0.08750000000000001	2.0872087278061406e-9
0.08760000000000001	2.0869837182303536e-9
0.08770000000000001	2.0867836058337657e-9
0.08780000000000002	2.0866572641993893e-9
0.0879	2.0866756063702593e-9
0.08800000000000001	2.0864528543446756e-9
0.08810000000000001	2.086182653452526e-9
0.08820000000000001	2.0860047089821246e-9
0.08830000000000002	2.0858858445527692e-9
0.0884	2.0859526010114188e-9
0.08850000000000001	2.0857408314363107e-9
0.08860000000000001	2.0855324116154673e-9
0.08870000000000001	2.085581115213162e-9
0.08880000000000002	2.085368281083845e-9
0.0889	2.085099137187983e-9
0.08900000000000001	2.085168699357179e-9
0.08910000000000001	2.085239471906085e-9
0.08920000000000002	2.0848760356241605e-9
0.08930000000000002	2.0846287696742536e-9
0.08940000000000001	2.084713260098122e-9
0.08950000000000001	2.084738981690979e-9
0.08960000000000001	2.084407996034406e-9
0.08970000000000002	2.084532846553873e-9
0.0898	2.084356833110516e-9
0.08990000000000001	2.084530140354341e-9
0.09000000000000001	2.0843351613725096e-9
0.09010000000000001	2.08431113284368e-9
0.09020000000000002	2.0840084537563943e-9
0.09030000000000002	2.0842154811059084e-9
0.09040000000000001	2.083927964349693e-9
0.09050000000000001	2.0839272418701325e-9
0.09060000000000001	2.083985770687309e-9
0.09070000000000002	2.0839840129734086e-9
0.09080000000000002	2.083640369934641e-9
0.09090000000000001	2.0836337917382447e-9
0.09100000000000001	2.083813534582667e-9
0.09110000000000001	2.0835965039273504e-9
0.09120000000000002	2.083260570175471e-9
0.09130000000000002	2.0831215443466124e-9
0.09140000000000001	2.0832153114208057e-9
0.09150000000000001	2.0832863121730432e-9
0.09160000000000001	2.083175912835528e-9
0.09170000000000002	2.082910083444938e-9
0.09180000000000002	2.08284777821234e-9
0.09190000000000001	2.0829857978777597e-9
0.09200000000000001	2.08281546149572e-9
0.09210000000000002	2.0828985645004673e-9
0.09220000000000002	2.0827323018948894e-9
0.09230000000000001	2.0825268651485528e-9
0.09240000000000001	2.0826364387534393e-9
0.09250000000000001	2.0826291187695904e-9
0.0926	2.0825127888759863e-9
0.0927	2.0825072634258176e-9
0.09280000000000001	2.0823051852728864e-9
0.0929	2.0822913459691545e-9
0.093	2.082297050437643e-9
0.0931	2.082197728368586e-9
0.0932	2.0822839483701295e-9
0.09330000000000001	2.0821591507408253e-9
0.0934	2.0821840361871194e-9
0.0935	2.0818821284627225e-9
0.0936	2.082092216202158e-9
0.0937	2.081903951167613e-9
0.09380000000000001	2.081916188536083e-9
0.0939	2.0818696730231747e-9
0.094	2.0818033389471657e-9
0.0941	2.081817996315084e-9
0.0942	2.0816729919209063e-9
0.0943	2.0816276970990677e-9
0.0944	2.0813904554930245e-9
0.0945	2.08170503056233e-9
0.0946	2.0816031711248703e-9
0.0947	2.0815110358075255e-9
0.0948	2.0816922823179167e-9
0.0949	2.0815360775496596e-9
0.095	2.081493115462151e-9
0.0951	2.081274838121036e-9
0.0952	2.0815213918967577e-9
0.09530000000000001	2.0813292300813267e-9
0.0954	2.0812293845876264e-9
0.0955	2.0812222508210196e-9
0.0956	2.081093843363094e-9
0.09570000000000001	2.08106542045945e-9
0.09580000000000001	2.0811123903228736e-9
0.0959	2.0810143288883293e-9
0.096	2.0810194198948143e-9
0.0961	2.080984019005813e-9
0.09620000000000001	2.0809963117140676e-9
0.09630000000000001	2.0809954312199006e-9
0.0964	2.0810001901308583e-9
0.0965	2.080812934846639e-9
0.0966	2.0808230295712313e-9
0.09670000000000001	2.0808264702931366e-9
0.0968	2.0807044716471705e-9
0.0969	2.0807631129248856e-9
0.097	2.080711048254858e-9
0.0971	2.0805523594318506e-9
0.09720000000000001	2.080462258465144e-9
0.0973	2.080556040240716e-9
0.0974	2.080539587331172e-9
0.0975	2.080429466658858e-9
0.0976	2.080362351861842e-9
0.09770000000000001	2.080523743983856e-9
0.09780000000000001	2.080241602186866e-9
0.0979	2.0800185287645146e-9
0.098	2.0802324375248557e-9
0.0981	2.0801472804298212e-9
0.09820000000000001	2.0800414930782505e-9
0.09830000000000001	2.080108485432273e-9
0.0984	2.0800131227051304e-9
0.0985	2.079807785146618e-9
0.09860000000000001	2.0799476640526527e-9
0.09870000000000001	2.0798127177648804e-9
0.09880000000000001	2.079724195980723e-9
0.0989	2.0797404503315897e-9
0.099	2.0793407319907418e-9
0.09910000000000001	2.0792465226241338e-9
0.09920000000000001	2.079152015055756e-9
0.0993	2.079244939787309e-9
0.0994	2.0792534438142082e-9
0.0995	2.0791066205349523e-9
0.09960000000000001	2.079035926320434e-9
0.09970000000000001	2.0790207983007133e-9
0.0998	2.0789776816539722e-9
0.0999	2.0789422042554697e-9
0.1	2.0784821468354344e-9
0.11	2.069916004661636e-9
0.12	2.064719407726232e-9
0.13	2.0583588838646737e-9
0.14	2.05421188062625e-9
0.15	2.047496836733238e-9
0.16	2.0439382495472354e-9
0.16999999999999998	2.037301778513997e-9
0.18	2.033415820617057e-9
0.19	2.030207305131045e-9
0.2	2.0242450052401205e-9
0.21000000000000002	2.0212182756243746e-9
0.22	2.0189082515395244e-9
0.22999999999999998	2.0146097606695817e-9
0.24	2.0106415656682112e-9
0.25	2.008702572654242e-9
0.26	2.0062829592651644e-9
0.27	2.0017781193940815e-9
0.28	1.9973907838599135e-9
0.29000000000000004	1.9956631098003456e-9
0.30000000000000004	1.9939145546598955e-9
0.31	1.9912931950043443e-9
0.32	1.9878111511647852e-9
0.33	1.9849679809076567e-9
0.34	1.983711537787857e-9
0.35000000000000003	1.982025230613764e-9
0.36	1.979417041148997e-9
0.37	1.976332716777255e-9
0.38	1.973627079575732e-9
0.39	1.972269716835946e-9
0.4	1.9714118370868157e-9
0.41000000000000003	1.969880899418421e-9
0.42000000000000004	1.968219437970843e-9
0.43	1.9657326239696225e-9
0.44	1.9629515389162238e-9
0.45	1.9607218730592478e-9
0.45999999999999996	1.959585641167755e-9
0.47	1.9587257143812134e-9
0.48	1.9574051100459396e-9
0.49	1.9560951479186262e-9
0.5	1.954345411822923e-9
0.51	1.9520200831698537e-9
0.52	1.9500920508069772e-9
0.53	1.9484989348651583e-9
0.54	1.9477531030741313e-9
0.55	1.946745146164429e-9
0.56	1.945256619208385e-9
0.5700000000000001	1.9440333135602855e-9
0.58	1.9426400492655664e-9
0.59	1.940955471325942e-9
0.6	1.9392106225035265e-9
0.61	1.9379582193024313e-9
0.62	1.936595016933708e-9
0.63	1.935959074868054e-9
0.64	1.9349142303872917e-9
0.6499999999999999	1.9333786102970017e-9
0.6599999999999999	1.9320126456820534e-9
0.6699999999999999	1.9309464944473268e-9
0.6799999999999999	1.9296860267562324e-9
0.69	1.928469468844544e-9
0.7	1.927367042359724e-9
0.71	1.9260272947653974e-9
0.72	1.925099622681465e-9
0.73	1.9241452387926113e-9
0.74	1.9233846433670284e-9
0.75	1.9221331547714892e-9
0.76	1.9208193557883735e-9
0.77	1.919522086890591e-9
0.78	1.9185504375504945e-9
0.79	1.9177520577942687e-9
0.8	1.916786434948199e-9
0.81	1.9162377130918257e-9
0.8200000000000001	1.9154235432803006e-9
0.83	1.914365496646494e-9
0.84	1.9133649194621193e-9
0.85	1.912532547965104e-9
0.86	1.911396043471318e-9
0.87	1.9106585481336043e-9
0.88	1.909505668074613e-9
0.89	1.908245583766986e-9
0.9	1.9073723778722636e-9
0.91	1.9066767502588828e-9
0.92	1.90645980136016e-9
0.93	1.905872954835169e-9
0.9400000000000001	1.9050784121563353e-9
0.9500000000000001	1.903994319937817e-9
0.9600000000000001	1.903031092331649e-9
0.97	1.9019368898836804e-9
0.98	1.901006690943483e-9
0.99	1.9001420516370043e-9
1.	1.8995211065333376e-9
1.01	1.898943706042955e-9
1.02	1.8986647694047407e-9
1.03	1.8980540075932427e-9
1.04	1.897283950504644e-9
1.05	1.89637374943915e-9
1.06	1.8954715154447594e-9
1.07	1.8946626503049076e-9
1.08	1.893696746060525e-9
1.09	1.8926460647831073e-9
1.1	1.8918763541576653e-9
1.11	1.8912462138835033e-9
1.12	1.8906663101631204e-9
1.1300000000000001	1.8899190920793475e-9
1.1400000000000001	1.8893970162598727e-9
1.1500000000000001	1.8888874276439357e-9
1.1600000000000001	1.888361196803022e-9
1.1700000000000002	1.8876958675805687e-9
1.1800000000000002	1.8871410616200683e-9
1.19	1.886449742423432e-9
1.2000000000000002	1.8857676871987264e-9
1.21	1.884928190699645e-9
1.22	1.8840457754608784e-9
1.2300000000000002	1.8834409878268645e-9
1.2400000000000002	1.882808709273094e-9
1.2500000000000002	1.882410064780278e-9
1.2600000000000002	1.8819702762671087e-9
1.2700000000000002	1.8814512786370333e-9
1.2800000000000002	1.8810075645585293e-9
1.2900000000000003	1.880389963299864e-9
1.3000000000000003	1.880080366676586e-9
1.3100000000000003	1.879661775499901e-9
1.3200000000000003	1.879016202706027e-9
1.3300000000000003	1.8785890407405737e-9
1.3400000000000003	1.8778261689482787e-9
1.35	1.8771124632960196e-9
1.3600000000000003	1.876547555596538e-9
1.37	1.875812717805585e-9
1.3800000000000001	1.8752497991567895e-9
1.3900000000000001	1.8748011996020535e-9
1.4000000000000001	1.874297131707086e-9
1.4100000000000001	1.8740905532832245e-9
1.4200000000000002	1.873608038225199e-9
1.4300000000000002	1.873253595152364e-9
1.4400000000000002	1.8728381172266684e-9
1.4500000000000002	1.8726644520317493e-9
1.4600000000000002	1.8721643982290663e-9
1.4700000000000002	1.8716760183892886e-9
1.4800000000000002	1.8711193826344004e-9
1.4900000000000002	1.8703753241769343e-9
1.5000000000000002	1.8696145744025803e-9
1.5100000000000002	1.8689265125050694e-9
1.52	1.868281115038543e-9
1.5300000000000002	1.8675818630611083e-9
1.54	1.8673257061877923e-9
1.55	1.8666664433123922e-9
1.56	1.8661864827295184e-9
1.57	1.8659093338676603e-9
1.58	1.8653979224021602e-9
1.59	1.865015503591402e-9
1.6	1.8648040920070593e-9
1.61	1.8642510363699507e-9
1.62	1.8640338698583783e-9
1.6300000000000001	1.8637370256564724e-9
1.6400000000000001	1.8634998716601044e-9
1.6500000000000001	1.8629437255354573e-9
1.6600000000000001	1.8624095062041489e-9
1.67	1.8619185537472197e-9
1.6800000000000002	1.8613929162294013e-9
1.69	1.8606705291838027e-9
1.7	1.8601909617610645e-9
1.7100000000000002	1.8595215757870666e-9
1.7200000000000002	1.8589512505430764e-9
1.7300000000000002	1.8584417046123303e-9
1.7400000000000002	1.857837431371453e-9
1.7500000000000002	1.8572523753097474e-9
1.7600000000000002	1.856929682943286e-9
1.7700000000000002	1.8565505676040828e-9
1.7800000000000002	1.8563969932797219e-9
1.7900000000000003	1.8560449432268074e-9
1.8000000000000003	1.8559346172638273e-9
1.8100000000000003	1.8556478788656448e-9
1.8200000000000003	1.8553974651361254e-9
1.83	1.8552144896586327e-9
1.8400000000000003	1.8547895796253386e-9
1.85	1.8546109268877667e-9
1.86	1.854162369587277e-9
1.87	1.8537339863598788e-9
1.8800000000000001	1.8534386359617145e-9
1.8900000000000001	1.8529983559508893e-9
1.9000000000000001	1.8524410858688821e-9
1.9100000000000001	1.852070251900339e-9
1.9200000000000002	1.8516384665027336e-9
1.9300000000000002	1.8512718265435413e-9
1.9400000000000002	1.8506585473768556e-9
1.9500000000000002	1.85015826963881e-9
1.9600000000000002	1.8496448079364077e-9
1.9700000000000002	1.8491973107768663e-9
1.98	1.848923136631309e-9
1.9900000000000002	1.8484471718526748e-9
2.	1.8483764100236043e-9
2.0100000000000002	1.848105051803659e-9
2.02	1.8477826764507888e-9
2.0300000000000002	1.8475084654131344e-9
2.04	1.8471184686285502e-9
2.0500000000000003	1.846745492124689e-9
2.06	1.846534708478586e-9
2.0700000000000003	1.8461628566997312e-9
2.08	1.8460494783014237e-9
2.0900000000000003	1.8456510801337956e-9
2.1	1.845349858781722e-9
2.1100000000000003	1.844945781638516e-9
2.12	1.844750425509672e-9
2.1300000000000003	1.8442796994355399e-9
2.14	1.8439588401011066e-9
2.1500000000000004	1.8435704147151241e-9
2.1599999999999997	1.8431384235260636e-9
2.1699999999999995	1.8426595960839065e-9
2.1799999999999997	1.8422406946815172e-9
2.1899999999999995	1.841757774684939e-9
2.1999999999999997	1.8413218360457116e-9
2.2099999999999995	1.8409273243032345e-9
2.2199999999999998	1.840575477628261e-9
2.2299999999999995	1.8403007929349553e-9
2.2399999999999998	1.8399906096323918e-9
2.2499999999999996	1.8396034035685585e-9
2.26	1.8392458437448054e-9
2.2699999999999996	1.8390924432918962e-9
2.28	1.8388261905986262e-9
2.2899999999999996	1.8384962620938852e-9
2.3	1.8384121474379747e-9
2.31	1.8381981095537511e-9
2.32	1.8380936804940562e-9
2.33	1.8378420170156114e-9
2.34	1.8375757714358426e-9
2.35	1.8373378800341446e-9
2.36	1.8370944105169675e-9
2.37	1.8367521725609862e-9
2.38	1.8365916626999367e-9
2.39	1.8362049337002473e-9
2.4	1.8359168891830214e-9
2.41	1.8357762370088242e-9
2.42	1.8353828521847674e-9
2.43	1.835073542745376e-9
2.44	1.8347906920970735e-9
2.45	1.8341391386790163e-9
2.46	1.8336676954935471e-9
2.4699999999999998	1.8332521385916238e-9
2.48	1.8327560421123673e-9
2.4899999999999998	1.83233574766363e-9
2.5	1.8318492857209068e-9
2.51	1.8314972775210442e-9
2.52	1.8313403225384901e-9
2.53	1.8309333714298385e-9
2.54	1.830596215269874e-9
2.55	1.8304076557475503e-9
2.56	1.8302108987563796e-9
2.57	1.8299111973559779e-9
2.58	1.8295582424521538e-9
2.59	1.8294184108895461e-9
2.6	1.8291998094845958e-9
2.61	1.8289722592032198e-9
2.6199999999999997	1.8288439277626363e-9
2.63	1.8287001153119065e-9
2.6399999999999997	1.8282616732306761e-9
2.65	1.8281216743380105e-9
2.6599999999999997	1.8277132671572002e-9
2.67	1.8275158875751145e-9
2.6799999999999997	1.8273356788803738e-9
2.69	1.8270970029064088e-9
2.6999999999999997	1.8269489971912732e-9
2.71	1.826805515200152e-9
2.7199999999999998	1.826458197967358e-9
2.73	1.8261488120175622e-9
2.7399999999999998	1.8257318964960834e-9
2.75	1.8253964455807862e-9
2.76	1.8250775358247032e-9
2.7699999999999996	1.8246246314765581e-9
2.78	1.8243805038216195e-9
2.7899999999999996	1.8239701065299653e-9
2.8	1.8237520383319616e-9
2.8099999999999996	1.823328482717945e-9
2.82	1.8229576457551229e-9
2.8299999999999996	1.8227807262387892e-9
2.84	1.8223950553824093e-9
2.8499999999999996	1.8220653763612724e-9
2.86	1.8220328164045746e-9
2.8699999999999997	1.821612211905239e-9
2.88	1.8214025307589356e-9
2.8899999999999997	1.8211099261694983e-9
2.9	1.8208545568823267e-9
2.91	1.8206060715178709e-9
2.92	1.8204250497974265e-9
2.93	1.8202547576315667e-9
2.94	1.819921478278966e-9
2.95	1.8198635429428758e-9
2.96	1.819767074695217e-9
2.97	1.8195998126527992e-9
2.98	1.819402763174191e-9
2.99	1.819231517723872e-9
3.	1.8188998015969794e-9
3.0100000000000002	1.8188486277183597e-9
3.02	1.8187222708147763e-9
3.0300000000000002	1.8184826967355844e-9
3.04	1.8182057295526383e-9
3.0500000000000003	1.8179878882430704e-9
3.06	1.8177517805963496e-9
3.07	1.817383506007158e-9
3.08	1.817265312347348e-9
3.09	1.8168580921798215e-9
3.1	1.816405545615507e-9
3.11	1.815984277727568e-9
3.12	1.8154975804213565e-9
3.13	1.8152624756861649e-9
3.14	1.8150214219134633e-9
3.15	1.8148494154571744e-9
3.16	1.8144208933971456e-9
3.17	1.8141704133735241e-9
3.18	1.8138247585361787e-9
3.19	1.8135011787248724e-9
3.2	1.813312122179977e-9
3.21	1.813066833451452e-9
3.2199999999999998	1.812824024892318e-9
3.23	1.812637678508203e-9
3.2399999999999998	1.8123722730482567e-9
3.25	1.812094187873753e-9
3.26	1.8118413146255858e-9
3.27	1.811627060682391e-9
3.28	1.811370550218195e-9
3.29	1.811256589377674e-9
3.3	1.8110466014812406e-9
3.31	1.8110506987582947e-9
3.32	1.8107836640676348e-9
3.33	1.8108346459713828e-9
3.34	1.8108299956441184e-9
3.35	1.8105459027364792e-9
3.36	1.8104072418202962e-9
3.3699999999999997	1.8104889414328245e-9
3.38	1.8102497560468271e-9
3.3899999999999997	1.810295147829112e-9
3.4	1.8101070506816257e-9
3.4099999999999997	1.810162547071462e-9
3.42	1.8098816476770037e-9
3.4299999999999997	1.8098238213017678e-9
3.44	1.809495456820638e-9
3.4499999999999997	1.8093330785822307e-9
3.46	1.8091287694735674e-9
3.4699999999999998	1.808725138622944e-9
3.48	1.8084828274851974e-9
3.4899999999999998	1.8082673437998538e-9
3.5	1.8078504341279325e-9
3.51	1.8076464999605106e-9
3.5199999999999996	1.8073522065953998e-9
3.53	1.8069230791786575e-9
3.5399999999999996	1.8068012632950004e-9
3.55	1.8064617657286825e-9
3.5599999999999996	1.8061558664123112e-9
3.57	1.8057997047118131e-9
3.5799999999999996	1.8056716276749103e-9
3.59	1.805275303261457e-9
3.5999999999999996	1.8049858448350143e-9
3.61	1.8048214460415892e-9
3.6199999999999997	1.8045767122789178e-9
3.63	1.8042389765511273e-9
3.6399999999999997	1.803975863969561e-9
3.65	1.8037238458098987e-9
3.66	1.8034338062069226e-9
3.67	1.8030795634116564e-9
3.68	1.8029909900959187e-9
3.69	1.8028992548561218e-9
3.7	1.8024558593724565e-9
3.71	1.802218675149765e-9
3.72	1.8019425417303523e-9
3.73	1.8016020869903987e-9
3.74	1.8016117581110432e-9
3.75	1.8014092162334138e-9
3.7600000000000002	1.8013744330963296e-9
3.77	1.8011983964787637e-9
3.7800000000000002	1.801062927728058e-9
3.79	1.8008938806083602e-9
3.8000000000000003	1.8008521614787009e-9
3.81	1.8008630632403114e-9
3.82	1.8007394612650675e-9
3.83	1.800617116579583e-9
3.84	1.8007287374131018e-9
3.85	1.8005558382711908e-9
3.86	1.8004914215486043e-9
3.87	1.800422419774846e-9
3.88	1.8003014761038847e-9
3.89	1.8001317035369467e-9
3.9	1.800033605171757e-9
3.91	1.7998186675204791e-9
3.92	1.7996899410289996e-9
3.93	1.7997053964631967e-9
3.94	1.7993983443728385e-9
3.95	1.7992991057923638e-9
3.96	1.7991246429511537e-9
3.9699999999999998	1.798929770719996e-9
3.98	1.7987694885084308e-9
3.9899999999999998	1.7984148559965938e-9
4.	1.7983123613484245e-9
4.01	1.798039774952596e-9
4.02	1.7978553086510697e-9
4.03	1.7976064660903752e-9
4.04	1.7973670961831646e-9
4.05	1.7972350958165353e-9
4.06	1.7968205437691596e-9
4.07	1.7967549974872757e-9
4.08	1.7963561927438302e-9
4.09	1.7961982485656677e-9
4.1	1.7959374140684452e-9
4.11	1.7957437226037543e-9
4.12	1.7954154358153795e-9
4.13	1.7951721685324491e-9
4.140000000000001	1.7949726663009777e-9
4.15	1.7947290454282683e-9
4.16	1.7944216700244203e-9
4.17	1.7942461937894954e-9
4.180000000000001	1.7938423857087683e-9
4.19	1.793629146787663e-9
4.2	1.7933043114743367e-9
4.21	1.7931176416887502e-9
4.220000000000001	1.792855404560412e-9
4.23	1.7925225100131653e-9
4.24	1.7924487197016027e-9
4.25	1.7922675930310512e-9
4.260000000000001	1.7919622785963466e-9
4.2700000000000005	1.7917992057689395e-9
4.28	1.7915936080438202e-9
4.290000000000001	1.7914088215618767e-9
4.300000000000001	1.7913225886184853e-9
4.3100000000000005	1.7910666088945454e-9
4.32	1.7911752893239012e-9
4.330000000000001	1.7908298398752484e-9
4.340000000000001	1.7906855923619997e-9
4.3500000000000005	1.7907329207031116e-9
4.36	1.7904519508307525e-9
4.370000000000001	1.7903407334476272e-9
4.380000000000001	1.7902165225634282e-9
4.390000000000001	1.7900728330197175e-9
4.4	1.7900285850538346e-9
4.41	1.7897640438795112e-9
4.42	1.789768980969748e-9
4.43	1.789597194272516e-9
4.44	1.7894089278807375e-9
4.45	1.789332938767045e-9
4.46	1.7891311822616653e-9
4.47	1.7888729837585382e-9
4.48	1.7887174210136897e-9
4.49	1.7886239842178104e-9
4.5	1.788530117888487e-9
4.51	1.7882611974576866e-9
4.5200000000000005	1.7880932180192977e-9
4.53	1.7881058214854428e-9
4.54	1.7878387393188921e-9
4.55	1.7876779010753744e-9
4.5600000000000005	1.7874546584073784e-9
4.57	1.7872636367745357e-9
4.58	1.787127953379504e-9
4.590000000000001	1.7870457683058629e-9
4.6000000000000005	1.7868055985213048e-9
4.61	1.7866993045711411e-9
4.62	1.78658821758059e-9
4.630000000000001	1.7863085708266085e-9
4.640000000000001	1.7863244162301506e-9
4.65	1.7861266817541856e-9
4.66	1.7859058405738232e-9
4.670000000000001	1.7857608711115514e-9
4.680000000000001	1.7854131462919142e-9
4.69	1.7852700270450816e-9
4.7	1.7849534117529333e-9
4.710000000000001	1.7847053634423724e-9
4.720000000000001	1.784607519282388e-9
4.73	1.7843184576907535e-9
4.740000000000001	1.7839486992424693e-9
4.750000000000001	1.7839910133040988e-9
4.760000000000001	1.7835463454321093e-9
4.7700000000000005	1.7832634687496917e-9
4.780000000000001	1.7830690663153632e-9
4.790000000000001	1.7829134166178247e-9
4.800000000000001	1.7826843896403539e-9
4.8100000000000005	1.7824870224326216e-9
4.820000000000001	1.7822810508232353e-9
4.830000000000001	1.7819070740150347e-9
4.840000000000001	1.7818048511801852e-9
4.8500000000000005	1.7817810767849258e-9
4.86	1.7814723137139795e-9
4.87	1.7812901987052723e-9
4.88	1.7810570433198231e-9
4.890000000000001	1.7809788706369683e-9
4.9	1.7807708669124733e-9
4.91	1.7805794731257002e-9
4.92	1.7804444209503552e-9
4.930000000000001	1.7803519027332367e-9
4.94	1.780153078853713e-9
4.95	1.780043135489736e-9
4.96	1.7799577810114816e-9
4.970000000000001	1.7798565363245125e-9
4.98	1.779810971576705e-9
4.99	1.779515721680084e-9
5.	1.7793765460956306e-9