0.0001	2.883753524943829e-9
0.0002	2.639674158515566e-9
0.00030000000000000003	2.566624450234035e-9
0.0004	2.52579679760205e-9
0.0005	2.497700401628757e-9
0.0006000000000000001	2.4774422210065027e-9
0.0007000000000000001	2.464553832896789e-9
0.0008	2.4534656201231657e-9
0.0009000000000000001	2.4468360391763377e-9
0.001	2.440312766491635e-9
0.0011	2.4339701049019154e-9
0.0012000000000000001	2.427640958950886e-9
0.0013000000000000002	2.4197294729647367e-9
0.0014000000000000002	2.4126235261523083e-9
0.0015	2.404665797899839e-9
0.0016	2.3995143089738035e-9
0.0017000000000000001	2.3949256276166225e-9
0.0018000000000000002	2.391394204355799e-9
0.0019000000000000002	2.3868313335126387e-9
0.002	2.38282671035617e-9
0.0021	2.3780042463689285e-9
0.0022	2.3746988412788563e-9
0.0023	2.369872329829218e-9
0.0024	2.3679220345941917e-9
0.0025	2.3648159379364803e-9
0.0026	2.361116220356779e-9
0.0026999999999999997	2.358593068155747e-9
0.0028	2.354824178334829e-9
0.0029	2.3523058529053015e-9
0.003	2.350454023784216e-9
0.0031	2.3476390201873222e-9
0.0031999999999999997	2.344591001671921e-9
0.0033	2.3429548778330303e-9
0.0034	2.3401929559202177e-9
0.0035	2.336844120439141e-9
0.0036	2.3344440873233902e-9
0.0037	2.3334854666263793e-9
0.0038	2.3315419445768813e-9
0.0039	2.3286244649350036e-9
0.004	2.3255214438658702e-9
0.0040999999999999995	2.324120614495651e-9
0.0042	2.3227805725876463e-9
0.0043	2.321112631305321e-9
0.0044	2.3185770415100953e-9
0.0045	2.31602705694109e-9
0.0046	2.3136165305282315e-9
0.0047	2.3126060051245236e-9
0.0048000000000000004	2.3116506843790227e-9
0.0049	2.3101264933503433e-9
0.005	2.308104143584791e-9
0.0051	2.3057729355021064e-9
0.005200000000000001	2.303795715199649e-9
0.0053	2.3029279751633965e-9
0.0054	2.3019439794113555e-9
0.0055000000000000005	2.300406355121349e-9
0.005600000000000001	2.29910443287132e-9
0.0057	2.2973326430107444e-9
0.0058000000000000005	2.2955678867100823e-9
0.005900000000000001	2.2943192044494473e-9
0.006	2.293109884829325e-9
0.0061	2.2921337063239752e-9
0.006200000000000001	2.2915620587436644e-9
0.0063	2.29018931351497e-9
0.0064	2.2885550716854127e-9
0.006500000000000001	2.2867924543175222e-9
0.0066	2.285151407310084e-9
0.0067	2.2836232187819566e-9
0.0068000000000000005	2.282877296975684e-9
0.006900000000000001	2.2825397639818043e-9
0.007	2.2816137635271673e-9
0.0071	2.280563974591582e-9
0.007200000000000001	2.279350291157351e-9
0.007300000000000001	2.2779465281013922e-9
0.0074	2.2762582936747083e-9
0.007500000000000001	2.2745154315160693e-9
0.007600000000000001	2.272969694985035e-9
0.007700000000000001	2.2720688431336995e-9
0.0078000000000000005	2.271545105803328e-9
0.0079	2.2709337654035957e-9
0.008	2.270384463586211e-9
0.008100000000000001	2.269574225331262e-9
0.0082	2.268594656457116e-9
0.0083	2.2676022633759892e-9
0.008400000000000001	2.266205751029522e-9
0.0085	2.2648963443091272e-9
0.0086	2.263387044741548e-9
0.008700000000000001	2.2622783385005435e-9
0.0088	2.261654273030958e-9
0.008900000000000002	2.260956345906797e-9
0.009000000000000001	2.2604468344903786e-9
0.0091	2.259871423188281e-9
0.009200000000000002	2.259377856197733e-9
0.009300000000000001	2.2587090941364794e-9
0.0094	2.258187848197095e-9
0.009500000000000001	2.257232758577204e-9
0.009600000000000001	2.256157360365233e-9
0.0097	2.254916863594753e-9
0.009800000000000001	2.253636739752418e-9
0.0099	2.252317852606645e-9
0.010000000000000002	2.2516410222751813e-9
0.0101	2.250682690041673e-9
0.010199999999999999	2.2500740150288186e-9
0.0103	2.249304599164561e-9
0.0104	2.248716666766666e-9
0.010499999999999999	2.2482184878285454e-9
0.0106	2.247808577069351e-9
0.0107	2.247285172435046e-9
0.010799999999999999	2.246522011013794e-9
0.0109	2.2458549287552424e-9
0.011	2.2449288380578075e-9
0.011099999999999999	2.24396603634118e-9
0.0112	2.242649678069532e-9
0.0113	2.2418340881340076e-9
0.0114	2.24112462128092e-9
0.0115	2.2404885743725863e-9
0.0116	2.239796810679075e-9
0.0117	2.2393260522122358e-9
0.0118	2.2388057334564853e-9
0.011899999999999999	2.2386073748729554e-9
0.012	2.238412409576407e-9
0.0121	2.238300233564135e-9
0.012199999999999999	2.2379322547220576e-9
0.0123	2.237636565016642e-9
0.0124	2.2373147137134165e-9
0.0125	2.2367220670511657e-9
0.0126	2.2360439823025842e-9
0.0127	2.2352183276091716e-9
0.0128	2.2345590523849378e-9
0.0129	2.2336173470670702e-9
0.013	2.2329653977654474e-9
0.0131	2.232079153749372e-9
0.0132	2.2311663637948856e-9
0.0133	2.2304180548158464e-9
0.0134	2.2297370317238485e-9
0.0135	2.2292503820792946e-9
0.013600000000000001	2.2287092756418558e-9
0.0137	2.2286306133760554e-9
0.0138	2.2284009357538837e-9
0.013900000000000001	2.22800001565431e-9
0.014	2.2275804254916352e-9
0.0141	2.2273166119732837e-9
0.0142	2.2268326438398746e-9
0.0143	2.2263522475340643e-9
0.0144	2.2257795297156194e-9
0.0145	2.2253281042860053e-9
0.0146	2.224949833463041e-9
0.014700000000000001	2.224422683211505e-9
0.0148	2.223576018629459e-9
0.0149	2.2230135594913847e-9
0.015	2.222232802612529e-9
0.0151	2.221451733458552e-9
0.0152	2.220967999725412e-9
0.015300000000000001	2.220394760281481e-9
0.0154	2.2198509560706953e-9
0.0155	2.219546122386738e-9
0.015600000000000001	2.2192299636940925e-9
0.015700000000000002	2.218974029149611e-9
0.0158	2.218858661314521e-9
0.0159	2.218670272567493e-9
0.016	2.218459731039045e-9
0.0161	2.2181200819667325e-9
0.0162	2.217703294003238e-9
0.016300000000000002	2.2171704930418202e-9
0.0164	2.216597504559669e-9
0.0165	2.216191142829656e-9
0.0166	2.215634116060302e-9
0.0167	2.215106641670794e-9
0.016800000000000002	2.2145933917872125e-9
0.016900000000000002	2.2136804839116116e-9
0.017	2.213137726762463e-9
0.0171	2.2123998967153157e-9
0.0172	2.2117572169849588e-9
0.0173	2.211115475499085e-9
0.0174	2.2104941729523177e-9
0.0175	2.2097483505592254e-9
0.0176	2.2092152711071525e-9
0.0177	2.20863672569659e-9
0.0178	2.20843994115671e-9
0.017900000000000003	2.208098511664519e-9
0.018000000000000002	2.2078806727719185e-9
0.0181	2.207817713616917e-9
0.0182	2.2077124850383897e-9
0.0183	2.2076747019290443e-9
0.0184	2.207594445173272e-9
0.018500000000000003	2.2072618312235016e-9
0.018600000000000002	2.206973731557597e-9
0.0187	2.2067735146304706e-9
0.0188	2.206561948737071e-9
0.0189	2.206139720854038e-9
0.019	2.205616823676119e-9
0.019100000000000002	2.205455687838248e-9
0.019200000000000002	2.2049153312478594e-9
0.0193	2.20439938109631e-9
0.0194	2.203805665978829e-9
0.0195	2.2032714876667065e-9
0.0196	2.202769168409793e-9
0.019700000000000002	2.201997932283468e-9
0.0198	2.201412324025046e-9
0.0199	2.2006919634591963e-9
0.02	2.1998569803303835e-9
0.0201	2.1992560507170693e-9
0.0202	2.1985449502659676e-9
0.0203	2.198016085771896e-9
0.0204	2.197473101862702e-9
0.0205	2.1972095395104635e-9
0.0206	2.1969836780339148e-9
0.0207	2.1967553547608702e-9
0.0208	2.1963823236919827e-9
0.0209	2.196229758218429e-9
0.021	2.1959179568206763e-9
0.0211	2.1958187021671495e-9
0.0212	2.1957867049239416e-9
0.0213	2.195614795322902e-9
0.0214	2.195635523102681e-9
0.0215	2.1952260227866124e-9
0.0216	2.195223592123291e-9
0.0217	2.194963315086353e-9
0.0218	2.1947579873003115e-9
0.0219	2.1945640483441267e-9
0.022	2.194375003140542e-9
0.0221	2.1939994410940014e-9
0.0222	2.1937180272703133e-9
0.0223	2.1933763117090325e-9
0.0224	2.193180069365089e-9
0.0225	2.192593168252982e-9
0.022600000000000002	2.1922704552625632e-9
0.0227	2.1917596487224607e-9
0.0228	2.1913463778362195e-9
0.022900000000000004	2.190695982354583e-9
0.023000000000000003	2.1899548876896055e-9
0.023100000000000002	2.1892341280572785e-9
0.023200000000000002	2.188699823538195e-9
0.0233	2.1881462221364705e-9
0.0234	2.1875881867828695e-9
0.023500000000000004	2.187135468520478e-9
0.023600000000000003	2.186704503370302e-9
0.023700000000000002	2.186206621176633e-9
0.0238	2.1858536070190355e-9
0.0239	2.18538339395978e-9
0.024	2.18514486959932e-9
0.024100000000000003	2.1847891925143852e-9
0.024200000000000003	2.184500945807382e-9
0.024300000000000002	2.184202873717069e-9
0.0244	2.1839345693520837e-9
0.0245	2.1835946868182493e-9
0.024600000000000004	2.183367215197428e-9
0.024700000000000003	2.1831752768337027e-9
0.024800000000000003	2.1830852120795773e-9
0.024900000000000002	2.1829158003970703e-9
0.025	2.182639794758198e-9
0.0251	2.1823766950914183e-9
0.0252	2.182171111649453e-9
0.0253	2.181957885791259e-9
0.025400000000000002	2.1817966648252093e-9
0.025500000000000002	2.1817182615654483e-9
0.0256	2.1815383165145114e-9
0.0257	2.181498145064952e-9
0.0258	2.18152360849015e-9
0.0259	2.181332518653527e-9
0.026000000000000002	2.1812302725270232e-9
0.0261	2.180903827747673e-9
0.0262	2.180593318555718e-9
0.0263	2.1803643043165533e-9
0.0264	2.1798654831595536e-9
0.0265	2.1793747571022546e-9
0.026600000000000002	2.1791372685580617e-9
0.0267	2.178844436671113e-9
0.0268	2.1782436466227676e-9
0.0269	2.1779290092525733e-9
0.027	2.177413538963056e-9
0.0271	2.1769925076158067e-9
0.027200000000000002	2.176722439099928e-9
0.0273	2.176323100086402e-9
0.0274	2.1759232981807927e-9
0.0275	2.175493393139848e-9
0.0276	2.175037661403116e-9
0.0277	2.1747049514656295e-9
0.0278	2.174095957236228e-9
0.0279	2.173729092368431e-9
0.028	2.173298698063017e-9
0.0281	2.1728522553265906e-9
0.0282	2.1725616117869448e-9
0.0283	2.1723884319793117e-9
0.028399999999999998	2.171985427855909e-9
0.0285	2.1715213994399743e-9
0.0286	2.171183198001537e-9
0.0287	2.1708796373243316e-9
0.0288	2.1704870145222706e-9
0.0289	2.1703172223796766e-9
0.028999999999999998	2.170094738144577e-9
0.0291	2.1699407999974137e-9
0.0292	2.1697117170909524e-9
0.0293	2.1697459439198534e-9
0.0294	2.1696926674684095e-9
0.0295	2.1695435201973573e-9
0.0296	2.1695365463931493e-9
0.0297	2.1693987095509673e-9
0.0298	2.1696827080662413e-9
0.0299	2.169522618246054e-9
0.03	2.1693854941228858e-9
0.030100000000000002	2.1692176721206308e-9
0.0302	2.1692116583710727e-9
0.0303	2.168874987975715e-9
0.030400000000000003	2.168634494523348e-9
0.030500000000000003	2.168398347353174e-9
0.030600000000000002	2.16829822751812e-9
0.0307	2.1681407464048503e-9
0.0308	2.1677991700473777e-9
0.0309	2.1675624007190092e-9
0.031000000000000003	2.1673066865692717e-9
0.031100000000000003	2.1671621256149886e-9
0.031200000000000002	2.166756345264971e-9
0.0313	2.1666283215879456e-9
0.031400000000000004	2.1660711742368573e-9
0.0315	2.165657277020439e-9
0.0316	2.165384373362347e-9
0.0317	2.1651897528464405e-9
0.0318	2.164752509950845e-9
0.031900000000000005	2.1642743836870733e-9
0.032	2.163993372373853e-9
0.032100000000000004	2.1636317307473452e-9
0.0322	2.1631715206315795e-9
0.0323	2.162962361198467e-9
0.0324	2.162252928133236e-9
0.0325	2.1618921110925323e-9
0.032600000000000004	2.1617169542459736e-9
0.03270000000000001	2.1614391473833093e-9
0.0328	2.1608907733399583e-9
0.032900000000000006	2.160331260939788e-9
0.033	2.1598058086951627e-9
0.033100000000000004	2.1594248590857856e-9
0.03320000000000001	2.1593591813975294e-9
0.0333	2.1589561584434885e-9
0.033400000000000006	2.158628922951194e-9
0.0335	2.1585707971767223e-9
0.033600000000000005	2.1580115348597784e-9
0.0337	2.1578940152723423e-9
0.033800000000000004	2.1576578990962853e-9
0.033900000000000007	2.157402427563549e-9
0.034	2.1575050325108322e-9
0.034100000000000005	2.1571447839487833e-9
0.0342	2.1569852600711537e-9
0.034300000000000004	2.1570006197782343e-9
0.03440000000000001	2.1568574841304923e-9
0.0345	2.156493585189136e-9
0.034600000000000006	2.156493812792939e-9
0.0347	2.1564268642679127e-9
0.034800000000000005	2.1562907370758187e-9
0.0349	2.156113849876804e-9
0.035	2.155845378544271e-9
0.035100000000000006	2.155761741535556e-9
0.03520000000000001	2.155552459697778e-9
0.035300000000000005	2.1554072880784986e-9
0.03540000000000001	2.1551540353169754e-9
0.035500000000000004	2.1549085303051116e-9
0.03560000000000001	2.154824473864943e-9
0.03570000000000001	2.154963018867992e-9
0.035800000000000005	2.1547230295336127e-9
0.03590000000000001	2.1547141478721746e-9
0.036000000000000004	2.1547218188196307e-9
0.03610000000000001	2.1543765754525086e-9
0.0362	2.154317606237429e-9
0.036300000000000006	2.154097593759224e-9
0.03640000000000001	2.1541609553894695e-9
0.036500000000000005	2.153963105258782e-9
0.03660000000000001	2.1537979462497988e-9
0.0367	2.1534297328408946e-9
0.036800000000000006	2.1531272801894035e-9
0.03690000000000001	2.1529366078658622e-9
0.037000000000000005	2.1526975156750518e-9
0.03710000000000001	2.1526429287014445e-9
0.037200000000000004	2.1522816588170894e-9
0.03730000000000001	2.1519472879143016e-9
0.0374	2.1516244931507396e-9
0.037500000000000006	2.151299777301411e-9
0.0376	2.150850506245684e-9
0.037700000000000004	2.150461514368884e-9
0.0378	2.1499514823513506e-9
0.0379	2.1496716431853327e-9
0.038	2.149478916065864e-9
0.0381	2.1489317969382188e-9
0.038200000000000005	2.1485519998979195e-9
0.0383	2.1482557982319375e-9
0.038400000000000004	2.147917350348683e-9
0.0385	2.147602724469033e-9
0.0386	2.147357333630939e-9
0.0387	2.146836090966347e-9
0.0388	2.1466817719589404e-9
0.038900000000000004	2.1464241769874828e-9
0.039	2.1461031680570844e-9
0.0391	2.1461761754746893e-9
0.0392	2.1459473669129323e-9
0.0393	2.145699305770828e-9
0.039400000000000004	2.145354435367734e-9
0.0395	2.145388192522378e-9
0.0396	2.14520041912963e-9
0.0397	2.1448683224459944e-9
0.0398	2.14475570661897e-9
0.039900000000000005	2.1445153320583145e-9
0.04	2.1445754224046834e-9
0.040100000000000004	2.1442753349775035e-9
0.04020000000000001	2.143736846742335e-9
0.0403	2.1438964280098308e-9
0.040400000000000005	2.143855845855438e-9
0.0405	2.1435205758362865e-9
0.040600000000000004	2.1434377629189104e-9
0.04070000000000001	2.142988440300708e-9
0.0408	2.142805894528938e-9
0.040900000000000006	2.1428350665886598e-9
0.041	2.142733643333805e-9
0.041100000000000005	2.14265915672707e-9
0.0412	2.1425134167478023e-9
0.0413	2.1423090289620147e-9
0.041400000000000006	2.1424281551870687e-9
0.0415	2.1422884823260417e-9
0.041600000000000005	2.1421189225692426e-9
0.0417	2.1419905466567603e-9
0.041800000000000004	2.1421708420261167e-9
0.04190000000000001	2.1420401092899346e-9
0.042	2.141860466843976e-9
0.042100000000000005	2.1416029349783122e-9
0.0422	2.141739480563161e-9
0.042300000000000004	2.14176950714656e-9
0.04240000000000001	2.141469245776572e-9
0.0425	2.1413160950856143e-9
0.042600000000000006	2.1413081170387768e-9
0.04270000000000001	2.1411599978961324e-9
0.042800000000000005	2.1413727132377982e-9
0.04290000000000001	2.1410933278491412e-9
0.043000000000000003	2.1409143469573252e-9
0.043100000000000006	2.1406252777464105e-9
0.04320000000000001	2.1406124441583075e-9
0.043300000000000005	2.1403573491389664e-9
0.04340000000000001	2.140168786042146e-9
0.043500000000000004	2.1398500324460638e-9
0.04360000000000001	2.139740203254681e-9
0.0437	2.1396313541563634e-9
0.043800000000000006	2.139174042389494e-9
0.04390000000000001	2.1390322363021568e-9
0.044000000000000004	2.138562137626558e-9
0.04410000000000001	2.1382849901976493e-9
0.0442	2.1379430446099744e-9
0.044300000000000006	2.1375885940209266e-9
0.04440000000000001	2.137402433507073e-9
0.044500000000000005	2.1370282226846063e-9
0.04460000000000001	2.136684553966088e-9
0.044700000000000004	2.136390805074938e-9
0.044800000000000006	2.1362924053776995e-9
0.04490000000000001	2.1359801056307135e-9
0.045000000000000005	2.1356972599320345e-9
0.04510000000000001	2.1353964953248153e-9
0.04520000000000001	2.1352064977389446e-9
0.04530000000000001	2.134729412905671e-9
0.04540000000000001	2.134627319043765e-9
0.045500000000000006	2.134426718993448e-9
0.04560000000000001	2.133915716675515e-9
0.04570000000000001	2.133949704854181e-9
0.04580000000000001	2.133721339599834e-9
0.04590000000000001	2.133578273820234e-9
0.046000000000000006	2.1332172791106883e-9
0.04610000000000001	2.132957703117362e-9
0.046200000000000005	2.132648343186496e-9
0.04630000000000001	2.1327022707427592e-9
0.04640000000000001	2.132498072563438e-9
0.04650000000000001	2.132353781120361e-9
0.04660000000000001	2.1319697320177957e-9
0.046700000000000005	2.1320884205861665e-9
0.04680000000000001	2.131781225107037e-9
0.04690000000000001	2.1316174134692186e-9
0.04700000000000001	2.1313786746941187e-9
0.04710000000000001	2.1313289401703634e-9
0.047200000000000006	2.1310304204987573e-9
0.04730000000000001	2.131039360996769e-9
0.04740000000000001	2.130823931142834e-9
0.04750000000000001	2.1307166044127844e-9
0.0476	2.1308163479568452e-9
0.047700000000000006	2.130508374652792e-9
0.0478	2.1303607176258973e-9
0.047900000000000005	2.1302666314727835e-9
0.048	2.1300906715595633e-9
0.048100000000000004	2.13006420566653e-9
0.04820000000000001	2.1300726515025648e-9
0.0483	2.129732225394725e-9
0.048400000000000006	2.1294128545771453e-9
0.0485	2.129520416161509e-9
0.048600000000000004	2.1295849443411606e-9
0.0487	2.1292094412260636e-9
0.0488	2.1293042234184226e-9
0.048900000000000006	2.1292854040504557e-9
0.049	2.129133941276598e-9
0.049100000000000005	2.129041515649768e-9
0.0492	2.128857291403513e-9
0.049300000000000004	2.1287814716926898e-9
0.049400000000000006	2.128887530360146e-9
0.0495	2.128981305222129e-9
0.049600000000000005	2.128812025923354e-9
0.0497	2.12868430549293e-9
0.049800000000000004	2.12861829863311e-9
0.0499	2.1285577480054343e-9
0.05	2.128333927468697e-9
0.050100000000000006	2.128394059487734e-9
0.05020000000000001	2.1282398142028843e-9
0.050300000000000004	2.128274477489117e-9
0.05040000000000001	2.1281539070075614e-9
0.0505	2.128232004795479e-9
0.050600000000000006	2.127823284121795e-9
0.05070000000000001	2.1277488917339464e-9
0.050800000000000005	2.1276543536328184e-9
0.05090000000000001	2.1274135428811642e-9
0.051000000000000004	2.127389065062278e-9
0.051100000000000007	2.1271828434366918e-9
0.0512	2.1270934280014002e-9
0.051300000000000005	2.1269037362497913e-9
0.05140000000000001	2.1266329574070614e-9
0.051500000000000004	2.126543751502781e-9
0.05160000000000001	2.1260991991649774e-9
0.0517	2.125970384497029e-9
0.051800000000000006	2.1257822691642246e-9
0.05190000000000001	2.1254716447195687e-9
0.052000000000000005	2.1253507355380975e-9
0.05210000000000001	2.1250181536845445e-9
0.0522	2.124731585377209e-9
0.052300000000000006	2.1246106963236983e-9
0.0524	2.124266832726912e-9
0.052500000000000005	2.1241974322845696e-9
0.05260000000000001	2.1238453187438887e-9
0.05270000000000001	2.1235168060132783e-9
0.05280000000000001	2.12338319337868e-9
0.05290000000000001	2.1231718416280967e-9
0.053000000000000005	2.122906011388657e-9
0.05310000000000001	2.1225376285577084e-9
0.05320000000000001	2.122133607553839e-9
0.05330000000000001	2.1221690964297074e-9
0.05340000000000001	2.1220328988587063e-9
0.053500000000000006	2.121743066073609e-9
0.05360000000000001	2.1215113605221395e-9
0.053700000000000005	2.121125088897085e-9
0.05380000000000001	2.1209425587961207e-9
0.05390000000000001	2.1208560242256345e-9
0.054000000000000006	2.1207172161865143e-9
0.05410000000000001	2.1203646759792054e-9
0.054200000000000005	2.120219041079687e-9
0.05430000000000001	2.120109578775049e-9
0.05440000000000001	2.1201390616239586e-9
0.05450000000000001	2.119687244318588e-9
0.05460000000000001	2.119517316771874e-9
0.054700000000000006	2.1196225148409264e-9
0.05480000000000001	2.119571794600367e-9
0.054900000000000004	2.1192775756676818e-9
0.05500000000000001	2.1192366961168424e-9
0.0551	2.1190061408058247e-9
0.055200000000000006	2.1189033369860973e-9
0.0553	2.1188155088590143e-9
0.055400000000000005	2.1184467786264033e-9
0.0555	2.1184629473686246e-9
0.055600000000000004	2.118356256613506e-9
0.055700000000000006	2.1182969862580947e-9
0.0558	2.118042221784474e-9
0.055900000000000005	2.117840669483235e-9
0.056	2.1176221416935683e-9
0.056100000000000004	2.1175999358598373e-9
0.0562	2.117506567314127e-9
0.0563	2.1175284869688516e-9
0.056400000000000006	2.1170962720120327e-9
0.0565	2.1172195924076166e-9
0.056600000000000004	2.1171349353877036e-9
0.0567	2.1170831556552863e-9
0.0568	2.1169908577861692e-9
0.056900000000000006	2.1171169812435796e-9
0.057	2.116908639818423e-9
0.057100000000000005	2.1166782501016783e-9
0.0572	2.1167322916551703e-9
0.057300000000000004	2.116484218948921e-9
0.05740000000000001	2.1165515383620107e-9
0.0575	2.116637529616866e-9
0.057600000000000005	2.1162745493439022e-9
0.05770000000000001	2.116435830294329e-9
0.057800000000000004	2.1161810922173264e-9
0.05790000000000001	2.116452927455923e-9
0.058	2.1161866545244377e-9
0.058100000000000006	2.1161722171733006e-9
0.05820000000000001	2.115882673451139e-9
0.058300000000000005	2.115810228354314e-9
0.05840000000000001	2.115939469399629e-9
0.0585	2.1156687672805524e-9
0.058600000000000006	2.1156831762000948e-9
0.0587	2.1156655808871667e-9
0.058800000000000005	2.115530856025157e-9
0.05890000000000001	2.11535841891816e-9
0.059000000000000004	2.115369711196313e-9
0.05910000000000001	2.1153731435543627e-9
0.0592	2.1154483226373026e-9
0.059300000000000005	2.115216306439266e-9
0.05940000000000001	2.115145146071621e-9
0.059500000000000004	2.1152029745826345e-9
0.05960000000000001	2.1151463018922742e-9
0.0597	2.114968964335723e-9
0.059800000000000006	2.114723103162339e-9
0.05990000000000001	2.1149373888166618e-9
0.060000000000000005	2.1148876353294774e-9
0.06010000000000001	2.1144222877605465e-9
0.06020000000000001	2.114347656205738e-9
0.060300000000000006	2.114134372708566e-9
0.06040000000000001	2.1142409770297774e-9
0.060500000000000005	2.1138891007513937e-9
0.06060000000000001	2.1138982105790355e-9
0.06070000000000001	2.1138148917684586e-9
0.06080000000000001	2.1136016564427865e-9
0.06090000000000001	2.1133797295338385e-9
0.061000000000000006	2.1129905051161244e-9
0.06110000000000001	2.1130319736323726e-9
0.061200000000000004	2.112911354382278e-9
0.06130000000000001	2.1127058252374316e-9
0.06140000000000001	2.112436230625468e-9
0.061500000000000006	2.112033089627886e-9
0.06160000000000001	2.1120280705679353e-9
0.061700000000000005	2.111745545183886e-9
0.06180000000000001	2.1113181673687257e-9
0.06190000000000001	2.1112809625285086e-9
0.062000000000000006	2.1110252805436595e-9
0.06210000000000001	2.1107679446038363e-9
0.062200000000000005	2.110529344597997e-9
0.06230000000000001	2.1103890261101457e-9
0.06240000000000001	2.1098911263100134e-9
0.06250000000000001	2.1097413841078357e-9
0.0626	2.1093705622442164e-9
0.0627	2.1096345842449276e-9
0.06280000000000001	2.109484713959131e-9
0.0629	2.109373475790216e-9
0.063	2.1090632633136464e-9
0.0631	2.1087785555748187e-9
0.0632	2.1087253726580525e-9
0.06330000000000001	2.108544699101249e-9
0.0634	2.1083184523340795e-9
0.0635	2.108273392404653e-9
0.0636	2.108207992798274e-9
0.0637	2.1078668137641294e-9
0.06380000000000001	2.107539561600212e-9
0.0639	2.107563120138879e-9
0.064	2.107391588880639e-9
0.0641	2.1073055204907474e-9
0.06420000000000001	2.107264374533815e-9
0.0643	2.106804995284269e-9
0.0644	2.1069395837353466e-9
0.0645	2.1063404430515502e-9
0.0646	2.1067555870681992e-9
0.06470000000000001	2.1065009182203615e-9
0.0648	2.10631822011035e-9
0.0649	2.1063303411650793e-9
0.065	2.106195318025803e-9
0.0651	2.1061069995962566e-9
0.06520000000000001	2.1056340267748772e-9
0.06530000000000001	2.10582819090031e-9
0.0654	2.1057609264136375e-9
0.0655	2.1055130122813886e-9
0.0656	2.1052653584891465e-9
0.06570000000000001	2.105163821550158e-9
0.06580000000000001	2.1052517337271584e-9
0.0659	2.105332807354742e-9
0.066	2.105124573751428e-9
0.0661	2.1050185953898315e-9
0.06620000000000001	2.104645862471501e-9
0.06630000000000001	2.1045351528531022e-9
0.0664	2.1046419978944656e-9
0.0665	2.1046613450088655e-9
0.0666	2.1044236784180815e-9
0.06670000000000001	2.104174240188428e-9
0.0668	2.1043238831000963e-9
0.0669	2.1040333256810956e-9
0.067	2.1040688433198223e-9
0.0671	2.1041354207571846e-9
0.06720000000000001	2.103947010550306e-9
0.0673	2.103972845107271e-9
0.0674	2.1039492286923003e-9
0.0675	2.1035801234275093e-9
0.06760000000000001	2.1035213236582223e-9
0.06770000000000001	2.103561341277964e-9
0.06780000000000001	2.103729279219177e-9
0.0679	2.103506468481214e-9
0.068	2.1036201848110402e-9
0.06810000000000001	2.1033188874747557e-9
0.06820000000000001	2.1035646203906774e-9
0.06830000000000001	2.1035190617395155e-9
0.0684	2.10343009648342e-9
0.0685	2.1031208438858134e-9
0.06860000000000001	2.103267458378051e-9
0.06870000000000001	2.103416693976893e-9
0.06880000000000001	2.1031954235275136e-9
0.0689	2.1027363402644314e-9
0.069	2.1030335805597785e-9
0.06910000000000001	2.1029637345805997e-9
0.06920000000000001	2.102826831776647e-9
0.0693	2.1025091512330626e-9
0.0694	2.1028254339818762e-9
0.0695	2.1025985982134e-9
0.06960000000000001	2.1026015340941455e-9
0.06970000000000001	2.1025730887429336e-9
0.0698	2.1025717102251214e-9
0.0699	2.102685731017195e-9
0.07	2.1021110016968566e-9
0.07010000000000001	2.102592027917065e-9
0.07020000000000001	2.102404847440438e-9
0.07030000000000002	2.1022315214434035e-9
0.0704	2.102379189877294e-9
0.07050000000000001	2.102038492852857e-9
0.07060000000000001	2.102083455175818e-9
0.07070000000000001	2.101883516673697e-9
0.07080000000000002	2.1018357882789808e-9
0.0709	2.101773169344816e-9
0.07100000000000001	2.1016705417142695e-9
0.07110000000000001	2.101668921030232e-9
0.07120000000000001	2.1014087959855876e-9
0.07130000000000002	2.1010639393589387e-9
0.0714	2.1012413046618134e-9
0.07150000000000001	2.1011644619622277e-9
0.07160000000000001	2.100757586405015e-9
0.07170000000000001	2.1006591004581627e-9
0.0718	2.100620060347038e-9
0.0719	2.1002871546809695e-9
0.07200000000000001	2.100361414643459e-9
0.07210000000000001	2.100110700054665e-9
0.07220000000000001	2.1001094376045053e-9
0.0723	2.0999979360158934e-9
0.0724	2.099527542167759e-9
0.07250000000000001	2.0994276487981534e-9
0.07260000000000001	2.0992605925147097e-9
0.07270000000000001	2.098860758723928e-9
0.07280000000000002	2.098856807375323e-9
0.0729	2.0985727674132617e-9
0.07300000000000001	2.098447039315111e-9
0.07310000000000001	2.0981996405511034e-9
0.07320000000000002	2.098088902582701e-9
0.07330000000000002	2.097768552057942e-9
0.0734	2.097659345399777e-9
0.07350000000000001	2.097418780634757e-9
0.07360000000000001	2.097021444666169e-9
0.07370000000000002	2.096685543073172e-9
0.07380000000000002	2.096881002833537e-9
0.07390000000000001	2.096745142785299e-9
0.07400000000000001	2.0967276173800003e-9
0.07410000000000001	2.096370589718791e-9
0.07420000000000002	2.096220737918447e-9
0.0743	2.096386269412758e-9
0.07440000000000001	2.095771257260946e-9
0.07450000000000001	2.095715512958855e-9
0.07460000000000001	2.0956333866285005e-9
0.07470000000000002	2.095618847306843e-9
0.0748	2.095483345386068e-9
0.07490000000000001	2.095177295496104e-9
0.07500000000000001	2.095374798926722e-9
0.0751	2.0953984836222126e-9
0.0752	2.095032593195859e-9
0.0753	2.0949378692082356e-9
0.0754	2.0946778581743868e-9
0.0755	2.094921286332208e-9
0.0756	2.0946253490262455e-9
0.0757	2.0945867704306164e-9
0.0758	2.094367291488609e-9
0.0759	2.0943671344211215e-9
0.076	2.0941298683220076e-9
0.0761	2.0940447899734136e-9
0.0762	2.0937870994343052e-9
0.0763	2.0939435633418763e-9
0.0764	2.093646797170801e-9
0.0765	2.0935018278186275e-9
0.0766	2.0934355728167416e-9
0.0767	2.0933975479941915e-9
0.07680000000000001	2.093239347799169e-9
0.0769	2.0932784452584973e-9
0.077	2.093099367261753e-9
0.0771	2.092809258876886e-9
0.0772	2.093155741325268e-9
0.0773	2.0926858727178278e-9
0.0774	2.0925277819540567e-9
0.0775	2.092408793400498e-9
0.0776	2.092364115962508e-9
0.0777	2.0924338363200547e-9
0.07780000000000001	2.092173550373535e-9
0.0779	2.0921034853319417e-9
0.078	2.091990232618175e-9
0.0781	2.0920076652720278e-9
0.0782	2.0918290942090933e-9
0.07830000000000001	2.092098086503936e-9
0.0784	2.0918748250575664e-9
0.0785	2.091760233877006e-9
0.0786	2.0917486365334044e-9
0.0787	2.0917785943981687e-9
0.07880000000000001	2.0914955106432972e-9
0.0789	2.0916589581689986e-9
0.079	2.091644534510144e-9
0.0791	2.0915865698726696e-9
0.0792	2.0910869282751107e-9
0.07930000000000001	2.0913020695439657e-9
0.0794	2.0911072618081776e-9
0.0795	2.0910332043019345e-9
0.0796	2.090886581897189e-9
0.07970000000000001	2.091029045270992e-9
0.0798	2.091236811404942e-9
0.0799	2.0907192044958037e-9
0.08	2.0906544398980433e-9
0.0801	2.0907433314160752e-9
0.08020000000000001	2.0908799477588316e-9
0.08030000000000001	2.0905102055463934e-9
0.0804	2.0906823977322856e-9
0.0805	2.0908851417295774e-9
0.0806	2.0906840545554368e-9
0.08070000000000001	2.090631889606595e-9
0.08080000000000001	2.0903196098146292e-9
0.0809	2.0905023037839787e-9
0.081	2.090588089859854e-9
0.0811	2.0906331511276164e-9
0.08120000000000001	2.0904100856120958e-9
0.08130000000000001	2.0902283715204123e-9
0.0814	2.0904382122322976e-9
0.0815	2.0902847671861296e-9
0.0816	2.0901907306927943e-9
0.08170000000000001	2.090280217918304e-9
0.08180000000000001	2.090053722952503e-9
0.0819	2.089961853567606e-9
0.082	2.090039625507391e-9
0.0821	2.090117421019129e-9
0.08220000000000001	2.0896831972083737e-9
0.0823	2.0898191328471753e-9
0.0824	2.08962129191019e-9
0.0825	2.089754439186822e-9
0.0826	2.0897278786125307e-9
0.08270000000000001	2.0894811175354076e-9
0.08280000000000001	2.0893944378565437e-9
0.0829	2.089510078708363e-9
0.083	2.089411700725998e-9
0.08310000000000001	2.0892716372284884e-9
0.08320000000000001	2.0892790645902924e-9
0.08330000000000001	2.0891752030603815e-9
0.0834	2.0888349766620197e-9
0.0835	2.0891140832810127e-9
0.08360000000000001	2.08894146412615e-9
0.08370000000000001	2.0888378864285872e-9
0.08380000000000001	2.0887323050146025e-9
0.0839	2.0885287777098516e-9
0.084	2.088556802128815e-9
0.08410000000000001	2.0886376128933676e-9
0.08420000000000001	2.0881650614166198e-9
0.08430000000000001	2.0883141104793935e-9
0.0844	2.0881154810116946e-9
0.0845	2.088332924461372e-9
0.08460000000000001	2.0881580364336926e-9
0.08470000000000001	2.087751808528401e-9
0.0848	2.0876397771753047e-9
0.0849	2.0875931672090633e-9
0.085	2.087437440873936e-9
0.08510000000000001	2.087452579549044e-9
0.08520000000000001	2.087279550843244e-9
0.08530000000000001	2.0870460708481015e-9
0.0854	2.0868433183473553e-9
0.0855	2.0864896648835408e-9
0.08560000000000001	2.0863436679928608e-9
0.08570000000000001	2.086440185340722e-9
0.08580000000000002	2.086160437771752e-9
0.0859	2.0860010267840346e-9
0.08600000000000001	2.086086293617207e-9
0.08610000000000001	2.08549672473574e-9
0.08620000000000001	2.085784733371037e-9
0.08630000000000002	2.085558343936548e-9
0.0864	2.0850909274154983e-9
0.08650000000000001	2.084874947965821e-9
0.08660000000000001	2.0848253504305784e-9
0.08670000000000001	2.0850595746284715e-9
0.08680000000000002	2.0847998509427097e-9
0.0869	2.0846328113724274e-9
0.08700000000000001	2.084459480086046e-9
0.08710000000000001	2.084258693967585e-9
0.08720000000000001	2.0839120384543837e-9
0.0873	2.0837804737485495e-9
0.0874	2.0834741822653777e-9
0.08750000000000001	2.083539279229397e-9
0.08760000000000001	2.08331266120084e-9
0.08770000000000001	2.0832365291368904e-9
0.08780000000000002	2.0831239919234066e-9
0.0879	2.082968514283761e-9
0.08800000000000001	2.082935359470728e-9
0.08810000000000001	2.0829445419842266e-9
0.08820000000000001	2.0828004795382624e-9
0.08830000000000002	2.082544844838869e-9
0.0884	2.082812618334409e-9
0.08850000000000001	2.08252723455101e-9
0.08860000000000001	2.081999445378362e-9
0.08870000000000001	2.0823022322969357e-9
0.08880000000000002	2.082128305662836e-9
0.0889	2.082179990892626e-9
0.08900000000000001	2.081958194386966e-9
0.08910000000000001	2.0819627065237214e-9
0.08920000000000002	2.0817360223240267e-9
0.08930000000000002	2.0818076508284904e-9
0.08940000000000001	2.081717281520625e-9
0.08950000000000001	2.0811816678005634e-9
0.08960000000000001	2.0816713575955458e-9
0.08970000000000002	2.0811839514732555e-9
0.0898	2.081183852253935e-9
0.08990000000000001	2.0810958750242845e-9
0.09000000000000001	2.0809709087273345e-9
0.09010000000000001	2.0809345394428824e-9
0.09020000000000002	2.0808559201772117e-9
0.09030000000000002	2.0810956054015845e-9
0.09040000000000001	2.080626917547634e-9
0.09050000000000001	2.0805551434201676e-9
0.09060000000000001	2.080486450545872e-9
0.09070000000000002	2.0805974643953544e-9
0.09080000000000002	2.0803283812975294e-9
0.09090000000000001	2.0801851426262264e-9
0.09100000000000001	2.0798944938140474e-9
0.09110000000000001	2.079736983520255e-9
0.09120000000000002	2.0798288789887603e-9
0.09130000000000002	2.0797103977200195e-9
0.09140000000000001	2.079863925827184e-9
0.09150000000000001	2.0797119894773174e-9
0.09160000000000001	2.0796430457477377e-9
0.09170000000000002	2.079514278630122e-9
0.09180000000000002	2.0795221873349038e-9
0.09190000000000001	2.079231521297561e-9
0.09200000000000001	2.079257635277257e-9
0.09210000000000002	2.079401344225168e-9
0.09220000000000002	2.0790983062343257e-9
0.09230000000000001	2.0790713530014054e-9
0.09240000000000001	2.0788417327125245e-9
0.09250000000000001	2.0792184906127277e-9
0.0926	2.079099910861106e-9
0.0927	2.078793559172488e-9
0.09280000000000001	2.0790532175123065e-9
0.0929	2.0789646077285315e-9
0.093	2.078614770078542e-9
0.0931	2.0787084536453127e-9
0.0932	2.0787056946750972e-9
0.09330000000000001	2.0783040862158803e-9
0.0934	2.078383711655935e-9
0.0935	2.078740820307299e-9
0.0936	2.0783406134770646e-9
0.0937	2.078500117003115e-9
0.09380000000000001	2.078411649000348e-9
0.0939	2.078378229396811e-9
0.094	2.078440932619008e-9
0.0941	2.0783120549705373e-9
0.0942	2.0781020361210772e-9
0.0943	2.0779471011173127e-9
0.0944	2.0778701410092643e-9
0.0945	2.078238416377289e-9
0.0946	2.0780260496246677e-9
0.0947	2.078062611080739e-9
0.0948	2.0779608250731827e-9
0.0949	2.0780062111076567e-9
0.095	2.077814055254967e-9
0.0951	2.0778592988800155e-9
0.0952	2.0776065645323937e-9
0.09530000000000001	2.0779091700600634e-9
0.0954	2.0776842675997063e-9
0.0955	2.077670875971916e-9
0.0956	2.0778118027018834e-9
0.09570000000000001	2.0776224952882817e-9
0.09580000000000001	2.0774513823647216e-9
0.0959	2.077393457269714e-9
0.096	2.077697041630036e-9
0.0961	2.0775423728155403e-9
0.09620000000000001	2.0776560036142813e-9
0.09630000000000001	2.077421980605779e-9
0.0964	2.077114354909103e-9
0.0965	2.0775875967228115e-9
0.0966	2.077359055286194e-9
0.09670000000000001	2.0772190370913226e-9
0.0968	2.0772118749102806e-9
0.0969	2.0772906269185935e-9
0.097	2.0771876103291234e-9
0.0971	2.076981790233524e-9
0.09720000000000001	2.0770147304956924e-9
0.0973	2.0770399827558643e-9
0.0974	2.0772331256170375e-9
0.0975	2.077267344387776e-9
0.0976	2.077025541194463e-9
0.09770000000000001	2.0765521301520846e-9
0.09780000000000001	2.076702823583063e-9
0.0979	2.076672614191745e-9
0.098	2.0763977453725226e-9
0.0981	2.076353878881217e-9
0.09820000000000001	2.0762277644814126e-9
0.09830000000000001	2.0763828193158252e-9
0.0984	2.076362662051082e-9
0.0985	2.0761452993690666e-9
0.09860000000000001	2.0760785803886645e-9
0.09870000000000001	2.076075821301074e-9
0.09880000000000001	2.0759395386930267e-9
0.0989	2.075582906437144e-9
0.099	2.0760177126468894e-9
0.09910000000000001	2.076001598678103e-9
0.09920000000000001	2.0759524846422285e-9
0.0993	2.0754897890778094e-9
0.0994	2.075500280436648e-9
0.0995	2.075605268681507e-9
0.09960000000000001	2.075692359363871e-9
0.09970000000000001	2.0753312250443585e-9
0.0998	2.0750695678338484e-9
0.0999	2.0751074734664087e-9
0.1	2.0749217971097977e-9
0.11	2.0661854600750037e-9
0.12	2.0601472076791917e-9
0.13	2.053271092158033e-9
0.14	2.048850555574437e-9
0.15	2.041696898836822e-9
0.16	2.0387534062979795e-9
0.16999999999999998	2.03197411831646e-9
0.18	2.0285715277955833e-9
0.19	2.0255843381794047e-9
0.2	2.0203571536435327e-9
0.21000000000000002	2.016834443852072e-9
0.22	2.0151263561858733e-9
0.22999999999999998	2.0114387350461377e-9
0.24	2.0070461840034888e-9
0.25	2.004696850414997e-9
0.26	2.003369718931446e-9
0.27	2.0002775195097476e-9
0.28	1.996294775692329e-9
0.29000000000000004	1.9933928328388635e-9
0.30000000000000004	1.9915407514588585e-9
0.31	1.990164779530388e-9
0.32	1.9867737857532513e-9
0.33	1.982929338224448e-9
0.34	1.9807823031884733e-9
0.35000000000000003	1.979096451519817e-9
0.36	1.9776370923035374e-9
0.37	1.9756295161709124e-9
0.38	1.972220202663363e-9
0.39	1.968965466607523e-9
0.4	1.9671910146932076e-9
0.41000000000000003	1.9655828872095252e-9
0.42000000000000004	1.964389867640055e-9
0.43	1.9635109355479796e-9
0.44	1.960915135006437e-9
0.45	1.9577350992308076e-9
0.45999999999999996	1.9553810924830556e-9
0.47	1.9538548626797736e-9
0.48	1.9530992843175295e-9
0.49	1.952032172005937e-9
0.5	1.951185229500288e-9
0.51	1.9502088598562248e-9
0.52	1.9482892288353526e-9
0.53	1.945668786234617e-9
0.54	1.943522349193881e-9
0.55	1.9421269381964566e-9
0.56	1.940874539250961e-9
0.5700000000000001	1.9401016424879006e-9
0.58	1.939737080461971e-9
0.59	1.9392248113584923e-9
0.6	1.9379737113193922e-9
0.61	1.93644135791433e-9
0.62	1.9347314927641475e-9
0.63	1.9331993975170426e-9
0.64	1.9315516053036816e-9
0.6499999999999999	1.9307050020569685e-9
0.6599999999999999	1.92971756738457e-9
0.6699999999999999	1.929002114986125e-9
0.6799999999999999	1.9283840432132887e-9
0.69	1.9282654370545095e-9
0.7	1.927456198239784e-9
0.71	1.9266607146686426e-9
0.72	1.9253099341724026e-9
0.73	1.9233675436556705e-9
0.74	1.921862514909726e-9
0.75	1.9205022917088143e-9
0.76	1.919304146657846e-9
0.77	1.918326272761746e-9
0.78	1.917615954766534e-9
0.79	1.9171208849289235e-9
0.8	1.9167015401172467e-9
0.81	1.9162325562956118e-9
0.8200000000000001	1.9155317201186865e-9
0.83	1.9145966150908247e-9
0.84	1.9136678678627496e-9
0.85	1.9123734024276096e-9
0.86	1.9106545498398703e-9
0.87	1.9096585598090743e-9
0.88	1.9077422339018015e-9
0.89	1.90698390325963e-9
0.9	1.9062194458196805e-9
0.91	1.905388432235378e-9
0.92	1.9044970285256854e-9
0.93	1.904320568465502e-9
0.9400000000000001	1.9040034388264926e-9
0.9500000000000001	1.903268299510572e-9
0.9600000000000001	1.902430981057708e-9
0.97	1.9021776881962677e-9
0.98	1.901533998172111e-9
0.99	1.9005379941035848e-9
1.	1.8998033011125333e-9
1.01	1.898296996707217e-9
1.02	1.897192223558727e-9
1.03	1.8957972420226362e-9
1.04	1.895075030562055e-9
1.05	1.8941111447339955e-9
1.06	1.893930109040638e-9
1.07	1.893134695559478e-9
1.08	1.8921518242799716e-9
1.09	1.891968352433502e-9
1.1	1.8908422184152593e-9
1.11	1.890740773631947e-9
1.12	1.8903312296389807e-9
1.1300000000000001	1.8898503290784013e-9
1.1400000000000001	1.889655287142844e-9
1.1500000000000001	1.8894979882594437e-9
1.1600000000000001	1.888855243667029e-9
1.1700000000000002	1.8876275707032422e-9
1.1800000000000002	1.8866015330486545e-9
1.19	1.885810314297413e-9
1.2000000000000002	1.885398579657866e-9
1.21	1.8842620651774706e-9
1.22	1.883139750331216e-9
1.2300000000000002	1.8826963080010713e-9
1.2400000000000002	1.8820689254835334e-9
1.2500000000000002	1.881631255754589e-9
1.2600000000000002	1.880767236803669e-9
1.2700000000000002	1.8805649906848655e-9
1.2800000000000002	1.8796057904253838e-9
1.2900000000000003	1.8796114747677868e-9
1.3000000000000003	1.8789077118414935e-9
1.3100000000000003	1.878975401492314e-9
1.3200000000000003	1.8784214147174715e-9
1.3300000000000003	1.8785626040950736e-9
1.3400000000000003	1.8783079299746068e-9
1.35	1.8776636597751467e-9
1.3600000000000003	1.876685922728326e-9
1.37	1.8767273085091354e-9
1.3800000000000001	1.8756251642298423e-9
1.3900000000000001	1.87537207961781e-9
1.4000000000000001	1.8743010991410883e-9
1.4100000000000001	1.8728445754357117e-9
1.4200000000000002	1.872599603862226e-9
1.4300000000000002	1.8714932718979444e-9
1.4400000000000002	1.8708636190235554e-9
1.4500000000000002	1.8695452043772154e-9
1.4600000000000002	1.869549747133781e-9
1.4700000000000002	1.8683133957948425e-9
1.4800000000000002	1.8677108324517382e-9
1.4900000000000002	1.867488003874524e-9
1.5000000000000002	1.8673095011636013e-9
1.5100000000000002	1.8667885005772565e-9
1.52	1.866133656564738e-9
1.5300000000000002	1.86568739323879e-9
1.54	1.8658754205686036e-9
1.55	1.8652339228899712e-9
1.56	1.864958197008142e-9
1.57	1.864863376545459e-9
1.58	1.8644498169343865e-9
1.59	1.864513210207924e-9
1.6	1.8640521672548807e-9
1.61	1.863269734822659e-9
1.62	1.8628158709052094e-9
1.6300000000000001	1.8630647569106497e-9
1.6400000000000001	1.8618387167627585e-9
1.6500000000000001	1.8614264795204647e-9
1.6600000000000001	1.8600173610020158e-9
1.67	1.8597333635838924e-9
1.6800000000000002	1.8594563416181797e-9
1.69	1.8588493212090867e-9
1.7	1.8573762733883144e-9
1.7100000000000002	1.857917847403188e-9
1.7200000000000002	1.857067210757183e-9
1.7300000000000002	1.8561356290472717e-9
1.7400000000000002	1.8563235882146784e-9
1.7500000000000002	1.8554707155593827e-9
1.7600000000000002	1.8553568706262396e-9
1.7700000000000002	1.8553453919333971e-9
1.7800000000000002	1.8549122727015505e-9
1.7900000000000003	1.8546127513675933e-9
1.8000000000000003	1.854108943238753e-9
1.8100000000000003	1.8538455404220397e-9
1.8200000000000003	1.8533640673935231e-9
1.83	1.8537322280403702e-9
1.8400000000000003	1.8534174654677187e-9
1.85	1.8527768952480053e-9
1.86	1.852553564733721e-9
1.87	1.8525116750753613e-9
1.8800000000000001	1.852033852276369e-9
1.8900000000000001	1.8517143587045514e-9
1.9000000000000001	1.8511399045150033e-9
1.9100000000000001	1.851395851521902e-9
1.9200000000000002	1.8506082257420922e-9
1.9300000000000002	1.8498619118352715e-9
1.9400000000000002	1.8493426810796652e-9
1.9500000000000002	1.848405673197181e-9
1.9600000000000002	1.8475361920629622e-9
1.9700000000000002	1.8471002625584284e-9
1.98	1.8461235015166699e-9
1.9900000000000002	1.8455663148129148e-9
2.	1.8451003934475933e-9
2.0100000000000002	1.8450134263921184e-9
2.02	1.8449272701907902e-9
2.0300000000000002	1.8441401636134962e-9
2.04	1.8435062574055106e-9
2.0500000000000003	1.8430790562851765e-9
2.06	1.8429403884778013e-9
2.0700000000000003	1.8422205327291726e-9
2.08	1.841804859258965e-9
2.0900000000000003	1.841768621963206e-9
2.1	1.8414231317055942e-9
2.1100000000000003	1.841787785809854e-9
2.12	1.8414488783570709e-9
2.1300000000000003	1.8410823061379015e-9
2.14	1.841269344870704e-9
2.1500000000000004	1.840763272656536e-9
2.1599999999999997	1.8407206968751344e-9
2.1699999999999995	1.8404471085060292e-9
2.1799999999999997	1.8408566566937864e-9
2.1899999999999995	1.8401995553402755e-9
2.1999999999999997	1.8401177697186416e-9
2.2099999999999995	1.840134160537286e-9
2.2199999999999998	1.8402448621852664e-9
2.2299999999999995	1.8394857921133922e-9
2.2399999999999998	1.8396755969201541e-9
2.2499999999999996	1.8389807343404486e-9
2.26	1.838833927200859e-9
2.2699999999999996	1.8384609981534932e-9
2.28	1.8377197979362608e-9
2.2899999999999996	1.8376595944855733e-9
2.3	1.8364325399425661e-9
2.31	1.8361732823006188e-9
2.32	1.8359150083386767e-9
2.33	1.8349366023574842e-9
2.34	1.8349065426883077e-9
2.35	1.8336866120441871e-9
2.36	1.8338611813529103e-9
2.37	1.8333295656771077e-9
2.38	1.8331056377187934e-9
2.39	1.8328143833150335e-9
2.4	1.8326989117895072e-9
2.41	1.8315800319489088e-9
2.42	1.8314429704848873e-9
2.43	1.831478235166381e-9
2.44	1.830512481404018e-9
2.45	1.8304615550373754e-9
2.46	1.830379547819638e-9
2.4699999999999998	1.8300254243335713e-9
2.48	1.8295808815465345e-9
2.4899999999999998	1.8295057915244133e-9
2.5	1.8288783729628344e-9
2.51	1.8291017574931024e-9
2.52	1.829081515341501e-9
2.53	1.828827320574081e-9
2.54	1.8286594432750973e-9
2.55	1.8278803247459197e-9
2.56	1.8280967688300637e-9
2.57	1.8281803979687016e-9
2.58	1.8280627076349387e-9
2.59	1.827791391870289e-9
2.6	1.8277024393718896e-9
2.61	1.8275107922734003e-9
2.6199999999999997	1.827022139504706e-9
2.63	1.826751165748635e-9
2.6399999999999997	1.8263466354899734e-9
2.65	1.8266156092626164e-9
2.6599999999999997	1.8259455054001087e-9
2.67	1.826223534201378e-9
2.6799999999999997	1.8253494650487204e-9
2.69	1.8254201351219258e-9
2.6999999999999997	1.8245703399402181e-9
2.71	1.8246503889125052e-9
2.7199999999999998	1.824094037950674e-9
2.73	1.8237438317998801e-9
2.7399999999999998	1.8228621391405234e-9
2.75	1.8228059365591927e-9
2.76	1.8226726750856886e-9
2.7699999999999996	1.822201724549253e-9
2.78	1.8215900833587014e-9
2.7899999999999996	1.8217064675670795e-9
2.8	1.8213430358273117e-9
2.8099999999999996	1.8210549364001062e-9
2.82	1.8210124541202518e-9
2.8299999999999996	1.820369752248495e-9
2.84	1.8205597260676748e-9
2.8499999999999996	1.8202842106645108e-9
2.86	1.8195118514435433e-9
2.8699999999999997	1.8198184457698876e-9
2.88	1.8194762414881618e-9
2.8899999999999997	1.8186417352502372e-9
2.9	1.8190628361078885e-9
2.91	1.8183949206727387e-9
2.92	1.8182544142955313e-9
2.93	1.8178834057755456e-9
2.94	1.8175076427969041e-9
2.95	1.8174449702659252e-9
2.96	1.8176011556494006e-9
2.97	1.8173709220160295e-9
2.98	1.8170917091072438e-9
2.99	1.8166804689604952e-9
3.	1.8165326640423907e-9
3.0100000000000002	1.8166631137629044e-9
3.02	1.8162573900846738e-9
3.0300000000000002	1.815903756796598e-9
3.04	1.816059923822546e-9
3.0500000000000003	1.8156113609106334e-9
3.06	1.8152069058265804e-9
3.07	1.8154797362328833e-9
3.08	1.8154831272234377e-9
3.09	1.8149157611265057e-9
3.1	1.8146895444372467e-9
3.11	1.8148267144491591e-9
3.12	1.8141841281228902e-9
3.13	1.8141171183475894e-9
3.14	1.814363955412956e-9
3.15	1.8141350120123429e-9
3.16	1.813780927519046e-9
3.17	1.8128605504917037e-9
3.18	1.8125407294886125e-9
3.19	1.8127455014103373e-9
3.2	1.8122544048438985e-9
3.21	1.8117825701979453e-9
3.2199999999999998	1.8111195294553318e-9
3.23	1.8110579832724481e-9
3.2399999999999998	1.8106059477147752e-9
3.25	1.8107027425162354e-9
3.26	1.8098175726061216e-9
3.27	1.8098262097950075e-9
3.28	1.8096034383145255e-9
3.29	1.8098305375470508e-9
3.3	1.8093784666765248e-9
3.31	1.8092546686825257e-9
3.32	1.8093140890597846e-9
3.33	1.808624336642798e-9
3.34	1.808760081850932e-9
3.35	1.8089549826141603e-9
3.36	1.8081792523180626e-9
3.3699999999999997	1.808174456210917e-9
3.38	1.8079068256834014e-9
3.3899999999999997	1.8074605382800597e-9
3.4	1.8069638566998357e-9
3.4099999999999997	1.807379898097197e-9
3.42	1.806784045692704e-9
3.4299999999999997	1.8068079528377362e-9
3.44	1.8065169135526882e-9
3.4499999999999997	1.80608128364859e-9
3.46	1.806203560891698e-9
3.4699999999999998	1.8059739044516291e-9
3.48	1.8058141229845234e-9
3.4899999999999998	1.8056225305836648e-9
3.5	1.805285884159068e-9
3.51	1.8044579319142614e-9
3.5199999999999996	1.8049317532709528e-9
3.53	1.8046880441531083e-9
3.5399999999999996	1.8044316020729723e-9
3.55	1.8042842091802895e-9
3.5599999999999996	1.8040166826170454e-9
3.57	1.803184611634895e-9
3.5799999999999996	1.803637916527451e-9
3.59	1.8037019063621733e-9
3.5999999999999996	1.8034248638111496e-9
3.61	1.8033423976137252e-9
3.6199999999999997	1.8031227322369723e-9
3.63	1.8028114645489931e-9
3.6399999999999997	1.8027756880175627e-9
3.65	1.8017404276076314e-9
3.66	1.8019487730462523e-9
3.67	1.8021340877426329e-9
3.68	1.8015711050098555e-9
3.69	1.8017228941630519e-9
3.7	1.8011675730487853e-9
3.71	1.801461757418584e-9
3.72	1.8013021582219534e-9
3.73	1.8010847230045058e-9
3.74	1.8003719028834977e-9
3.75	1.8002911241170837e-9
3.7600000000000002	1.8003221593148556e-9
3.77	1.799726800154591e-9
3.7800000000000002	1.799460888238155e-9
3.79	1.7994380096991966e-9
3.8000000000000003	1.7994523803542578e-9
3.81	1.7993014790890049e-9
3.82	1.7986845623634716e-9
3.83	1.7984656438237982e-9
3.84	1.7979448363735039e-9
3.85	1.7981454335268884e-9
3.86	1.7980166636081628e-9
3.87	1.7983849556750211e-9
3.88	1.798231009614922e-9
3.89	1.797811834647082e-9
3.9	1.797302024969211e-9
3.91	1.7975619422979025e-9
3.92	1.7976166195432986e-9
3.93	1.7977992632288517e-9
3.94	1.7968288905457482e-9
3.95	1.7975044692119077e-9
3.96	1.7972020457499251e-9
3.9699999999999998	1.7964784544826567e-9
3.98	1.796763399398144e-9
3.9899999999999998	1.7965415937408517e-9
4.	1.7962103128135799e-9
4.01	1.7960789762116694e-9
4.02	1.795747194766354e-9
4.03	1.7959558326704382e-9
4.04	1.7961033421622826e-9
4.05	1.7954162589111285e-9
4.06	1.79540206944689e-9
4.07	1.7949879416810286e-9
4.08	1.7946665355719492e-9
4.09	1.795046115279332e-9
4.1	1.7948426149358223e-9
4.11	1.7942565176275293e-9
4.12	1.79400535865243e-9
4.13	1.794477195781466e-9
4.140000000000001	1.7943338660699005e-9
4.15	1.7941340641540353e-9
4.16	1.794095669026322e-9
4.17	1.7931070510306372e-9
4.180000000000001	1.7935485602233608e-9
4.19	1.7934255055307708e-9
4.2	1.7935578371963109e-9
4.21	1.7926594824734994e-9
4.220000000000001	1.7929554272725062e-9
4.23	1.7925875662313904e-9
4.24	1.7927880069862336e-9
4.25	1.792009440398692e-9
4.260000000000001	1.7926021025600026e-9
4.2700000000000005	1.791872765732044e-9
4.28	1.7916731977642088e-9
4.290000000000001	1.7921165656750227e-9
4.300000000000001	1.7917566105189407e-9
4.3100000000000005	1.791320716504295e-9
4.32	1.7913232302265068e-9
4.330000000000001	1.7915591832843724e-9
4.340000000000001	1.790618777471296e-9
4.3500000000000005	1.7907761469301052e-9
4.36	1.7903357165286133e-9
4.370000000000001	1.791034965340015e-9
4.380000000000001	1.7903237794362174e-9
4.390000000000001	1.7900202256339236e-9
4.4	1.7899845704602104e-9
4.41	1.7897360828946778e-9
4.42	1.7900692833782924e-9
4.43	1.7892372874824938e-9
4.44	1.7893034176081398e-9
4.45	1.7891259688554122e-9
4.46	1.7889937010377537e-9
4.47	1.788750010048256e-9
4.48	1.7886913180003567e-9
4.49	1.7886087199229535e-9
4.5	1.7881863115321276e-9
4.51	1.788368152285815e-9
4.5200000000000005	1.7881304465013644e-9
4.53	1.7878460456357715e-9
4.54	1.787334239441085e-9
4.55	1.7874204995391013e-9
4.5600000000000005	1.7870368406887429e-9
4.57	1.7876322146093267e-9
4.58	1.7871580705953003e-9
4.590000000000001	1.7872998817325837e-9
4.6000000000000005	1.7868435010210772e-9
4.61	1.786458538815708e-9
4.62	1.7863690207671681e-9
4.630000000000001	1.7865783254418422e-9
4.640000000000001	1.7866448223537206e-9
4.65	1.7867199993157258e-9
4.66	1.7865911023541813e-9
4.670000000000001	1.786412763611347e-9
4.680000000000001	1.7857615148950873e-9
4.69	1.7856639360903188e-9
4.7	1.7858868839982074e-9
4.710000000000001	1.7861247411380356e-9
4.720000000000001	1.7856730650114014e-9
4.73	1.7849550157861407e-9
4.740000000000001	1.7853677138718155e-9
4.750000000000001	1.7851231478842754e-9
4.760000000000001	1.785156595140089e-9
4.7700000000000005	1.7846429167475264e-9
4.780000000000001	1.7845512254458698e-9
4.790000000000001	1.784285023294053e-9
4.800000000000001	1.7842752226903662e-9
4.8100000000000005	1.7839127957304956e-9
4.820000000000001	1.7841317223400017e-9
4.830000000000001	1.7832891290342844e-9
4.840000000000001	1.7837015701595877e-9
4.8500000000000005	1.7833791519061304e-9
4.86	1.7832511840257256e-9
4.87	1.782668346110218e-9
4.88	1.7827611777625815e-9
4.890000000000001	1.7826855335305679e-9
4.9	1.7829718586966457e-9
4.91	1.7820355269067007e-9
4.92	1.7825954280768482e-9
4.930000000000001	1.7824672016939208e-9
4.94	1.7818230800229944e-9
4.95	1.7814299955167499e-9
4.96	1.781543216538331e-9
4.970000000000001	1.7813314211587626e-9
4.98	1.7815442993497913e-9
4.99	1.781481302442095e-9
5.	1.7816589542625534e-9