0.0001	2.4517303291923758e-9
0.0002	2.4871581204658597e-9
0.00030000000000000003	2.491251927597873e-9
0.0004	2.4639912320854056e-9
0.0005	2.438019766211255e-9
0.0006000000000000001	2.425762914767529e-9
0.0007000000000000001	2.41908316382467e-9
0.0008	2.412896074761382e-9
0.0009000000000000001	2.405945592681001e-9
0.001	2.3962574718000987e-9
0.0011	2.3880044995717477e-9
0.0012000000000000001	2.382154810771445e-9
0.0013000000000000002	2.37693543916586e-9
0.0014000000000000002	2.3713510555556324e-9
0.0015	2.366629370762341e-9
0.0016	2.3618123262911992e-9
0.0017000000000000001	2.3566741323618797e-9
0.0018000000000000002	2.3532860520196874e-9
0.0019000000000000002	2.348509717425413e-9
0.002	2.345246916318452e-9
0.0021	2.342616363219434e-9
0.0022	2.3386429168621084e-9
0.0023	2.3347074673418193e-9
0.0024	2.333910923804054e-9
0.0025	2.329398988892693e-9
0.0026	2.325572984885903e-9
0.0026999999999999997	2.3239371063830174e-9
0.0028	2.322243313867722e-9
0.0029	2.319032619444836e-9
0.003	2.315653371967527e-9
0.0031	2.314025595035641e-9
0.0031999999999999997	2.3128165910751394e-9
0.0033	2.3105252042133532e-9
0.0034	2.3071812455426325e-9
0.0035	2.3048537544418965e-9
0.0036	2.303242626264062e-9
0.0037	2.3025654835601555e-9
0.0038	2.3007874099984123e-9
0.0039	2.297782042007339e-9
0.004	2.295334304887943e-9
0.0040999999999999995	2.293765198010221e-9
0.0042	2.292701145479602e-9
0.0043	2.291825167691459e-9
0.0044	2.2901854535388926e-9
0.0045	2.2878388798323208e-9
0.0046	2.2854283938601877e-9
0.0047	2.284380007264942e-9
0.0048000000000000004	2.2831873519205598e-9
0.0049	2.2823860056767577e-9
0.005	2.2815215114459085e-9
0.0051	2.2800074725562875e-9
0.005200000000000001	2.2775433442906483e-9
0.0053	2.2750626024285603e-9
0.0054	2.2737340195147906e-9
0.0055000000000000005	2.272911551986162e-9
0.005600000000000001	2.272207013381725e-9
0.0057	2.272017351942183e-9
0.0058000000000000005	2.271556283131282e-9
0.005900000000000001	2.2702842035889066e-9
0.006	2.2682048745756853e-9
0.0061	2.2660813693399936e-9
0.006200000000000001	2.264342376455182e-9
0.0063	2.2630736644249376e-9
0.0064	2.2621939577427365e-9
0.006500000000000001	2.261234416584599e-9
0.0066	2.260994977756499e-9
0.0067	2.260910256615115e-9
0.0068000000000000005	2.2603457145647396e-9
0.006900000000000001	2.2590777047713772e-9
0.007	2.2574707630147074e-9
0.0071	2.2558025257015695e-9
0.007200000000000001	2.254412660808785e-9
0.007300000000000001	2.253122635621781e-9
0.0074	2.2517637457937693e-9
0.007500000000000001	2.250804967142791e-9
0.007600000000000001	2.2501512097876474e-9
0.007700000000000001	2.2500098104012347e-9
0.0078000000000000005	2.249834993309108e-9
0.0079	2.249225630932231e-9
0.008	2.248616634048857e-9
0.008100000000000001	2.247819680333787e-9
0.0082	2.2466208708667664e-9
0.0083	2.2454744217067668e-9
0.008400000000000001	2.244322554388224e-9
0.0085	2.2430142854862735e-9
0.0086	2.2416043128792777e-9
0.008700000000000001	2.2403567922707964e-9
0.0088	2.239303825774598e-9
0.008900000000000002	2.2390493923857345e-9
0.009000000000000001	2.2385961789226887e-9
0.0091	2.2383843047998065e-9
0.009200000000000002	2.2380273955636074e-9
0.009300000000000001	2.237883768483317e-9
0.0094	2.2373017236915598e-9
0.009500000000000001	2.2365589080698058e-9
0.009600000000000001	2.2358685292651174e-9
0.0097	2.2349841364961133e-9
0.009800000000000001	2.2339177195021277e-9
0.0099	2.232853742484895e-9
0.010000000000000002	2.2315119706471296e-9
0.0101	2.230221790945494e-9
0.010199999999999999	2.22943405662553e-9
0.0103	2.2290333756139197e-9
0.0104	2.228584162808771e-9
0.010499999999999999	2.228228699596839e-9
0.0106	2.2279803246577694e-9
0.0107	2.227762033126363e-9
0.010799999999999999	2.227669244782135e-9
0.0109	2.227516536142721e-9
0.011	2.2272672271042638e-9
0.011099999999999999	2.2269167643094683e-9
0.0112	2.226678898862367e-9
0.0113	2.22622515602711e-9
0.0114	2.2255473272779855e-9
0.0115	2.2246873699352303e-9
0.0116	2.2235717735024054e-9
0.0117	2.222294541823618e-9
0.0118	2.221353520972253e-9
0.011899999999999999	2.2206951864287907e-9
0.012	2.2201740501834147e-9
0.0121	2.219525319362572e-9
0.012199999999999999	2.219032683764455e-9
0.0123	2.2187018003548125e-9
0.0124	2.21835349913394e-9
0.0125	2.2179831553737615e-9
0.0126	2.2176747743969396e-9
0.0127	2.2173160745077903e-9
0.0128	2.2171141671372087e-9
0.0129	2.217159365688215e-9
0.013	2.217047162898942e-9
0.0131	2.2169059296289212e-9
0.0132	2.2166630141583863e-9
0.0133	2.2161679772166265e-9
0.0134	2.2156167748587685e-9
0.0135	2.2147015836245344e-9
0.013600000000000001	2.2137814820784354e-9
0.0137	2.2130421178033346e-9
0.0138	2.212054438869892e-9
0.013900000000000001	2.2114788866846693e-9
0.014	2.210675571875325e-9
0.0141	2.2099925977826577e-9
0.0142	2.209618516819978e-9
0.0143	2.209085718423985e-9
0.0144	2.208804976817024e-9
0.0145	2.2083398258365023e-9
0.0146	2.208352577658528e-9
0.014700000000000001	2.207794455258965e-9
0.0148	2.207657373331037e-9
0.0149	2.2073545764352147e-9
0.015	2.207157688838245e-9
0.0151	2.206854325654218e-9
0.0152	2.206875777849116e-9
0.015300000000000001	2.206873918888992e-9
0.0154	2.2066563893289987e-9
0.0155	2.2064413723830364e-9
0.015600000000000001	2.2061087080406054e-9
0.015700000000000002	2.2055746982464723e-9
0.0158	2.205148174777784e-9
0.0159	2.204426396386555e-9
0.016	2.2037799448338687e-9
0.0161	2.2030359429827765e-9
0.0162	2.202197117335582e-9
0.016300000000000002	2.201401640553178e-9
0.0164	2.2006969130918917e-9
0.0165	2.200201076385625e-9
0.0166	2.1996462007464937e-9
0.0167	2.1991616613385346e-9
0.016800000000000002	2.1988750110203443e-9
0.016900000000000002	2.1986495042397187e-9
0.017	2.198106452923902e-9
0.0171	2.197685195358541e-9
0.0172	2.1974755439863725e-9
0.0173	2.1972371997351972e-9
0.0174	2.196929621583296e-9
0.0175	2.1968455496101532e-9
0.0176	2.1966969850668806e-9
0.0177	2.1964798371987954e-9
0.0178	2.1965000069387215e-9
0.017900000000000003	2.196358475870073e-9
0.018000000000000002	2.1962349631979255e-9
0.0181	2.196037193872005e-9
0.0182	2.1957247006724087e-9
0.0183	2.195439128832928e-9
0.0184	2.1952577919985742e-9
0.018500000000000003	2.194937613922283e-9
0.018600000000000002	2.1946838610714627e-9
0.0187	2.1940508742308583e-9
0.0188	2.193365630414096e-9
0.0189	2.1928244033939858e-9
0.019	2.1919970730062505e-9
0.019100000000000002	2.1914290045921633e-9
0.019200000000000002	2.190793851189494e-9
0.0193	2.1902943284353944e-9
0.0194	2.1896855531935937e-9
0.0195	2.189085506999103e-9
0.0196	2.1886950137767255e-9
0.019700000000000002	2.1883108132434425e-9
0.0198	2.1879556297985742e-9
0.0199	2.1875428032701437e-9
0.02	2.1871361550681348e-9
0.0201	2.1868354443364685e-9
0.0202	2.1866989684335628e-9
0.0203	2.1863377805259646e-9
0.0204	2.1860754113551315e-9
0.0205	2.1857365845223763e-9
0.0206	2.1856413770621955e-9
0.0207	2.185496081159762e-9
0.0208	2.1854342873629547e-9
0.0209	2.1851649484135605e-9
0.021	2.18494802025534e-9
0.0211	2.1848786901543082e-9
0.0212	2.184630330578326e-9
0.0213	2.1844207053259116e-9
0.0214	2.1844980304492593e-9
0.0215	2.1842128474046802e-9
0.0216	2.1840851192238703e-9
0.0217	2.183789356674692e-9
0.0218	2.183373182935428e-9
0.0219	2.182862266720149e-9
0.022	2.1824724431086414e-9
0.0221	2.182106504849986e-9
0.0222	2.1815348218192522e-9
0.0223	2.1809016257688965e-9
0.0224	2.1803881271348464e-9
0.0225	2.1796043643005374e-9
0.022600000000000002	2.179066064356611e-9
0.0227	2.1784727449247708e-9
0.0228	2.178037878899005e-9
0.022900000000000004	2.177573053908999e-9
0.023000000000000003	2.1772746409130294e-9
0.023100000000000002	2.176930002196653e-9
0.023200000000000002	2.1766492069734813e-9
0.0233	2.1762746896228135e-9
0.0234	2.176142405151426e-9
0.023500000000000004	2.1756703539670216e-9
0.023600000000000003	2.175274324899609e-9
0.023700000000000002	2.174984025884378e-9
0.0238	2.1748933753115273e-9
0.0239	2.1746884170973158e-9
0.024	2.174611315848471e-9
0.024100000000000003	2.1744216078599013e-9
0.024200000000000003	2.174188398730916e-9
0.024300000000000002	2.1740098431042328e-9
0.0244	2.1738285653520756e-9
0.0245	2.173644032138811e-9
0.024600000000000004	2.1737220835667168e-9
0.024700000000000003	2.173478871141232e-9
0.024800000000000003	2.1735563548824664e-9
0.024900000000000002	2.1734718679965088e-9
0.025	2.1731109779579123e-9
0.0251	2.173052256091329e-9
0.0252	2.173018678250693e-9
0.0253	2.1726117082204578e-9
0.025400000000000002	2.1725287376265433e-9
0.025500000000000002	2.172381745667979e-9
0.0256	2.172127799452609e-9
0.0257	2.1718548005634188e-9
0.0258	2.171559468930053e-9
0.0259	2.1711951888512587e-9
0.026000000000000002	2.1707362229580033e-9
0.0261	2.1703599070792908e-9
0.0262	2.169841462324213e-9
0.0263	2.169571613637371e-9
0.0264	2.1688521429979536e-9
0.0265	2.1683412392455167e-9
0.026600000000000002	2.167765965844939e-9
0.0267	2.167401120294302e-9
0.0268	2.1669081528609226e-9
0.0269	2.1664126433425346e-9
0.027	2.166241118035212e-9
0.0271	2.166042898020287e-9
0.027200000000000002	2.1656903785533528e-9
0.0273	2.1654619587616007e-9
0.0274	2.165237793037126e-9
0.0275	2.164958198365378e-9
0.0276	2.164786561691249e-9
0.0277	2.1644278926530094e-9
0.0278	2.164315273319994e-9
0.0279	2.163913039576028e-9
0.028	2.163826652193923e-9
0.0281	2.1635308982647274e-9
0.0282	2.1634140894053398e-9
0.0283	2.1631466359050666e-9
0.028399999999999998	2.163075549134751e-9
0.0285	2.1628810655168687e-9
0.0286	2.1628260719517225e-9
0.0287	2.1627784909542086e-9
0.0288	2.1626566324880573e-9
0.0289	2.1625145025044882e-9
0.028999999999999998	2.16234681863365e-9
0.0291	2.162197849315369e-9
0.0292	2.1619466807786128e-9
0.0293	2.161888156724102e-9
0.0294	2.161797822153428e-9
0.0295	2.161643458194229e-9
0.0296	2.1616354467515387e-9
0.0297	2.1615637308304736e-9
0.0298	2.1612356762986204e-9
0.0299	2.161088692882598e-9
0.03	2.1608716118876726e-9
0.030100000000000002	2.1605968799811162e-9
0.0302	2.160645144280742e-9
0.0303	2.160266312728841e-9
0.030400000000000003	2.1600054937248e-9
0.030500000000000003	2.1595982549213703e-9
0.030600000000000002	2.1593389745574383e-9
0.0307	2.158972804357092e-9
0.0308	2.1586917286482965e-9
0.0309	2.158087335697577e-9
0.031000000000000003	2.1577875043988897e-9
0.031100000000000003	2.1571906371922785e-9
0.031200000000000002	2.1569844383787463e-9
0.0313	2.1562540504728544e-9
0.031400000000000004	2.155956648688541e-9
0.0315	2.155570407707143e-9
0.0316	2.1552608072026116e-9
0.0317	2.1548288490270835e-9
0.0318	2.154491177702018e-9
0.031900000000000005	2.154238673293669e-9
0.032	2.1541726193720205e-9
0.032100000000000004	2.1538854585173875e-9
0.0322	2.1535438168605692e-9
0.0323	2.153241395723086e-9
0.0324	2.153292025379027e-9
0.0325	2.152900153679195e-9
0.032600000000000004	2.152592833530727e-9
0.03270000000000001	2.1527537595602028e-9
0.0328	2.152486525653161e-9
0.032900000000000006	2.152073511070284e-9
0.033	2.151759659288678e-9
0.033100000000000004	2.1518948547708932e-9
0.03320000000000001	2.1514849557021303e-9
0.0333	2.151504821501589e-9
0.033400000000000006	2.1513222929492157e-9
0.0335	2.1511885979297736e-9
0.033600000000000005	2.151269955439995e-9
0.0337	2.1509672992080205e-9
0.033800000000000004	2.1508387313010272e-9
0.033900000000000007	2.1508536319920624e-9
0.034	2.1508351251039118e-9
0.034100000000000005	2.1503818113181133e-9
0.0342	2.150456440947886e-9
0.034300000000000004	2.1504543998347044e-9
0.03440000000000001	2.1503342413335473e-9
0.0345	2.150310450470048e-9
0.034600000000000006	2.150141220779938e-9
0.0347	2.1502408911319345e-9
0.034800000000000005	2.149824757172212e-9
0.0349	2.1498911065258957e-9
0.035	2.1499785136550566e-9
0.035100000000000006	2.1496491441093388e-9
0.03520000000000001	2.1493363791018886e-9
0.035300000000000005	2.149267291769728e-9
0.03540000000000001	2.149271572571039e-9
0.035500000000000004	2.1488154792528563e-9
0.03560000000000001	2.1486572049528298e-9
0.03570000000000001	2.1486081775470586e-9
0.035800000000000005	2.148571081797484e-9
0.03590000000000001	2.148153994869801e-9
0.036000000000000004	2.14809499174315e-9
0.03610000000000001	2.1476742663299916e-9
0.0362	2.14744922586356e-9
0.036300000000000006	2.147215374624732e-9
0.03640000000000001	2.1465612144889093e-9
0.036500000000000005	2.146326652437005e-9
0.03660000000000001	2.146093832702557e-9
0.0367	2.1456466547809134e-9
0.036800000000000006	2.145022130634157e-9
0.03690000000000001	2.1447701414476716e-9
0.037000000000000005	2.1444141148851074e-9
0.03710000000000001	2.144091470026257e-9
0.037200000000000004	2.1437543517870674e-9
0.03730000000000001	2.143611979183724e-9
0.0374	2.1431155831595058e-9
0.037500000000000006	2.1427486066385643e-9
0.0376	2.1427760772216375e-9
0.037700000000000004	2.1425147538823178e-9
0.0378	2.142616102479373e-9
0.0379	2.142144572171617e-9
0.038	2.1421045231668462e-9
0.0381	2.1417596594243617e-9
0.038200000000000005	2.1416771960001226e-9
0.0383	2.1416951230154364e-9
0.038400000000000004	2.141479546986082e-9
0.0385	2.1413062487670505e-9
0.0386	2.14106396431242e-9
0.0387	2.1409807912911936e-9
0.0388	2.1406340562121164e-9
0.038900000000000004	2.140677976623899e-9
0.039	2.1404866922227467e-9
0.0391	2.140438748728817e-9
0.0392	2.139911620090451e-9
0.0393	2.139727636394548e-9
0.039400000000000004	2.139985946458372e-9
0.0395	2.1399441430856225e-9
0.0396	2.1395620942847476e-9
0.0397	2.1397570171745425e-9
0.0398	2.1396840505599813e-9
0.039900000000000005	2.139578092574002e-9
0.04	2.1392718438249515e-9
0.040100000000000004	2.139463309598899e-9
0.04020000000000001	2.1390407581598687e-9
0.0403	2.139072531650033e-9
0.040400000000000005	2.1388859329341657e-9
0.0405	2.1391258016297693e-9
0.040600000000000004	2.138795475090009e-9
0.04070000000000001	2.1389514127181906e-9
0.0408	2.1387464155949506e-9
0.040900000000000006	2.13869055637805e-9
0.041	2.1385463148520964e-9
0.041100000000000005	2.1384095417152958e-9
0.0412	2.1384086760618123e-9
0.0413	2.138482841719745e-9
0.041400000000000006	2.1383682918368997e-9
0.0415	2.138290095709448e-9
0.041600000000000005	2.1382451157240705e-9
0.0417	2.1381120466497365e-9
0.041800000000000004	2.1377315340880004e-9
0.04190000000000001	2.137507636517256e-9
0.042	2.1374077910467485e-9
0.042100000000000005	2.137271802908916e-9
0.0422	2.1372053956572787e-9
0.042300000000000004	2.1369524454144628e-9
0.04240000000000001	2.1366261742071266e-9
0.0425	2.1365246579346926e-9
0.042600000000000006	2.13616155471174e-9
0.04270000000000001	2.1357403019515122e-9
0.042800000000000005	2.1353463431906494e-9
0.04290000000000001	2.135399939901353e-9
0.043000000000000003	2.1350926072779308e-9
0.043100000000000006	2.1346886338546882e-9
0.04320000000000001	2.1344422436391898e-9
0.043300000000000005	2.1342384358408717e-9
0.04340000000000001	2.1336266233915353e-9
0.043500000000000004	2.133258818938051e-9
0.04360000000000001	2.1330353699444327e-9
0.0437	2.1329059235989345e-9
0.043800000000000006	2.132707786719365e-9
0.04390000000000001	2.132247152868444e-9
0.044000000000000004	2.1321447095919854e-9
0.04410000000000001	2.1319089739442822e-9
0.0442	2.1317044775965648e-9
0.044300000000000006	2.1315622069090086e-9
0.04440000000000001	2.131428485287492e-9
0.044500000000000005	2.1313132534231877e-9
0.04460000000000001	2.130956839233723e-9
0.044700000000000004	2.130985938172361e-9
0.044800000000000006	2.130457651284017e-9
0.04490000000000001	2.1307663910066415e-9
0.045000000000000005	2.130401417275529e-9
0.04510000000000001	2.1302524334007476e-9
0.04520000000000001	2.1301098079737355e-9
0.04530000000000001	2.1300449131234956e-9
0.04540000000000001	2.1296863119177118e-9
0.045500000000000006	2.1295067355341213e-9
0.04560000000000001	2.1298272522714188e-9
0.04570000000000001	2.129517627638931e-9
0.04580000000000001	2.1293469639016137e-9
0.04590000000000001	2.129193389239513e-9
0.046000000000000006	2.1289719893234878e-9
0.04610000000000001	2.12888592175107e-9
0.046200000000000005	2.1288519021089713e-9
0.04630000000000001	2.128881945676899e-9
0.04640000000000001	2.128779241719167e-9
0.04650000000000001	2.128733170446864e-9
0.04660000000000001	2.128556999047504e-9
0.046700000000000005	2.1285509836024207e-9
0.04680000000000001	2.1284575991381874e-9
0.04690000000000001	2.128086738432318e-9
0.04700000000000001	2.1284982709880492e-9
0.04710000000000001	2.1282068817018594e-9
0.047200000000000006	2.128202354950837e-9
0.04730000000000001	2.127990577721382e-9
0.04740000000000001	2.1279764608213704e-9
0.04750000000000001	2.1278425352226143e-9
0.0476	2.1279190205405832e-9
0.047700000000000006	2.1277599716954574e-9
0.0478	2.1277718259033587e-9
0.047900000000000005	2.1276202793050865e-9
0.048	2.127546915721959e-9
0.048100000000000004	2.1275901129097707e-9
0.04820000000000001	2.1275400458664775e-9
0.0483	2.127267312902731e-9
0.048400000000000006	2.127404138942936e-9
0.0485	2.127486870195463e-9
0.048600000000000004	2.1272322749990738e-9
0.0487	2.1271058753654e-9
0.0488	2.1270747773567464e-9
0.048900000000000006	2.126983158216689e-9
0.049	2.126758678251036e-9
0.049100000000000005	2.126526209056323e-9
0.0492	2.12664198872356e-9
0.049300000000000004	2.126385842106597e-9
0.049400000000000006	2.1262544264331727e-9
0.0495	2.126057739534042e-9
0.049600000000000005	2.126108335566312e-9
0.0497	2.125806886263625e-9
0.049800000000000004	2.125641615835756e-9
0.0499	2.1255082601655686e-9
0.05	2.1254235571619553e-9
0.050100000000000006	2.1250560917377785e-9
0.05020000000000001	2.1249525757560656e-9
0.050300000000000004	2.1246115570338388e-9
0.05040000000000001	2.1244424966357958e-9
0.0505	2.1240253482430617e-9
0.050600000000000006	2.1238922821007005e-9
0.05070000000000001	2.1236218800884296e-9
0.050800000000000005	2.1234509752489425e-9
0.05090000000000001	2.1231354242226317e-9
0.051000000000000004	2.1229101031264814e-9
0.051100000000000007	2.1225314824830143e-9
0.0512	2.122313359546064e-9
0.051300000000000005	2.121905049409807e-9
0.05140000000000001	2.121698549342315e-9
0.051500000000000004	2.121519098149453e-9
0.05160000000000001	2.1214170242860862e-9
0.0517	2.1211668965418034e-9
0.051800000000000006	2.121086940846022e-9
0.05190000000000001	2.1207276268092256e-9
0.052000000000000005	2.1205451594922125e-9
0.05210000000000001	2.1205257955174034e-9
0.0522	2.1203358417097726e-9
0.052300000000000006	2.12032022148268e-9
0.0524	2.1199909973394858e-9
0.052500000000000005	2.1198364211109583e-9
0.05260000000000001	2.119722523157642e-9
0.05270000000000001	2.1196253039757425e-9
0.05280000000000001	2.1193608943902326e-9
0.05290000000000001	2.1193692782596236e-9
0.053000000000000005	2.1192932407215174e-9
0.05310000000000001	2.1191477101817134e-9
0.05320000000000001	2.118956385274252e-9
0.05330000000000001	2.1189807905490453e-9
0.05340000000000001	2.11871677311113e-9
0.053500000000000006	2.118875278552131e-9
0.05360000000000001	2.1183735198439883e-9
0.053700000000000005	2.118551648687897e-9
0.05380000000000001	2.1183725430493965e-9
0.05390000000000001	2.1180891023385357e-9
0.054000000000000006	2.1180860912425943e-9
0.05410000000000001	2.1179468922396896e-9
0.054200000000000005	2.1180015609058966e-9
0.05430000000000001	2.117768173081795e-9
0.05440000000000001	2.1176612115366796e-9
0.05450000000000001	2.1175758396650073e-9
0.05460000000000001	2.117558657255703e-9
0.054700000000000006	2.117652018198785e-9
0.05480000000000001	2.117403084750382e-9
0.054900000000000004	2.1174615613851116e-9
0.05500000000000001	2.117334818715647e-9
0.0551	2.1171496431140677e-9
0.055200000000000006	2.117014727713706e-9
0.0553	2.1171692295775486e-9
0.055400000000000005	2.116880653146865e-9
0.0555	2.1170912276672143e-9
0.055600000000000004	2.1169923380838413e-9
0.055700000000000006	2.11688122435042e-9
0.0558	2.1168123779764934e-9
0.055900000000000005	2.1166818967466374e-9
0.056	2.1169129874677662e-9
0.056100000000000004	2.116717779070435e-9
0.0562	2.116375096475812e-9
0.0563	2.1166472984458117e-9
0.056400000000000006	2.1165487371683377e-9
0.0565	2.1165157180200258e-9
0.056600000000000004	2.11639976613883e-9
0.0567	2.116473397849711e-9
0.0568	2.1163186319800395e-9
0.056900000000000006	2.116342759624123e-9
0.057	2.1162087224205465e-9
0.057100000000000005	2.116091987076566e-9
0.0572	2.1162937194467e-9
0.057300000000000004	2.1159114318877196e-9
0.05740000000000001	2.1160110778625813e-9
0.0575	2.1159436144703775e-9
0.057600000000000005	2.1157894165586587e-9
0.05770000000000001	2.1157061909143436e-9
0.057800000000000004	2.1156537168355617e-9
0.05790000000000001	2.115626709454867e-9
0.058	2.1154460735117645e-9
0.058100000000000006	2.1155123499673555e-9
0.05820000000000001	2.1151196236621838e-9
0.058300000000000005	2.1149406453013903e-9
0.05840000000000001	2.1147533296571015e-9
0.0585	2.1147667073616104e-9
0.058600000000000006	2.1145677255127653e-9
0.0587	2.1145268935614403e-9
0.058800000000000005	2.1143010992551466e-9
0.05890000000000001	2.114087570471249e-9
0.059000000000000004	2.11407398235357e-9
0.05910000000000001	2.1140077830239885e-9
0.0592	2.1138279010812037e-9
0.059300000000000005	2.113467855950482e-9
0.05940000000000001	2.113308127721901e-9
0.059500000000000004	2.1130449409114112e-9
0.05960000000000001	2.1126696401548705e-9
0.0597	2.11248067644348e-9
0.059800000000000006	2.1124105214754147e-9
0.05990000000000001	2.11214822279575e-9
0.060000000000000005	2.112060661361443e-9
0.06010000000000001	2.1117938065125094e-9
0.06020000000000001	2.1113891120303384e-9
0.060300000000000006	2.111533887534035e-9
0.06040000000000001	2.111222699014642e-9
0.060500000000000005	2.1109344250955034e-9
0.06060000000000001	2.1107154163550214e-9
0.06070000000000001	2.1104607069530085e-9
0.06080000000000001	2.1102914066811736e-9
0.06090000000000001	2.1102075998897194e-9
0.061000000000000006	2.110064653400996e-9
0.06110000000000001	2.109855102005534e-9
0.061200000000000004	2.1097545153619925e-9
0.06130000000000001	2.1096003330917586e-9
0.06140000000000001	2.1092530751270133e-9
0.061500000000000006	2.109305126870369e-9
0.06160000000000001	2.109254896004141e-9
0.061700000000000005	2.1090010500422863e-9
0.06180000000000001	2.108851966612147e-9
0.06190000000000001	2.10892603738788e-9
0.062000000000000006	2.1086540860013663e-9
0.06210000000000001	2.1085519649748877e-9
0.062200000000000005	2.1085039802572443e-9
0.06230000000000001	2.1083932431516578e-9
0.06240000000000001	2.108294441424728e-9
0.06250000000000001	2.1081695161229686e-9
0.0626	2.10823523791542e-9
0.0627	2.108077382395542e-9
0.06280000000000001	2.1079098233108314e-9
0.0629	2.1078328909415387e-9
0.063	2.107807548109089e-9
0.0631	2.1076335378265856e-9
0.0632	2.1074723818411715e-9
0.06330000000000001	2.1074950288880943e-9
0.0634	2.1073955659343133e-9
0.0635	2.107202234549982e-9
0.0636	2.107176995162653e-9
0.0637	2.107083902831196e-9
0.06380000000000001	2.1069823753031373e-9
0.0639	2.1068484371451603e-9
0.064	2.106888972941696e-9
0.0641	2.106748697753056e-9
0.06420000000000001	2.106735973227702e-9
0.0643	2.1066106419111334e-9
0.0644	2.106492439777081e-9
0.0645	2.106512232297536e-9
0.0646	2.106305740398393e-9
0.06470000000000001	2.106339192778581e-9
0.0648	2.106350751558031e-9
0.0649	2.1061809817218642e-9
0.065	2.106188982537298e-9
0.0651	2.1062025932695862e-9
0.06520000000000001	2.106109689368544e-9
0.06530000000000001	2.1061020261463952e-9
0.0654	2.1060533496435112e-9
0.0655	2.1059515597393315e-9
0.0656	2.1058773193095493e-9
0.06570000000000001	2.10584463135868e-9
0.06580000000000001	2.1056840864104873e-9
0.0659	2.105839134266831e-9
0.066	2.1057916931676215e-9
0.0661	2.1057655483277374e-9
0.06620000000000001	2.10571719678038e-9
0.06630000000000001	2.105559470832009e-9
0.0664	2.1055429058408086e-9
0.0665	2.1056557578999663e-9
0.0666	2.1054387648400116e-9
0.06670000000000001	2.1055177654454697e-9
0.0668	2.1054615902141452e-9
0.0669	2.105371911163416e-9
0.067	2.105377064994025e-9
0.0671	2.1053642868451846e-9
0.06720000000000001	2.1052310934896673e-9
0.0673	2.105069922169279e-9
0.0674	2.105007656935363e-9
0.0675	2.1051139855755604e-9
0.06760000000000001	2.104967760874411e-9
0.06770000000000001	2.104926136559814e-9
0.06780000000000001	2.1047717519555345e-9
0.0679	2.104771014329859e-9
0.068	2.1047665931681455e-9
0.06810000000000001	2.104719279925405e-9
0.06820000000000001	2.1044620518651982e-9
0.06830000000000001	2.1044207887068545e-9
0.0684	2.1042771269576185e-9
0.0685	2.104128656172646e-9
0.06860000000000001	2.1041055341068387e-9
0.06870000000000001	2.104068683044148e-9
0.06880000000000001	2.1038929038660006e-9
0.0689	2.103709869365363e-9
0.069	2.103675272480349e-9
0.06910000000000001	2.103496208525127e-9
0.06920000000000001	2.1034084138854655e-9
0.0693	2.1033817151008657e-9
0.0694	2.1032611217910293e-9
0.0695	2.1030296679702877e-9
0.06960000000000001	2.1029017508809957e-9
0.06970000000000001	2.102809832414434e-9
0.0698	2.1025397548435474e-9
0.0699	2.1023531763227206e-9
0.07	2.102240393280533e-9
0.07010000000000001	2.102044550094763e-9
0.07020000000000001	2.1019107482544157e-9
0.07030000000000002	2.1015540346900632e-9
0.0704	2.1014073630477924e-9
0.07050000000000001	2.1013567014590007e-9
0.07060000000000001	2.1010745040384317e-9
0.07070000000000001	2.1008693022214016e-9
0.07080000000000002	2.1007275579259306e-9
0.0709	2.1005918379015685e-9
0.07100000000000001	2.1003540077284714e-9
0.07110000000000001	2.1001554697629633e-9
0.07120000000000001	2.099959709260391e-9
0.07130000000000002	2.0998345686280946e-9
0.0714	2.0996769332903418e-9
0.07150000000000001	2.0995517538270917e-9
0.07160000000000001	2.099419037215322e-9
0.07170000000000001	2.0992409394141513e-9
0.0718	2.0989815324634205e-9
0.0719	2.098964131907014e-9
0.07200000000000001	2.09867754349268e-9
0.07210000000000001	2.0986740570032206e-9
0.07220000000000001	2.098487110547043e-9
0.0723	2.0984408524144094e-9
0.0724	2.098395954921577e-9
0.07250000000000001	2.098242071847176e-9
0.07260000000000001	2.098124790056833e-9
0.07270000000000001	2.098035506142829e-9
0.07280000000000002	2.098002645809088e-9
0.0729	2.0978692349741716e-9
0.07300000000000001	2.09778908526787e-9
0.07310000000000001	2.0975755709906596e-9
0.07320000000000002	2.0975188653083264e-9
0.07330000000000002	2.0974028045225755e-9
0.0734	2.0973593356513827e-9
0.07350000000000001	2.0973080434349577e-9
0.07360000000000001	2.0973455766823756e-9
0.07370000000000002	2.0971220184316844e-9
0.07380000000000002	2.097160042982629e-9
0.07390000000000001	2.0969602795205378e-9
0.07400000000000001	2.0969383322689248e-9
0.07410000000000001	2.0968085177855808e-9
0.07420000000000002	2.0966084626445275e-9
0.0743	2.0966023273019104e-9
0.07440000000000001	2.0965201494864116e-9
0.07450000000000001	2.0964834463039246e-9
0.07460000000000001	2.096403897855211e-9
0.07470000000000002	2.0963610479357306e-9
0.0748	2.096297343153916e-9
0.07490000000000001	2.096151959426305e-9
0.07500000000000001	2.0961417966783544e-9
0.0751	2.0959561472369313e-9
0.0752	2.0959495848756306e-9
0.0753	2.0959304221837324e-9
0.0754	2.0958661093828194e-9
0.0755	2.0957492971619724e-9
0.0756	2.09558471597472e-9
0.0757	2.095588767284586e-9
0.0758	2.0956009996419917e-9
0.0759	2.0954877425719593e-9
0.076	2.0954349614737528e-9
0.0761	2.0954307484165467e-9
0.0762	2.0954505772844516e-9
0.0763	2.0953142264660965e-9
0.0764	2.0953390591865186e-9
0.0765	2.0952142900070907e-9
0.0766	2.0953071465256994e-9
0.0767	2.095181495671885e-9
0.07680000000000001	2.0952616990035528e-9
0.0769	2.095012617418796e-9
0.077	2.0951188436013975e-9
0.0771	2.0949433437825677e-9
0.0772	2.094981823114495e-9
0.0773	2.094895567555479e-9
0.0774	2.094774690158521e-9
0.0775	2.094817394421614e-9
0.0776	2.094853498414948e-9
0.0777	2.094723539702563e-9
0.07780000000000001	2.0948195221329617e-9
0.0779	2.0947651608365167e-9
0.078	2.094652785188188e-9
0.0781	2.0945489598422206e-9
0.0782	2.094562537519636e-9
0.07830000000000001	2.0945597902704326e-9
0.0784	2.0944408500938146e-9
0.0785	2.094520913775413e-9
0.0786	2.0943765411073734e-9
0.0787	2.0943606611432408e-9
0.07880000000000001	2.0943330365799072e-9
0.0789	2.094287107697012e-9
0.079	2.0944293442946747e-9
0.0791	2.0942414373070604e-9
0.0792	2.0942119794177398e-9
0.07930000000000001	2.0941486708380662e-9
0.0794	2.0941472340032073e-9
0.0795	2.094155388958258e-9
0.0796	2.0940437268209487e-9
0.07970000000000001	2.094073821113914e-9
0.0798	2.093851807684844e-9
0.0799	2.0940641216867055e-9
0.08	2.0938652096362286e-9
0.0801	2.0937928707526353e-9
0.08020000000000001	2.093686108370817e-9
0.08030000000000001	2.093661583650211e-9
0.0804	2.0935537790935163e-9
0.0805	2.09343775370978e-9
0.0806	2.0933369654559363e-9
0.08070000000000001	2.093278663804854e-9
0.08080000000000001	2.0931627618426823e-9
0.0809	2.093037349971802e-9
0.081	2.092925152669326e-9
0.0811	2.0929323730188653e-9
0.08120000000000001	2.092786022458817e-9
0.08130000000000001	2.0926694351032165e-9
0.0814	2.0926522133265444e-9
0.0815	2.0925749950370316e-9
0.0816	2.092312734929706e-9
0.08170000000000001	2.0923282071902805e-9
0.08180000000000001	2.0924119303868392e-9
0.0819	2.0921848070951495e-9
0.082	2.0919859072874296e-9
0.0821	2.092037624687007e-9
0.08220000000000001	2.0917265719509464e-9
0.0823	2.0915965293532942e-9
0.0824	2.0914995390881815e-9
0.0825	2.0913428814961145e-9
0.0826	2.0910610657091296e-9
0.08270000000000001	2.0909256723778745e-9
0.08280000000000001	2.0908053313946768e-9
0.0829	2.0906952287668336e-9
0.083	2.0905616032883626e-9
0.08310000000000001	2.0903716002315694e-9
0.08320000000000001	2.090204077897211e-9
0.08330000000000001	2.0900379072793822e-9
0.0834	2.0897491786780403e-9
0.0835	2.0896671024287336e-9
0.08360000000000001	2.0895280194666714e-9
0.08370000000000001	2.0894756694325926e-9
0.08380000000000001	2.0891427124197634e-9
0.0839	2.089053499032351e-9
0.084	2.088892582554719e-9
0.08410000000000001	2.0886910581129565e-9
0.08420000000000001	2.088624223220863e-9
0.08430000000000001	2.088465732319363e-9
0.0844	2.0884238744099908e-9
0.0845	2.0882981536934654e-9
0.08460000000000001	2.088047035513976e-9
0.08470000000000001	2.0880181574677008e-9
0.0848	2.0878683145389454e-9
0.0849	2.087754148693991e-9
0.085	2.08758893223707e-9
0.08510000000000001	2.087564273329982e-9
0.08520000000000001	2.087368128630114e-9
0.08530000000000001	2.0873126831905e-9
0.0854	2.0872194838247995e-9
0.0855	2.0872114441339522e-9
0.08560000000000001	2.087078514381129e-9
0.08570000000000001	2.0871192507247917e-9
0.08580000000000002	2.0869395062907727e-9
0.0859	2.0869425483976836e-9
0.08600000000000001	2.0868027426425427e-9
0.08610000000000001	2.0866942103821884e-9
0.08620000000000001	2.0867225370629523e-9
0.08630000000000002	2.086673232854683e-9
0.0864	2.0865682001604917e-9
0.08650000000000001	2.08645854103945e-9
0.08660000000000001	2.0864363091754345e-9
0.08670000000000001	2.0862941138276796e-9
0.08680000000000002	2.086280716162287e-9
0.0869	2.0862148929754403e-9
0.08700000000000001	2.086142974557713e-9
0.08710000000000001	2.0861315174044907e-9
0.08720000000000001	2.0859879138219472e-9
0.0873	2.085894402436633e-9
0.0874	2.0858979412974484e-9
0.08750000000000001	2.085808375694742e-9
0.08760000000000001	2.0857644145327583e-9
0.08770000000000001	2.0856738902217908e-9
0.08780000000000002	2.0856120749553277e-9
0.0879	2.0855513774712767e-9
0.08800000000000001	2.0854129722882896e-9
0.08810000000000001	2.0853629337614003e-9
0.08820000000000001	2.0854361514780156e-9
0.08830000000000002	2.0852162104853853e-9
0.0884	2.085153913332965e-9
0.08850000000000001	2.085116084726873e-9
0.08860000000000001	2.085144974878918e-9
0.08870000000000001	2.0851345219779453e-9
0.08880000000000002	2.0850203638112345e-9
0.0889	2.085038855916404e-9
0.08900000000000001	2.084956040741163e-9
0.08910000000000001	2.0848197031036885e-9
0.08920000000000002	2.0848182250634734e-9
0.08930000000000002	2.0847048566779527e-9
0.08940000000000001	2.084697551350696e-9
0.08950000000000001	2.0846706637351978e-9
0.08960000000000001	2.084642086616389e-9
0.08970000000000002	2.084629716075706e-9
0.0898	2.0845179581369206e-9
0.08990000000000001	2.0845202327354058e-9
0.09000000000000001	2.084454561791168e-9
0.09010000000000001	2.084544304162795e-9
0.09020000000000002	2.08444209226987e-9
0.09030000000000002	2.0844603001420544e-9
0.09040000000000001	2.0843719577652454e-9
0.09050000000000001	2.0843415246829503e-9
0.09060000000000001	2.084384108919771e-9
0.09070000000000002	2.0844054717073787e-9
0.09080000000000002	2.0843044491755058e-9
0.09090000000000001	2.084213580764535e-9
0.09100000000000001	2.0842127599007314e-9
0.09110000000000001	2.084261844555342e-9
0.09120000000000002	2.0841152136811e-9
0.09130000000000002	2.0840388513902154e-9
0.09140000000000001	2.0840686744168553e-9
0.09150000000000001	2.084027034986405e-9
0.09160000000000001	2.0839280056993663e-9
0.09170000000000002	2.084007623666971e-9
0.09180000000000002	2.0840282289933374e-9
0.09190000000000001	2.0838406112102357e-9
0.09200000000000001	2.083873716840834e-9
0.09210000000000002	2.083828306976914e-9
0.09220000000000002	2.083742461448649e-9
0.09230000000000001	2.08374876957864e-9
0.09240000000000001	2.0837690859776535e-9
0.09250000000000001	2.0836833098794914e-9
0.0926	2.083695781476167e-9
0.0927	2.0835192078115513e-9
0.09280000000000001	2.083654790151121e-9
0.0929	2.083606433577202e-9
0.093	2.083630745955349e-9
0.0931	2.083494812331575e-9
0.0932	2.0835867341113118e-9
0.09330000000000001	2.083450197988972e-9
0.0934	2.083389885416081e-9
0.0935	2.0833627788983118e-9
0.0936	2.0833713925085805e-9
0.0937	2.083310566445849e-9
0.09380000000000001	2.0831774210837645e-9
0.0939	2.0831607436261212e-9
0.094	2.0831872766679916e-9
0.0941	2.0831170877684568e-9
0.0942	2.083073055196873e-9
0.0943	2.082984861307764e-9
0.0944	2.082940602767843e-9
0.0945	2.0828793248467287e-9
0.0946	2.0828606462422576e-9
0.0947	2.082863632292734e-9
0.0948	2.0828254969539162e-9
0.0949	2.0825110267033626e-9
0.095	2.082540664590954e-9
0.0951	2.0824769644871592e-9
0.0952	2.0824601993260367e-9
0.09530000000000001	2.082224457829585e-9
0.0954	2.0821449661162774e-9
0.0955	2.0820025185050105e-9
0.0956	2.0819466025053973e-9
0.09570000000000001	2.081979749164514e-9
0.09580000000000001	2.0819654238567295e-9
0.0959	2.0817624035743066e-9
0.096	2.0817617725853727e-9
0.0961	2.0816475229817316e-9
0.09620000000000001	2.081604729860385e-9
0.09630000000000001	2.0814267481484304e-9
0.0964	2.081350759087535e-9
0.0965	2.081334969191949e-9
0.0966	2.081058515361556e-9
0.09670000000000001	2.0811984003020323e-9
0.0968	2.080886869259395e-9
0.0969	2.080736135060373e-9
0.097	2.080771481840035e-9
0.0971	2.0805755253543126e-9
0.09720000000000001	2.08054978500187e-9
0.0973	2.080257842204596e-9
0.0974	2.0802130423794914e-9
0.0975	2.0800165762909967e-9
0.0976	2.079873933057853e-9
0.09770000000000001	2.0797420913600517e-9
0.09780000000000001	2.079689288288149e-9
0.0979	2.0795288827302967e-9
0.098	2.0793939381726716e-9
0.0981	2.0792667682435096e-9
0.09820000000000001	2.0791134704502214e-9
0.09830000000000001	2.0789092971297763e-9
0.0984	2.078758482692082e-9
0.0985	2.078590649796478e-9
0.09860000000000001	2.078583194552371e-9
0.09870000000000001	2.078294648971693e-9
0.09880000000000001	2.078165463487418e-9
0.0989	2.0782147667916385e-9
0.099	2.078028671178366e-9
0.09910000000000001	2.0778224318323064e-9
0.09920000000000001	2.0778842724927986e-9
0.0993	2.077750904465845e-9
0.0994	2.0776569781628346e-9
0.0995	2.077582962945744e-9
0.09960000000000001	2.077394368609644e-9
0.09970000000000001	2.0773157784960014e-9
0.0998	2.077199689629457e-9
0.0999	2.0770105608631845e-9
0.1	2.0770745083601386e-9
0.11	2.0725403167735545e-9
0.12	2.064912508837839e-9
0.13	2.0626997667245186e-9
0.14	2.0559939196604326e-9
0.15	2.0531679416727546e-9
0.16	2.0490465879976596e-9
0.16999999999999998	2.0442267784964324e-9
0.18	2.042412126974994e-9
0.19	2.037519192115228e-9
0.2	2.0335532654473672e-9
0.21000000000000002	2.031491677917246e-9
0.22000000000000003	2.028227826556205e-9
0.23	2.0237157006803966e-9
0.24000000000000002	2.0211541888105594e-9
0.25	2.0198004326765683e-9
0.26	2.0165671407787408e-9
0.27	2.012552099497243e-9
0.28	2.010401362089069e-9
0.29000000000000004	2.0092791714928833e-9
0.30000000000000004	2.0074889594457484e-9
0.31	2.0036332170981734e-9
0.32	2.0010648964972595e-9
0.33	1.999317928411383e-9
0.33999999999999997	1.998522476922601e-9
0.35	1.997340173724131e-9
0.36	1.9946931138377556e-9
0.37	1.9918287236242925e-9
0.38	1.9900330026500895e-9
0.39	1.988892079494069e-9
0.4	1.987940151040947e-9
0.41	1.987108731120116e-9
0.42	1.985239746748146e-9
0.43	1.9823488325689e-9
0.43999999999999995	1.9802854031042e-9
0.44999999999999996	1.979223382257549e-9
0.45999999999999996	1.9782807080569684e-9
0.47	1.9774685490853162e-9
0.48	1.976724379135507e-9
0.49	1.9754378284231377e-9
0.5	1.9734949169408267e-9
0.51	1.970970566400169e-9
0.52	1.9694856913783948e-9
0.53	1.968404673943084e-9
0.54	1.9674326950324724e-9
0.55	1.966852658330423e-9
0.56	1.9662697895032542e-9
0.5700000000000001	1.965398651097256e-9
0.5800000000000001	1.963801895604982e-9
0.59	1.961884041834646e-9
0.6	1.9597197613480646e-9
0.61	1.9583374782777984e-9
0.62	1.9575566269153675e-9
0.63	1.9568637484870124e-9
0.64	1.9559628315964862e-9
0.65	1.9554245201965457e-9
0.66	1.955146183690109e-9
0.6699999999999999	1.9545927844054435e-9
0.6799999999999999	1.953324251614525e-9
0.69	1.952113057082786e-9
0.7	1.950364339434588e-9
0.71	1.948898190238162e-9
0.72	1.9480683428750915e-9
0.73	1.9473949047661797e-9
0.74	1.9467973327719875e-9
0.75	1.946269615131537e-9
0.76	1.9458431533889446e-9
0.77	1.9455180835697648e-9
0.78	1.945070882578178e-9
0.7899999999999999	1.9441376296785413e-9
0.7999999999999999	1.9432795326143086e-9
0.81	1.9421073188863792e-9
0.8200000000000001	1.94055744218238e-9
0.8300000000000001	1.9390221941812353e-9
0.8400000000000001	1.9381723216835803e-9
0.8500000000000001	1.9373227835074134e-9
0.8600000000000001	1.936578899341851e-9
0.8700000000000001	1.9361618045085027e-9
0.8800000000000001	1.935506543458081e-9
0.89	1.9352150797091334e-9
0.9	1.934810129012289e-9
0.91	1.934464040458709e-9
0.92	1.933955633923329e-9
0.93	1.933494405777386e-9
0.9400000000000001	1.9327153795915486e-9
0.9500000000000001	1.931739502236437e-9
0.9600000000000001	1.930749406123029e-9
0.97	1.9293098783956076e-9
0.98	1.9281514134378045e-9
0.99	1.9273035761763675e-9
1.	1.926946743637983e-9
1.01	1.926470262588138e-9
1.02	1.925887828157785e-9
1.03	1.9255033621109398e-9
1.04	1.9251765218334975e-9
1.05	1.9249497686293e-9
1.06	1.9247051241399706e-9
1.07	1.9240747455864333e-9
1.08	1.9238708849620357e-9
1.09	1.923455085548305e-9
1.1	1.9229457103167667e-9
1.11	1.922015084958244e-9
1.12	1.921148135238856e-9
1.1300000000000001	1.920224323531039e-9
1.1400000000000001	1.9193104416511778e-9
1.1500000000000001	1.918117364751989e-9
1.1600000000000001	1.917627442619153e-9
1.1700000000000002	1.917116230408367e-9
1.1800000000000002	1.9167552090541056e-9
1.1900000000000002	1.9162781830890283e-9
1.2000000000000002	1.9161396298723033e-9
1.2100000000000002	1.9156370529742823e-9
1.2200000000000002	1.9153423680869316e-9
1.2300000000000002	1.915029621425836e-9
1.2400000000000002	1.9148619401862832e-9
1.2500000000000002	1.914563264272925e-9
1.2600000000000002	1.9144503202526473e-9
1.2700000000000002	1.9144500645493916e-9
1.2800000000000002	1.9139616521914157e-9
1.2900000000000003	1.913641296899955e-9
1.3000000000000003	1.9130875942566663e-9
1.31	1.9121233267250546e-9
1.32	1.9114866259823636e-9
1.33	1.9105511046163103e-9
1.34	1.9095227862198347e-9
1.35	1.908845252155581e-9
1.36	1.907936399502922e-9
1.37	1.907521251492495e-9
1.3800000000000001	1.9068526229806183e-9
1.3900000000000001	1.906738157076473e-9
1.4000000000000001	1.906195548419982e-9
1.4100000000000001	1.905695443143846e-9
1.4200000000000002	1.9052608520555243e-9
1.4300000000000002	1.904807022912064e-9
1.4400000000000002	1.9044115312454524e-9
1.4500000000000002	1.9044038208855744e-9
1.4600000000000002	1.904085277596035e-9
1.4700000000000002	1.903913961258832e-9
1.4800000000000002	1.9036317888658108e-9
1.4900000000000002	1.903192251395236e-9
1.5000000000000002	1.902949272574904e-9
1.5100000000000002	1.9026076060527047e-9
1.5200000000000002	1.9021932090739283e-9
1.5300000000000002	1.901913043079773e-9
1.5400000000000003	1.9010832592762793e-9
1.5500000000000003	1.900824577276875e-9
1.5600000000000003	1.9000890775684296e-9
1.5700000000000003	1.899327867220134e-9
1.5800000000000003	1.89866699280079e-9
1.5900000000000003	1.8977119002007677e-9
1.6000000000000003	1.8971657508455675e-9
1.61	1.896674615444992e-9
1.62	1.8962378714770996e-9
1.6300000000000001	1.895845072057177e-9
1.6400000000000001	1.895842386745624e-9
1.6500000000000001	1.8956349222598545e-9
1.6600000000000001	1.894937941589132e-9
1.6700000000000002	1.8948017197157356e-9
1.6800000000000002	1.8944967649445214e-9
1.6900000000000002	1.893844795365604e-9
1.7000000000000002	1.8936240466409465e-9
1.7100000000000002	1.8932124898463306e-9
1.7200000000000002	1.892793591217299e-9
1.7300000000000002	1.892585102947448e-9
1.7400000000000002	1.8922368994200003e-9
1.7500000000000002	1.8918869105920097e-9
1.7600000000000002	1.89154324958178e-9
1.7700000000000002	1.891097293494899e-9
1.7800000000000002	1.890941907846178e-9
1.7900000000000003	1.8905566130417083e-9
1.8000000000000003	1.890215545215489e-9
1.81	1.889589370398468e-9
1.82	1.888968099055136e-9
1.83	1.8885598599352824e-9
1.84	1.888140611236163e-9
1.85	1.887548995049595e-9
1.86	1.8867707859804156e-9
1.87	1.88646534964486e-9
1.8800000000000001	1.886227281486819e-9
1.8900000000000001	1.8858826711550545e-9
1.9000000000000001	1.8856685954775932e-9
1.9100000000000001	1.8855041772294166e-9
1.9200000000000002	1.8852821452529575e-9
1.9300000000000002	1.885137341783824e-9
1.9400000000000002	1.8848649019193824e-9
1.9500000000000002	1.8845920053931057e-9
1.9600000000000002	1.884127692719816e-9
1.9700000000000002	1.88391805161041e-9
1.9800000000000002	1.883617948528145e-9
1.9900000000000002	1.883601169246267e-9
2.	1.883084598483922e-9
2.0100000000000002	1.8830602135429033e-9
2.02	1.882516655928016e-9
2.0300000000000002	1.8821195901246513e-9
2.04	1.8816422839539282e-9
2.0500000000000003	1.881524826615368e-9
2.06	1.8809838301485845e-9
2.0700000000000003	1.8809808227433054e-9
2.08	1.880337197658862e-9
2.0900000000000003	1.8802609906701664e-9
2.1	1.8798243424168916e-9
2.11	1.8794616261765314e-9
2.1199999999999997	1.8790155540506363e-9
2.13	1.878754655563258e-9
2.1399999999999997	1.878316326420753e-9
2.15	1.8779259746107957e-9
2.1599999999999997	1.87761070449657e-9
2.17	1.87722385689375e-9
2.1799999999999997	1.876823556925371e-9
2.19	1.8765514755050853e-9
2.1999999999999997	1.8760565995055937e-9
2.21	1.8759546410722166e-9
2.2199999999999998	1.875776251434031e-9
2.23	1.8755259220453493e-9
2.2399999999999998	1.875321122871787e-9
2.25	1.8751678443861258e-9
2.26	1.875316481846397e-9
2.27	1.875054561671098e-9
2.28	1.874802223360526e-9
2.29	1.874811231407918e-9
2.3	1.874414847524883e-9
2.31	1.8741437618152657e-9
2.32	1.874205030815216e-9
2.33	1.873399722666957e-9
2.34	1.873422578418268e-9
2.35	1.8730013819816576e-9
2.36	1.8727679009941785e-9
2.37	1.8722238600898006e-9
2.38	1.8719541147270223e-9
2.39	1.871687670260324e-9
2.4	1.8715758501745527e-9
2.41	1.871095914982232e-9
2.42	1.870769264723074e-9
2.43	1.8703682836774926e-9
2.44	1.869824878108327e-9
2.45	1.869381883911691e-9
2.46	1.869326754349001e-9
2.47	1.868791739355208e-9
2.48	1.86836766298036e-9
2.49	1.868142007616532e-9
2.5	1.8678136696409085e-9