0.0001	2.7058491462848964e-9
0.0002	2.56811063310891e-9
0.00030000000000000003	2.544100652144155e-9
0.0004	2.531041834198537e-9
0.0005	2.5056321084854305e-9
0.0006000000000000001	2.492952642424578e-9
0.0007000000000000001	2.482010054134776e-9
0.0008	2.468454754151098e-9
0.0009000000000000001	2.4612706680529753e-9
0.001	2.4505793792564976e-9
0.0011	2.4437562910689312e-9
0.0012000000000000001	2.436581683366662e-9
0.0013000000000000002	2.4307986889493587e-9
0.0014000000000000002	2.4250778833921032e-9
0.0015	2.4190383133219198e-9
0.0016	2.414214997986594e-9
0.0017000000000000001	2.409646431713727e-9
0.0018000000000000002	2.4054005831904618e-9
0.0019000000000000002	2.400142740264436e-9
0.002	2.397786330491555e-9
0.0021	2.3925045989164236e-9
0.0022	2.388208727617041e-9
0.0023	2.3859618473196326e-9
0.0024	2.3816327847441647e-9
0.0025	2.3775589808355556e-9
0.0026	2.3753719503317793e-9
0.0026999999999999997	2.3734575888187853e-9
0.0028	2.36929086874066e-9
0.0029	2.3653856949889594e-9
0.003	2.363167101938576e-9
0.0031	2.361201310718693e-9
0.0031999999999999997	2.357994047777791e-9
0.0033	2.354333165326379e-9
0.0034	2.3529040160011795e-9
0.0035	2.3509777229539243e-9
0.0036	2.349267029501929e-9
0.0037	2.34569137014442e-9
0.0038	2.342509983983489e-9
0.0039	2.340667827238248e-9
0.004	2.3397042358555707e-9
0.0040999999999999995	2.3385930364898903e-9
0.0042	2.3369183230776175e-9
0.0043	2.3336209583198756e-9
0.0044	2.3309879662119796e-9
0.0045	2.3292037075560365e-9
0.0046	2.3282957703414828e-9
0.0047	2.3273419546497714e-9
0.0048000000000000004	2.3269820058197868e-9
0.0049	2.325614631181837e-9
0.005	2.3230441474533966e-9
0.0051	2.32065630673307e-9
0.005200000000000001	2.318435567925642e-9
0.0053	2.3171579756848928e-9
0.0054	2.3159285252927237e-9
0.0055000000000000005	2.3152901816958354e-9
0.005600000000000001	2.3150071329866106e-9
0.0057	2.313837829356686e-9
0.0058000000000000005	2.312230499706204e-9
0.005900000000000001	2.3104644822239524e-9
0.006	2.308433083249346e-9
0.0061	2.3069333053947585e-9
0.006200000000000001	2.305159613478506e-9
0.0063	2.3041191252871667e-9
0.0064	2.3036182820272457e-9
0.006500000000000001	2.3034552303296706e-9
0.0066	2.3028782550402374e-9
0.0067	2.3020443798482625e-9
0.0068000000000000005	2.3010097010353923e-9
0.006900000000000001	2.2996437467217406e-9
0.007	2.2980467544021027e-9
0.0071	2.296191184624042e-9
0.007200000000000001	2.2944239849731546e-9
0.007300000000000001	2.2932734319970692e-9
0.0074	2.2925353778530706e-9
0.007500000000000001	2.292066177560547e-9
0.007600000000000001	2.2914831113461045e-9
0.007700000000000001	2.2908886029697923e-9
0.0078000000000000005	2.290324777190233e-9
0.0079	2.2897250661364386e-9
0.008	2.2891882008674865e-9
0.008100000000000001	2.2879649790918114e-9
0.0082	2.2864921725162234e-9
0.0083	2.2845529435358644e-9
0.008400000000000001	2.2829831034832175e-9
0.0085	2.2819132864183373e-9
0.0086	2.2811679059337157e-9
0.008700000000000001	2.280626938664955e-9
0.0088	2.2796678209008353e-9
0.008900000000000002	2.2790216142011376e-9
0.009000000000000001	2.2784066260355015e-9
0.0091	2.277761771492426e-9
0.009200000000000002	2.2775425896864685e-9
0.009300000000000001	2.276928529761851e-9
0.0094	2.2763416583186044e-9
0.009500000000000001	2.2752805576926707e-9
0.009600000000000001	2.273762306474496e-9
0.0097	2.2722186507889895e-9
0.009800000000000001	2.270745500875139e-9
0.0099	2.2697212441930236e-9
0.010000000000000002	2.268745769207222e-9
0.0101	2.2675860658981256e-9
0.010199999999999999	2.2668411295404448e-9
0.0103	2.2664406280798727e-9
0.0104	2.2658462014081236e-9
0.010499999999999999	2.2654428964322824e-9
0.0106	2.264930478657806e-9
0.0107	2.264329991473441e-9
0.010799999999999999	2.264330834423792e-9
0.0109	2.2637101918371583e-9
0.011	2.2633012275781224e-9
0.011099999999999999	2.262832077572682e-9
0.0112	2.2618530449075905e-9
0.0113	2.260640519376208e-9
0.0114	2.259649974958129e-9
0.0115	2.2584233327463566e-9
0.0116	2.2570675182615865e-9
0.0117	2.2561911145240237e-9
0.0118	2.255431401598717e-9
0.011899999999999999	2.254806791491564e-9
0.012	2.2541171368833176e-9
0.0121	2.2537049542036278e-9
0.012199999999999999	2.2531053570679623e-9
0.0123	2.2524025358779294e-9
0.0124	2.2522370880426315e-9
0.0125	2.251939242329539e-9
0.0126	2.2517419064590647e-9
0.0127	2.2512640163585293e-9
0.0128	2.250789482732818e-9
0.0129	2.250347078601681e-9
0.013	2.2497715077754116e-9
0.0131	2.2491371719432797e-9
0.0132	2.248535548697401e-9
0.0133	2.2477786415043996e-9
0.0134	2.2464701739567524e-9
0.0135	2.245372527321494e-9
0.013600000000000001	2.244111345202557e-9
0.0137	2.2434299702968805e-9
0.0138	2.242559477917278e-9
0.013900000000000001	2.241779792403876e-9
0.014	2.241238102510169e-9
0.0141	2.2406750474608382e-9
0.0142	2.2403101303066318e-9
0.0143	2.2396013631769355e-9
0.0144	2.2391147302357075e-9
0.0145	2.2388285811506733e-9
0.0146	2.2386064864665527e-9
0.014700000000000001	2.238147706376211e-9
0.0148	2.23806600577587e-9
0.0149	2.237698524674566e-9
0.015	2.2372809592656837e-9
0.0151	2.2369182613650104e-9
0.0152	2.2365583972045153e-9
0.015300000000000001	2.23640914787307e-9
0.0154	2.2358643852025713e-9
0.0155	2.2354267079602334e-9
0.015600000000000001	2.2347895378928876e-9
0.015700000000000002	2.233798905371383e-9
0.0158	2.233041498243792e-9
0.0159	2.231971915300278e-9
0.016	2.2309551530851968e-9
0.0161	2.2299945946052462e-9
0.0162	2.2294266668745494e-9
0.016300000000000002	2.229000688607839e-9
0.0164	2.22812662829641e-9
0.0165	2.2279617733212187e-9
0.0166	2.2274725577851703e-9
0.0167	2.2270476913661197e-9
0.016800000000000002	2.2264397228905707e-9
0.016900000000000002	2.2260197706453636e-9
0.017	2.225802201532484e-9
0.0171	2.2253372129559935e-9
0.0172	2.2249582102606593e-9
0.0173	2.2250819735385705e-9
0.0174	2.224733543423608e-9
0.0175	2.2246532420425473e-9
0.0176	2.2243291642320846e-9
0.0177	2.223976081961566e-9
0.0178	2.2239895644476707e-9
0.017900000000000003	2.22364013176769e-9
0.018000000000000002	2.2231936891407535e-9
0.0181	2.2227318177566217e-9
0.0182	2.2223234111169014e-9
0.0183	2.221936339144657e-9
0.0184	2.221077985320553e-9
0.018500000000000003	2.220511740030099e-9
0.018600000000000002	2.219677980640454e-9
0.0187	2.2190374919246504e-9
0.0188	2.218198406897279e-9
0.0189	2.217411929474844e-9
0.019	2.2166074822826485e-9
0.019100000000000002	2.216062424768849e-9
0.019200000000000002	2.2156960529498374e-9
0.0193	2.215239097184398e-9
0.0194	2.2149184554296243e-9
0.0195	2.2144878994103e-9
0.0196	2.2139872075664134e-9
0.019700000000000002	2.2135275254529777e-9
0.0198	2.2133843789718717e-9
0.0199	2.213045604070075e-9
0.02	2.212585179119686e-9
0.0201	2.212330578480257e-9
0.0202	2.2121413454623413e-9
0.0203	2.211954885439765e-9
0.0204	2.211646417263003e-9
0.0205	2.2115597258037065e-9
0.0206	2.211234146213752e-9
0.0207	2.211179401692199e-9
0.0208	2.2109517364005488e-9
0.0209	2.2108049384228734e-9
0.021	2.210578074518736e-9
0.0211	2.2104840581982136e-9
0.0212	2.21010345893354e-9
0.0213	2.2096390757438587e-9
0.0214	2.209171036347161e-9
0.0215	2.2088745963580287e-9
0.0216	2.2085429745033653e-9
0.0217	2.2080316639104544e-9
0.0218	2.207377558705475e-9
0.0219	2.2066308185300494e-9
0.022	2.2060743722008073e-9
0.0221	2.2054087546012544e-9
0.0222	2.2045697254334206e-9
0.0223	2.2039671773612695e-9
0.0224	2.2034298204778053e-9
0.0225	2.2030119266468227e-9
0.022600000000000002	2.2026286323643636e-9
0.0227	2.2020286306045693e-9
0.0228	2.2017869656572526e-9
0.022900000000000004	2.201589833558737e-9
0.023000000000000003	2.200992115174083e-9
0.023100000000000002	2.2010057887478604e-9
0.023200000000000002	2.2006407887213537e-9
0.0233	2.2000623728542938e-9
0.0234	2.199813632000253e-9
0.023500000000000004	2.1997852522318686e-9
0.023600000000000003	2.1991815604176747e-9
0.023700000000000002	2.1991007288794157e-9
0.0238	2.1991227617204286e-9
0.0239	2.1987614862938927e-9
0.024	2.198627425986351e-9
0.024100000000000003	2.1985558864628946e-9
0.024200000000000003	2.198133274461192e-9
0.024300000000000002	2.1979982223291586e-9
0.0244	2.198088057896283e-9
0.0245	2.1977797929116343e-9
0.024600000000000004	2.1976060063093096e-9
0.024700000000000003	2.1976641412623366e-9
0.024800000000000003	2.197382566243998e-9
0.024900000000000002	2.197234350479419e-9
0.025	2.1969884646372742e-9
0.0251	2.1966066074405215e-9
0.0252	2.1960420515249604e-9
0.0253	2.1958733400549068e-9
0.025400000000000002	2.195442697818831e-9
0.025500000000000002	2.1952749464390556e-9
0.0256	2.194868970468003e-9
0.0257	2.194369216083052e-9
0.0258	2.1936934212600393e-9
0.0259	2.193378876947719e-9
0.026000000000000002	2.1924763763916784e-9
0.0261	2.1920206786745574e-9
0.0262	2.1914296090560486e-9
0.0263	2.190877547366721e-9
0.0264	2.19046809383041e-9
0.0265	2.1899614498509613e-9
0.026600000000000002	2.1895916278179713e-9
0.0267	2.1893688661959738e-9
0.0268	2.1892964315978287e-9
0.0269	2.18865448644196e-9
0.027	2.1885614431367453e-9
0.0271	2.1881478325914578e-9
0.027200000000000002	2.1879308783872837e-9
0.0273	2.187454769896737e-9
0.0274	2.1874669777798918e-9
0.0275	2.1871780067597953e-9
0.0276	2.1868568201390635e-9
0.0277	2.1867152640845733e-9
0.0278	2.186688180737598e-9
0.0279	2.186183552739982e-9
0.028	2.186241284340027e-9
0.0281	2.1861797972390113e-9
0.0282	2.185663523418081e-9
0.0283	2.1857103375634673e-9
0.028399999999999998	2.185663923352327e-9
0.0285	2.185758458760929e-9
0.0286	2.1853544597947137e-9
0.0287	2.1852583014707117e-9
0.0288	2.1849625968526504e-9
0.0289	2.18519110163943e-9
0.028999999999999998	2.1847466621479493e-9
0.0291	2.1846633331025187e-9
0.0292	2.1845700340259525e-9
0.0293	2.1845040783350195e-9
0.0294	2.184223186218882e-9
0.0295	2.1838733277553035e-9
0.0296	2.1839199092525255e-9
0.0297	2.183284833897345e-9
0.0298	2.1829025063885263e-9
0.0299	2.1826924399532727e-9
0.03	2.1824281454109613e-9
0.030100000000000002	2.1819869716637818e-9
0.0302	2.1818411328050657e-9
0.0303	2.1813294241895398e-9
0.030400000000000003	2.1808498351975673e-9
0.030500000000000003	2.1805979673767133e-9
0.030600000000000002	2.1798624752716584e-9
0.0307	2.179346969531613e-9
0.0308	2.179134191855152e-9
0.0309	2.1784906581947023e-9
0.031000000000000003	2.1782089067943877e-9
0.031100000000000003	2.177596706756503e-9
0.031200000000000002	2.177225410916796e-9
0.0313	2.1771510421344413e-9
0.031400000000000004	2.1768003972182407e-9
0.0315	2.1765387814535093e-9
0.0316	2.176126109633111e-9
0.0317	2.1761296344205994e-9
0.0318	2.1758120704016347e-9
0.031900000000000005	2.1756543663548395e-9
0.032	2.1755140887860486e-9
0.032100000000000004	2.1752614407504427e-9
0.0322	2.1749710463919866e-9
0.0323	2.1746978864644554e-9
0.0324	2.1742577424757377e-9
0.0325	2.1744100271341104e-9
0.032600000000000004	2.1738736724415502e-9
0.03270000000000001	2.173871390488901e-9
0.0328	2.1734047417509705e-9
0.032900000000000006	2.1732765743182757e-9
0.033	2.1731725100454193e-9
0.033100000000000004	2.1733356093304407e-9
0.03320000000000001	2.173165387489428e-9
0.0333	2.172906652447552e-9
0.033400000000000006	2.172889579748491e-9
0.0335	2.1725731322141927e-9
0.033600000000000005	2.17260673537004e-9
0.0337	2.1725884578401508e-9
0.033800000000000004	2.1724452306590275e-9
0.033900000000000007	2.1722669021274393e-9
0.034	2.17222826799036e-9
0.034100000000000005	2.172237168374823e-9
0.0342	2.1718987495091696e-9
0.034300000000000004	2.1717530309364087e-9
0.03440000000000001	2.1717351008964986e-9
0.0345	2.1719166269004254e-9
0.034600000000000006	2.1714526085686134e-9
0.0347	2.1712866500456037e-9
0.034800000000000005	2.1712909491977384e-9
0.0349	2.170875915486866e-9
0.035	2.170613310730451e-9
0.035100000000000006	2.170362169218404e-9
0.03520000000000001	2.169856206375099e-9
0.035300000000000005	2.169697830393813e-9
0.03540000000000001	2.1696822247938862e-9
0.035500000000000004	2.1691575304356135e-9
0.03560000000000001	2.168649853919887e-9
0.03570000000000001	2.1687268714561693e-9
0.035800000000000005	2.168241903536412e-9
0.03590000000000001	2.16776420854201e-9
0.036000000000000004	2.167472046463784e-9
0.03610000000000001	2.1667111393504295e-9
0.0362	2.1665516066959628e-9
0.036300000000000006	2.166173110942152e-9
0.03640000000000001	2.1657552736162665e-9
0.036500000000000005	2.165478204424222e-9
0.03660000000000001	2.1653754865603607e-9
0.0367	2.1650053630116097e-9
0.036800000000000006	2.1649238312223847e-9
0.03690000000000001	2.164652644308186e-9
0.037000000000000005	2.1641981724419207e-9
0.03710000000000001	2.1640403341256397e-9
0.037200000000000004	2.1641083659860935e-9
0.03730000000000001	2.163761140949017e-9
0.0374	2.1636353555432483e-9
0.037500000000000006	2.163420182865054e-9
0.0376	2.163095537746206e-9
0.037700000000000004	2.1632313567599907e-9
0.0378	2.162784670132862e-9
0.0379	2.1627344512745077e-9
0.038	2.162666180449626e-9
0.0381	2.1625065690478965e-9
0.038200000000000005	2.1621623661446554e-9
0.0383	2.1621217733019232e-9
0.038400000000000004	2.162033195122641e-9
0.0385	2.162026898777202e-9
0.0386	2.1619441345363334e-9
0.0387	2.1616134987536847e-9
0.0388	2.161854292872332e-9
0.038900000000000004	2.161570614004521e-9
0.039	2.161386098333743e-9
0.0391	2.1613168934133576e-9
0.0392	2.161442565764326e-9
0.0393	2.161284098583288e-9
0.039400000000000004	2.1610828820352317e-9
0.0395	2.160979951130793e-9
0.0396	2.1608917698525416e-9
0.0397	2.16085462212334e-9
0.0398	2.1606206505916928e-9
0.039900000000000005	2.160816980289679e-9
0.04	2.160694037659836e-9
0.040100000000000004	2.1602283823570734e-9
0.04020000000000001	2.160438715137351e-9
0.0403	2.1603969922722558e-9
0.040400000000000005	2.1603753193224636e-9
0.0405	2.1602351983873437e-9
0.040600000000000004	2.1601578974066654e-9
0.04070000000000001	2.1600464422226257e-9
0.0408	2.1596553467099108e-9
0.040900000000000006	2.159576930164483e-9
0.041	2.1594102602684834e-9
0.041100000000000005	2.1595020865262975e-9
0.0412	2.1594216120650915e-9
0.0413	2.1591852720216597e-9
0.041400000000000006	2.159011467511152e-9
0.0415	2.158869208640841e-9
0.041600000000000005	2.1584209119949456e-9
0.0417	2.158102379533921e-9
0.041800000000000004	2.158046413650005e-9
0.04190000000000001	2.1578260141091396e-9
0.042	2.157033073965034e-9
0.042100000000000005	2.1569853271575598e-9
0.0422	2.156813388355304e-9
0.042300000000000004	2.1562130273542467e-9
0.04240000000000001	2.156274590947351e-9
0.0425	2.1559844786972322e-9
0.042600000000000006	2.1553546373813823e-9
0.04270000000000001	2.1553779040529255e-9
0.042800000000000005	2.1547704488719243e-9
0.04290000000000001	2.1545693723293946e-9
0.043000000000000003	2.154187619034206e-9
0.043100000000000006	2.1538686283800053e-9
0.04320000000000001	2.153587054124505e-9
0.043300000000000005	2.153198884057771e-9
0.04340000000000001	2.1533103288801227e-9
0.043500000000000004	2.1526870137287404e-9
0.04360000000000001	2.1526965373179902e-9
0.0437	2.1527957817230988e-9
0.043800000000000006	2.1527266371595873e-9
0.04390000000000001	2.152083163606716e-9
0.044000000000000004	2.1523623351315308e-9
0.04410000000000001	2.152164930962254e-9
0.0442	2.1521355482049426e-9
0.044300000000000006	2.1519273309741867e-9
0.04440000000000001	2.1514577251882494e-9
0.044500000000000005	2.1515156429597218e-9
0.04460000000000001	2.151146395405714e-9
0.044700000000000004	2.1511649938667124e-9
0.044800000000000006	2.1512037213812334e-9
0.04490000000000001	2.1507087249551494e-9
0.045000000000000005	2.1506487787063575e-9
0.04510000000000001	2.1507347685708557e-9
0.04520000000000001	2.1506456727176305e-9
0.04530000000000001	2.1504503471732652e-9
0.04540000000000001	2.1499807066586036e-9
0.045500000000000006	2.1499102206282166e-9
0.04560000000000001	2.149856390289864e-9
0.04570000000000001	2.15002262751167e-9
0.04580000000000001	2.149731289355792e-9
0.04590000000000001	2.1499230798772675e-9
0.046000000000000006	2.1497905286692004e-9
0.04610000000000001	2.1494173912479756e-9
0.046200000000000005	2.1494916808619084e-9
0.04630000000000001	2.1495328101756134e-9
0.04640000000000001	2.1494161213739506e-9
0.04650000000000001	2.1495104742348704e-9
0.04660000000000001	2.1490548988150026e-9
0.046700000000000005	2.1492594164037946e-9
0.04680000000000001	2.149080645947249e-9
0.04690000000000001	2.1492663261944703e-9
0.04700000000000001	2.1491758987641448e-9
0.04710000000000001	2.1491344510232383e-9
0.047200000000000006	2.1492335934960715e-9
0.04730000000000001	2.148928849343396e-9
0.04740000000000001	2.1489699775933364e-9
0.04750000000000001	2.1487891123647683e-9
0.0476	2.148845300733927e-9
0.047700000000000006	2.1487378069294945e-9
0.0478	2.1486586117267318e-9
0.047900000000000005	2.1484110255639928e-9
0.048	2.1483520722847885e-9
0.048100000000000004	2.1481768206169e-9
0.04820000000000001	2.148169960057564e-9
0.0483	2.1476656819795074e-9
0.048400000000000006	2.1479469323943078e-9
0.0485	2.1477352858708887e-9
0.048600000000000004	2.147372949628094e-9
0.0487	2.147257990684911e-9
0.0488	2.146791785360486e-9
0.048900000000000006	2.147039615258067e-9
0.049	2.1465085114689438e-9
0.049100000000000005	2.146827289148317e-9
0.0492	2.1462949867417957e-9
0.049300000000000004	2.1463010509585276e-9
0.049400000000000006	2.1458788060704983e-9
0.0495	2.1457480172974097e-9
0.049600000000000005	2.1455286324890237e-9
0.0497	2.1451125213499665e-9
0.049800000000000004	2.1447348624505884e-9
0.0499	2.144804090646479e-9
0.05	2.144114986847452e-9
0.050100000000000006	2.144188216715715e-9
0.05020000000000001	2.1435283293883596e-9
0.050300000000000004	2.143490066613255e-9
0.05040000000000001	2.143345165179187e-9
0.0505	2.1428024537217557e-9
0.050600000000000006	2.142756479230976e-9
0.05070000000000001	2.14256865330974e-9
0.050800000000000005	2.142224379053453e-9
0.05090000000000001	2.142206667650342e-9
0.051000000000000004	2.1416655611598426e-9
0.051100000000000007	2.1414450622343234e-9
0.0512	2.1415684777546364e-9
0.051300000000000005	2.1411469313930602e-9
0.05140000000000001	2.141284456793626e-9
0.051500000000000004	2.141090559381099e-9
0.05160000000000001	2.140568303494276e-9
0.0517	2.140672106008209e-9
0.051800000000000006	2.1407369662377346e-9
0.05190000000000001	2.1403756049042404e-9
0.052000000000000005	2.140461401006055e-9
0.05210000000000001	2.1404067097446986e-9
0.0522	2.140305199536627e-9
0.052300000000000006	2.1401288942065566e-9
0.0524	2.1400373608775164e-9
0.052500000000000005	2.1397458636518605e-9
0.05260000000000001	2.1397664464717075e-9
0.05270000000000001	2.139448106385836e-9
0.05280000000000001	2.1391540239237297e-9
0.05290000000000001	2.1394534500059958e-9
0.053000000000000005	2.139364435389886e-9
0.05310000000000001	2.1388612168711325e-9
0.05320000000000001	2.138606434558294e-9
0.05330000000000001	2.1388572030713983e-9
0.05340000000000001	2.13877559268906e-9
0.053500000000000006	2.1387449668515273e-9
0.05360000000000001	2.1386730635023807e-9
0.053700000000000005	2.138611999110825e-9
0.05380000000000001	2.138467796094159e-9
0.05390000000000001	2.13842834573117e-9
0.054000000000000006	2.138210785963519e-9
0.05410000000000001	2.1383395692227983e-9
0.054200000000000005	2.1379948063901595e-9
0.05430000000000001	2.1381400867108243e-9
0.05440000000000001	2.138199932023604e-9
0.05450000000000001	2.137967932555667e-9
0.05460000000000001	2.1375930221181735e-9
0.054700000000000006	2.138067879889237e-9
0.05480000000000001	2.1379956237564155e-9
0.054900000000000004	2.1376507602989096e-9
0.05500000000000001	2.1376879437750813e-9
0.0551	2.137233565065761e-9
0.055200000000000006	2.1376286644792087e-9
0.0553	2.137547979663031e-9
0.055400000000000005	2.137561642076268e-9
0.0555	2.137277563200958e-9
0.055600000000000004	2.1372038768945476e-9
0.055700000000000006	2.137263898152585e-9
0.0558	2.136956384277429e-9
0.055900000000000005	2.137147913708611e-9
0.056	2.1370329712007306e-9
0.056100000000000004	2.1371305883448364e-9
0.0562	2.1370377281996264e-9
0.0563	2.1366517172355573e-9
0.056400000000000006	2.1365502123063966e-9
0.0565	2.136636406732299e-9
0.056600000000000004	2.136413392364729e-9
0.0567	2.1363691981608407e-9
0.0568	2.136337708223048e-9
0.056900000000000006	2.1360035150740642e-9
0.057	2.1360967606294627e-9
0.057100000000000005	2.1356781219937713e-9
0.0572	2.135789485346922e-9
0.057300000000000004	2.1356279048659555e-9
0.05740000000000001	2.13530391832637e-9
0.0575	2.135258612690335e-9
0.057600000000000005	2.134917967964876e-9
0.05770000000000001	2.134955093316393e-9
0.057800000000000004	2.1347212035974588e-9
0.05790000000000001	2.1343746151006736e-9
0.058	2.134415561776884e-9
0.058100000000000006	2.1342137104734583e-9
0.05820000000000001	2.1339033681282956e-9
0.058300000000000005	2.133717011294091e-9
0.05840000000000001	2.1334535932362407e-9
0.0585	2.1334993841646367e-9
0.058600000000000006	2.1331262031056294e-9
0.0587	2.1329118019098533e-9
0.058800000000000005	2.132542178446253e-9
0.05890000000000001	2.1322482812260427e-9
0.059000000000000004	2.1321892289514414e-9
0.05910000000000001	2.1319250776483083e-9
0.0592	2.1313222611738336e-9
0.059300000000000005	2.131502694713469e-9
0.05940000000000001	2.130948064460882e-9
0.059500000000000004	2.1306774655184223e-9
0.05960000000000001	2.1304701839965764e-9
0.0597	2.1305194717814957e-9
0.059800000000000006	2.1301906252582626e-9
0.05990000000000001	2.1299477834506626e-9
0.060000000000000005	2.129776152790815e-9
0.06010000000000001	2.1303720501452945e-9
0.06020000000000001	2.130266844705371e-9
0.060300000000000006	2.1300177462331193e-9
0.06040000000000001	2.1299074805993292e-9
0.060500000000000005	2.1297715449777256e-9
0.06060000000000001	2.129611754151076e-9
0.06070000000000001	2.1294713080924648e-9
0.06080000000000001	2.1294188867061007e-9
0.06090000000000001	2.129348361927523e-9
0.061000000000000006	2.129115591952978e-9
0.06110000000000001	2.1291271595432195e-9
0.061200000000000004	2.1289494539074585e-9
0.06130000000000001	2.1288950332088155e-9
0.06140000000000001	2.1287892116834615e-9
0.061500000000000006	2.128711256731902e-9
0.06160000000000001	2.1285025104316655e-9
0.061700000000000005	2.1283686963445534e-9
0.06180000000000001	2.128310910453543e-9
0.06190000000000001	2.1281721298147536e-9
0.062000000000000006	2.1280954386504814e-9
0.06210000000000001	2.127969306006798e-9
0.062200000000000005	2.1278856078910677e-9
0.06230000000000001	2.127809041928633e-9
0.06240000000000001	2.1276242154947396e-9
0.06250000000000001	2.1275342608541777e-9
0.0626	2.1274797076185287e-9
0.0627	2.1272856265341597e-9
0.06280000000000001	2.1272526053813158e-9
0.0629	2.1271383860937788e-9
0.063	2.127180457946659e-9
0.0631	2.12700352316317e-9
0.0632	2.1269729416871015e-9
0.06330000000000001	2.1268781069932324e-9
0.0634	2.1268552280911e-9
0.0635	2.1267481141432356e-9
0.0636	2.126752306966362e-9
0.0637	2.1266186460052254e-9
0.06380000000000001	2.1265279514536374e-9
0.0639	2.126463990586461e-9
0.064	2.1265694065294716e-9
0.0641	2.126419280331586e-9
0.06420000000000001	2.126370368293342e-9
0.0643	2.1263328242994067e-9
0.0644	2.1262543087857416e-9
0.0645	2.1261347391414655e-9
0.0646	2.1260537590690834e-9
0.06470000000000001	2.1259872804908414e-9
0.0648	2.1259298986663196e-9
0.0649	2.1258863156755954e-9
0.065	2.1258539431128012e-9
0.0651	2.125831065864163e-9
0.06520000000000001	2.125843069363968e-9
0.06530000000000001	2.1257547346512728e-9
0.0654	2.1256625034428645e-9
0.0655	2.1256434120554874e-9
0.0656	2.1254692782926643e-9
0.06570000000000001	2.125494161615203e-9
0.06580000000000001	2.1255265828555853e-9
0.0659	2.125431067709271e-9
0.066	2.1253436354250854e-9
0.0661	2.125206959398023e-9
0.06620000000000001	2.125235663817345e-9
0.06630000000000001	2.1251579445292453e-9
0.0664	2.1250822182015177e-9
0.0665	2.1250254892290185e-9
0.0666	2.124958557537622e-9
0.06670000000000001	2.1249143558875726e-9
0.0668	2.124846690551913e-9
0.0669	2.124608814251502e-9
0.067	2.124549162355945e-9
0.0671	2.124485407018953e-9
0.06720000000000001	2.12428254068252e-9
0.0673	2.12416155499244e-9
0.0674	2.124098073940325e-9
0.0675	2.1238902682595255e-9
0.06760000000000001	2.1239018247759906e-9
0.06770000000000001	2.123564275200371e-9
0.06780000000000001	2.1235991742343084e-9
0.0679	2.1234321210619025e-9
0.068	2.123396588175867e-9
0.06810000000000001	2.1230772329841045e-9
0.06820000000000001	2.1230521151704815e-9
0.06830000000000001	2.1228283329158187e-9
0.0684	2.1227513247286007e-9
0.0685	2.1225742748981118e-9
0.06860000000000001	2.122448630921059e-9
0.06870000000000001	2.122224997214012e-9
0.06880000000000001	2.121965279868935e-9
0.0689	2.1217576054006357e-9
0.069	2.1216588163568675e-9
0.06910000000000001	2.121424428512079e-9
0.06920000000000001	2.1211698998000067e-9
0.0693	2.1209354516600453e-9
0.0694	2.120804622230347e-9
0.0695	2.1204795044414015e-9
0.06960000000000001	2.1204248677722566e-9
0.06970000000000001	2.1201213356152997e-9
0.0698	2.119933319695527e-9
0.0699	2.119679551504461e-9
0.07	2.1194543657979494e-9
0.07010000000000001	2.1193649078424484e-9
0.07020000000000001	2.119224203275478e-9
0.07030000000000002	2.1189385714653717e-9
0.0704	2.118838368329372e-9
0.07050000000000001	2.118638887763763e-9
0.07060000000000001	2.1185125802942284e-9
0.07070000000000001	2.1183841177920283e-9
0.07080000000000002	2.118290216695802e-9
0.0709	2.118059209232795e-9
0.07100000000000001	2.117986233860761e-9
0.07110000000000001	2.1178345014146613e-9
0.07120000000000001	2.117629920815034e-9
0.07130000000000002	2.1175695778627766e-9
0.0714	2.1175254748080503e-9
0.07150000000000001	2.117447890052614e-9
0.07160000000000001	2.1172795816631225e-9
0.07170000000000001	2.1171981801178367e-9
0.0718	2.1171894842042186e-9
0.0719	2.1170407503677473e-9
0.07200000000000001	2.1170006163926317e-9
0.07210000000000001	2.1168382873237927e-9
0.07220000000000001	2.1168173165602155e-9
0.0723	2.1167208911840658e-9
0.0724	2.1166077198843506e-9
0.07250000000000001	2.1164876123890183e-9
0.07260000000000001	2.1163860834135985e-9
0.07270000000000001	2.1163824348227975e-9
0.07280000000000002	2.116277302156567e-9
0.0729	2.116101259425715e-9
0.07300000000000001	2.1159376743290243e-9
0.07310000000000001	2.115962595892603e-9
0.07320000000000002	2.1157947317423157e-9
0.07330000000000002	2.115571775734886e-9
0.0734	2.1155448176772606e-9
0.07350000000000001	2.1153476542491365e-9
0.07360000000000001	2.1154065156901223e-9
0.07370000000000002	2.115193015656821e-9
0.07380000000000002	2.1152144640151134e-9
0.07390000000000001	2.1150649429980367e-9
0.07400000000000001	2.1149628672044605e-9
0.07410000000000001	2.114907779567559e-9
0.07420000000000002	2.1148458530625526e-9
0.0743	2.114686721335339e-9
0.07440000000000001	2.1147257413730336e-9
0.07450000000000001	2.1146404263680386e-9
0.07460000000000001	2.114573689159197e-9
0.07470000000000002	2.1144395988959255e-9
0.0748	2.114376715309929e-9
0.07490000000000001	2.114321445179971e-9
0.07500000000000001	2.1143556059363886e-9
0.0751	2.1142531258275793e-9
0.0752	2.114144131211257e-9
0.0753	2.1141258881413786e-9
0.0754	2.1140883952358582e-9
0.0755	2.114117116601423e-9
0.0756	2.1139612559008964e-9
0.0757	2.1139395175482447e-9
0.0758	2.1139022299487732e-9
0.0759	2.113862997798373e-9
0.076	2.113749114597516e-9
0.0761	2.113674111538259e-9
0.0762	2.1135980076181453e-9
0.0763	2.1134972229667464e-9
0.0764	2.113489969892693e-9
0.0765	2.113412033408271e-9
0.0766	2.1133829092343057e-9
0.0767	2.113357232738341e-9
0.07680000000000001	2.113303702406887e-9
0.0769	2.1132777967623544e-9
0.077	2.1132117077703503e-9
0.0771	2.11313676687327e-9
0.0772	2.1130379570955757e-9
0.0773	2.1129714401650707e-9
0.0774	2.11291326671131e-9
0.0775	2.1128705445310984e-9
0.0776	2.112896256694392e-9
0.0777	2.112745310854469e-9
0.07780000000000001	2.112750643818331e-9
0.0779	2.1126820877102137e-9
0.078	2.1126786017377896e-9
0.0781	2.112501386603683e-9
0.0782	2.1125391630549805e-9
0.07830000000000001	2.112427513362714e-9
0.0784	2.1123312852148235e-9
0.0785	2.11224903549167e-9
0.0786	2.1122272227739956e-9
0.0787	2.112086221694023e-9
0.07880000000000001	2.112071084569066e-9
0.0789	2.1119392754391314e-9
0.079	2.11176278473356e-9
0.0791	2.111709577146459e-9
0.0792	2.11154212137176e-9
0.07930000000000001	2.111558769854602e-9
0.0794	2.1113619401055664e-9
0.0795	2.111226806962568e-9
0.0796	2.1111276184641192e-9
0.07970000000000001	2.1109510047329946e-9
0.0798	2.11095975237298e-9
0.0799	2.1108609200522342e-9
0.08	2.110685137237008e-9
0.0801	2.1105559978525074e-9
0.08020000000000001	2.1104761964858654e-9
0.08030000000000001	2.11039530081537e-9
0.0804	2.1102089505979544e-9
0.0805	2.109969906987929e-9
0.0806	2.1098703048283413e-9
0.08070000000000001	2.1097710049171513e-9
0.08080000000000001	2.1095724601324684e-9
0.0809	2.109495564973751e-9
0.081	2.109219271949182e-9
0.0811	2.1090876777223117e-9
0.08120000000000001	2.1088997524281928e-9
0.08130000000000001	2.1087877017450026e-9
0.0814	2.1085568396107673e-9
0.0815	2.1083566223754334e-9
0.0816	2.1082345941019285e-9
0.08170000000000001	2.1079317707824715e-9
0.08180000000000001	2.107810619397455e-9
0.0819	2.1076437180451327e-9
0.082	2.1075206560109647e-9
0.0821	2.107271645649834e-9
0.08220000000000001	2.1070596947687724e-9
0.0823	2.1069853514325004e-9
0.0824	2.1067800716166043e-9
0.0825	2.106613076852212e-9
0.0826	2.106427724110202e-9
0.08270000000000001	2.106349015225607e-9
0.08280000000000001	2.1061488828594312e-9
0.0829	2.106044548482737e-9
0.083	2.1058812259374576e-9
0.08310000000000001	2.1057770273769854e-9
0.08320000000000001	2.105667941725207e-9
0.08330000000000001	2.1054325719848165e-9
0.0834	2.105315262130743e-9
0.0835	2.1052086643456904e-9
0.08360000000000001	2.1052270215588386e-9
0.08370000000000001	2.104943322246481e-9
0.08380000000000001	2.1048639454682593e-9
0.0839	2.104826472273927e-9
0.084	2.1046806309036555e-9
0.08410000000000001	2.1046034222443282e-9
0.08420000000000001	2.1046237628282537e-9
0.08430000000000001	2.104415105785389e-9
0.0844	2.1044307161853543e-9
0.0845	2.1043505542258017e-9
0.08460000000000001	2.104279132523615e-9
0.08470000000000001	2.1040707578590455e-9
0.0848	2.1041391231236296e-9
0.0849	2.10397961063526e-9
0.085	2.1038366498663105e-9
0.08510000000000001	2.103765268198114e-9
0.08520000000000001	2.103640451352456e-9
0.08530000000000001	2.103588448479485e-9
0.0854	2.103468158671774e-9
0.0855	2.1034229703522147e-9
0.08560000000000001	2.103346355904143e-9
0.08570000000000001	2.103356530143468e-9
0.08580000000000002	2.1032468796121014e-9
0.0859	2.1030562258687117e-9
0.08600000000000001	2.1030969419104207e-9
0.08610000000000001	2.103038016101412e-9
0.08620000000000001	2.102908382488557e-9
0.08630000000000002	2.1028860844466337e-9
0.0864	2.10268818079885e-9
0.08650000000000001	2.102678991229557e-9
0.08660000000000001	2.1025964990235785e-9
0.08670000000000001	2.1024602304692655e-9
0.08680000000000002	2.102419995258257e-9
0.0869	2.102381166114126e-9
0.08700000000000001	2.1022502923780046e-9
0.08710000000000001	2.102155899572084e-9
0.08720000000000001	2.1020916150610103e-9
0.0873	2.1020050344549357e-9
0.0874	2.1019397176883684e-9
0.08750000000000001	2.101952136879523e-9
0.08760000000000001	2.1019556179211843e-9
0.08770000000000001	2.101845509144978e-9
0.08780000000000002	2.101807804183191e-9
0.0879	2.1017623525886157e-9
0.08800000000000001	2.101683933695372e-9
0.08810000000000001	2.101654130952971e-9
0.08820000000000001	2.1016895987481203e-9
0.08830000000000002	2.101648634286519e-9
0.0884	2.1015703782909e-9
0.08850000000000001	2.101555517601589e-9
0.08860000000000001	2.1014458357583275e-9
0.08870000000000001	2.1013746010859984e-9
0.08880000000000002	2.1013962100495598e-9
0.0889	2.1013751438906195e-9
0.08900000000000001	2.101260015876092e-9
0.08910000000000001	2.101295176146449e-9
0.08920000000000002	2.1011907136575287e-9
0.08930000000000002	2.1011274750927983e-9
0.08940000000000001	2.1010480550913948e-9
0.08950000000000001	2.1009789209532343e-9
0.08960000000000001	2.100999707782531e-9
0.08970000000000002	2.1009394487473096e-9
0.0898	2.1008473651643033e-9
0.08990000000000001	2.1008203933256946e-9
0.09000000000000001	2.1006885562608627e-9
0.09010000000000001	2.1007686265282707e-9
0.09020000000000002	2.1006610255056005e-9
0.09030000000000002	2.1006333722483327e-9
0.09040000000000001	2.1006596696869134e-9
0.09050000000000001	2.1005890781508805e-9
0.09060000000000001	2.1005253382964628e-9
0.09070000000000002	2.100556771522604e-9
0.09080000000000002	2.1005205929878492e-9
0.09090000000000001	2.100422209193448e-9
0.09100000000000001	2.1003842177144238e-9
0.09110000000000001	2.1003426238317156e-9
0.09120000000000002	2.100316732622449e-9
0.09130000000000002	2.1001551365511566e-9
0.09140000000000001	2.1001667086851458e-9
0.09150000000000001	2.1001698224060494e-9
0.09160000000000001	2.1001037731108624e-9
0.09170000000000002	2.10001240687673e-9
0.09180000000000002	2.0999793850397143e-9
0.09190000000000001	2.100054046856279e-9
0.09200000000000001	2.099909433460382e-9
0.09210000000000002	2.0998383836114138e-9
0.09220000000000002	2.099835581108774e-9
0.09230000000000001	2.099739339606068e-9
0.09240000000000001	2.099680286811191e-9
0.09250000000000001	2.0996734914751514e-9
0.0926	2.099532663278675e-9
0.0927	2.099546729194827e-9
0.09280000000000001	2.0994012127618574e-9
0.0929	2.09929412054042e-9
0.093	2.0992526762528496e-9
0.0931	2.099172098576151e-9
0.0932	2.099130468364957e-9
0.09330000000000001	2.0989568034545236e-9
0.0934	2.098892840935788e-9
0.0935	2.098770472759634e-9
0.0936	2.098702382846704e-9
0.0937	2.098546007118951e-9
0.09380000000000001	2.098471991708593e-9
0.0939	2.0983886510844117e-9
0.094	2.0983053931985307e-9
0.0941	2.098201615572736e-9
0.0942	2.0981580806618916e-9
0.0943	2.097997153491506e-9
0.0944	2.0978867420577764e-9
0.0945	2.097857320220815e-9
0.0946	2.097794863538728e-9
0.0947	2.097586142436416e-9
0.0948	2.097483415849985e-9
0.0949	2.097413208723418e-9
0.095	2.0972978396090505e-9
0.0951	2.0970911377713525e-9
0.0952	2.0969993493355513e-9
0.09530000000000001	2.0969244542865273e-9
0.0954	2.0967073049190643e-9
0.0955	2.0965385585223015e-9
0.0956	2.0963330254906083e-9
0.09570000000000001	2.0962509947133874e-9
0.09580000000000001	2.0960962697293316e-9
0.0959	2.0959026634950714e-9
0.096	2.0958324431227544e-9
0.0961	2.0956292737929e-9
0.09620000000000001	2.09554475302209e-9
0.09630000000000001	2.095356235980942e-9
0.0964	2.095274595615897e-9
0.0965	2.0950364779087227e-9
0.0966	2.0949052973864553e-9
0.09670000000000001	2.094749343726975e-9
0.0968	2.0946038428151085e-9
0.0969	2.0944717972137938e-9
0.097	2.0943677303011414e-9
0.0971	2.094232171538119e-9
0.09720000000000001	2.0940419826643497e-9
0.0973	2.0939955713385974e-9
0.0974	2.093797077162444e-9
0.0975	2.093748177948271e-9
0.0976	2.0935277061852108e-9
0.09770000000000001	2.0935523245096366e-9
0.09780000000000001	2.093351208467991e-9
0.0979	2.0932194069989945e-9
0.098	2.0931512606232824e-9
0.0981	2.0930226606942938e-9
0.09820000000000001	2.0929264341183554e-9
0.09830000000000001	2.092736538685521e-9
0.0984	2.092703379293064e-9
0.0985	2.0926225304114045e-9
0.09860000000000001	2.0925059838013136e-9
0.09870000000000001	2.092367272134226e-9
0.09880000000000001	2.0923377327832413e-9
0.0989	2.092256233529996e-9
0.099	2.0922330939661344e-9
0.09910000000000001	2.0921038310360856e-9
0.09920000000000001	2.092050648630665e-9
0.0993	2.092023668712669e-9
0.0994	2.0918069055506345e-9
0.0995	2.09179808792176e-9
0.09960000000000001	2.0917510505935938e-9
0.09970000000000001	2.0916678504429922e-9
0.0998	2.0915516198154925e-9
0.0999	2.0914573494420966e-9
0.1	2.091446630318381e-9
0.11	2.086186566190158e-9
0.12	2.0770424989404868e-9
0.13	2.072813825604827e-9
0.14	2.0649439416978377e-9
0.15	2.061770021000315e-9
0.16	2.05500368160296e-9
0.16999999999999998	2.05093713457364e-9
0.18	2.048075596059313e-9
0.19	2.041994798371569e-9
0.2	2.038624246040609e-9
0.21000000000000002	2.0363982015526155e-9
0.22000000000000003	2.0309665378523823e-9
0.23	2.027282058569711e-9
0.24000000000000002	2.0251406518444685e-9
0.25	2.0230982859302265e-9
0.26	2.0185395755984666e-9
0.27	2.015508918460383e-9
0.28	2.0136021377277917e-9
0.29000000000000004	2.012000515029095e-9
0.30000000000000004	2.0088046796414156e-9
0.31	2.004837721377773e-9
0.32	2.002670489899687e-9
0.33	2.0011549901362705e-9
0.33999999999999997	1.99960951264971e-9
0.35	1.9972352685041955e-9
0.36	1.9937182847789804e-9
0.37	1.991474732398939e-9
0.38	1.9896243658802247e-9
0.39	1.988499960148303e-9
0.4	1.9876773376303518e-9
0.41	1.986074746059281e-9
0.42	1.983111183826494e-9
0.43	1.980460154606042e-9
0.43999999999999995	1.9789075282135005e-9
0.44999999999999996	1.977505381983502e-9
0.45999999999999996	1.9766188197821035e-9
0.47	1.9756382762148325e-9
0.48	1.974219173095434e-9
0.49	1.972112951011143e-9
0.5	1.969384481668846e-9
0.51	1.9676537120621175e-9
0.52	1.966437303822958e-9
0.53	1.965261717556822e-9
0.54	1.9646357865837036e-9
0.55	1.963995011558359e-9
0.56	1.9630989757819037e-9
0.5700000000000001	1.9616585370931903e-9
0.5800000000000001	1.9595692471567973e-9
0.59	1.9574473126011053e-9
0.6	1.9562226773361807e-9
0.61	1.9550893378974906e-9
0.62	1.9539898343816217e-9
0.63	1.953463738929548e-9
0.64	1.952922945236755e-9
0.65	1.952394387009822e-9
0.66	1.9517589532678717e-9
0.6699999999999999	1.9503067490128545e-9
0.6799999999999999	1.9487963014976885e-9
0.69	1.9467881254592783e-9
0.7	1.9452360198951626e-9
0.71	1.944083088771474e-9
0.72	1.943165829874761e-9
0.73	1.9422459155921406e-9
0.74	1.9413723694147663e-9
0.75	1.9405922073579966e-9
0.76	1.939609183766107e-9
0.77	1.938894798425624e-9
0.78	1.9378371543683536e-9
0.7899999999999999	1.936563327555752e-9
0.7999999999999999	1.935180642424979e-9
0.81	1.933476495973667e-9
0.8200000000000001	1.932148402142258e-9
0.8300000000000001	1.931316513230349e-9
0.8400000000000001	1.9307055201332312e-9
0.8500000000000001	1.929992257515117e-9
0.8600000000000001	1.9293462728053478e-9
0.8700000000000001	1.9287150817587195e-9
0.8800000000000001	1.9282676459207262e-9
0.89	1.9275886261363513e-9
0.9	1.9270191099149098e-9
0.91	1.926190300554443e-9
0.92	1.9252390804513634e-9
0.93	1.924207434719535e-9
0.9400000000000001	1.9230786778785756e-9
0.9500000000000001	1.9216533292351983e-9
0.9600000000000001	1.9205317732451007e-9
0.97	1.919676830589263e-9
0.98	1.9191556906652094e-9
0.99	1.918818006045623e-9
1.	1.9185001352631777e-9
1.01	1.9180259290392894e-9
1.02	1.917677280432289e-9
1.03	1.9173465418663e-9
1.04	1.9168833911203898e-9
1.05	1.9162489714070764e-9
1.06	1.915708001573954e-9
1.07	1.9151037040865192e-9
1.08	1.9143137820825654e-9
1.09	1.9133185009421617e-9
1.1	1.9124707785731406e-9
1.11	1.911427819157777e-9
1.12	1.910282732060118e-9
1.1300000000000001	1.909498637980336e-9
1.1400000000000001	1.9088618278884503e-9
1.1500000000000001	1.9084349089079482e-9
1.1600000000000001	1.9081980534310797e-9
1.1700000000000002	1.9080321980773353e-9
1.1800000000000002	1.9077619743143697e-9
1.1900000000000002	1.907165094876444e-9
1.2000000000000002	1.9066843919742954e-9
1.2100000000000002	1.906170033196947e-9
1.2200000000000002	1.9053909864789327e-9
1.2300000000000002	1.9046330580622358e-9
1.2400000000000002	1.9038655643055115e-9
1.2500000000000002	1.903050228744835e-9
1.2600000000000002	1.9024429967243193e-9
1.2700000000000002	1.9015879288387343e-9
1.2800000000000002	1.9007631721164593e-9
1.2900000000000003	1.9000643526636083e-9
1.3000000000000003	1.8994539459618115e-9
1.31	1.898693246975555e-9
1.32	1.897964155156415e-9
1.33	1.8974930195358305e-9
1.34	1.8972569114214754e-9
1.35	1.8970157604338486e-9
1.36	1.896910876208966e-9
1.37	1.896703781867487e-9
1.3800000000000001	1.896556603873928e-9
1.3900000000000001	1.896309665786652e-9
1.4000000000000001	1.8958699736209786e-9
1.4100000000000001	1.8953542589970568e-9
1.4200000000000002	1.8949379324842986e-9
1.4300000000000002	1.8944292217634563e-9
1.4400000000000002	1.894057773536268e-9
1.4500000000000002	1.8932266458624383e-9
1.4600000000000002	1.8925118831478034e-9
1.4700000000000002	1.8917603971463057e-9
1.4800000000000002	1.891093604117468e-9
1.4900000000000002	1.8903551320254503e-9
1.5000000000000002	1.88977534811747e-9
1.5100000000000002	1.8889655477100503e-9
1.5200000000000002	1.8883537845075622e-9
1.5300000000000002	1.887900963874112e-9
1.5400000000000003	1.887371496129711e-9
1.5500000000000003	1.8867090795308588e-9
1.5600000000000003	1.8861119470648836e-9
1.5700000000000003	1.8858707413710633e-9
1.5800000000000003	1.885732179853043e-9
1.5900000000000003	1.885228230051725e-9
1.6000000000000003	1.8851324346191134e-9
1.61	1.885130110863405e-9
1.62	1.884765634217761e-9
1.6300000000000001	1.884496178011048e-9
1.6400000000000001	1.884070790574804e-9
1.6500000000000001	1.883484971933942e-9
1.6600000000000001	1.8829764759064863e-9
1.6700000000000002	1.8825211292999208e-9
1.6800000000000002	1.882123847286926e-9
1.6900000000000002	1.8814527789212633e-9
1.7000000000000002	1.8808503380069857e-9
1.7100000000000002	1.880246534619386e-9
1.7200000000000002	1.8795381712531557e-9
1.7300000000000002	1.879007559361314e-9
1.7400000000000002	1.8784709765190245e-9
1.7500000000000002	1.8778257794038424e-9
1.7600000000000002	1.8774114390771314e-9
1.7700000000000002	1.8768552404098063e-9
1.7800000000000002	1.8764411179037947e-9
1.7900000000000003	1.8760080986344313e-9
1.8000000000000003	1.875782104895941e-9
1.81	1.875361581308022e-9
1.82	1.8749758145827583e-9
1.83	1.8747015604409543e-9
1.84	1.874386026926638e-9
1.85	1.8744764023576236e-9
1.86	1.8743790503436245e-9
1.87	1.874317527934891e-9
1.8800000000000001	1.8741784682180104e-9
1.8900000000000001	1.874026345448769e-9
1.9000000000000001	1.8736284994989434e-9
1.9100000000000001	1.873302900762381e-9
1.9200000000000002	1.8728174856445536e-9
1.9300000000000002	1.8723046781157235e-9
1.9400000000000002	1.8716255577311955e-9
1.9500000000000002	1.8711599781970592e-9
1.9600000000000002	1.8705458199121943e-9
1.9700000000000002	1.870176497376083e-9
1.9800000000000002	1.869545862051206e-9
1.9900000000000002	1.869079240756105e-9
2.	1.868365136947608e-9
2.0100000000000002	1.867877615459865e-9
2.02	1.8674843127908245e-9
2.0300000000000002	1.866904093285192e-9
2.04	1.86636149237191e-9
2.0500000000000003	1.8659126968118042e-9
2.06	1.8656058509528067e-9
2.0700000000000003	1.8654722097721786e-9
2.08	1.8648172705888027e-9
2.0900000000000003	1.864649861423872e-9
2.1	1.8642382096577845e-9
2.11	1.863913051513976e-9
2.1199999999999997	1.8638023479408816e-9
2.13	1.863598923875771e-9
2.1399999999999997	1.863283479358936e-9
2.15	1.8631310433921205e-9
2.1599999999999997	1.8629531950021283e-9
2.17	1.8628012638834745e-9
2.1799999999999997	1.862640426589289e-9
2.19	1.8626545011841837e-9
2.1999999999999997	1.8624895985351586e-9
2.21	1.8621891567713765e-9
2.2199999999999998	1.8620090838675393e-9
2.23	1.861753809643944e-9
2.2399999999999998	1.8614714415977957e-9
2.25	1.8610921780023253e-9
2.26	1.8606187943294717e-9
2.27	1.8602474326503202e-9
2.28	1.859820898486431e-9
2.29	1.8594681880201775e-9
2.3	1.8589647734052626e-9
2.31	1.8586166863978175e-9
2.32	1.8582135239787238e-9
2.33	1.8578875487074409e-9
2.34	1.8574323509705269e-9
2.35	1.8570706143751803e-9
2.36	1.8566516216542338e-9
2.37	1.8561652738103848e-9
2.38	1.8556915101798877e-9
2.39	1.8552623574822128e-9
2.4	1.8546921575179104e-9
2.41	1.8542498485444759e-9
2.42	1.854049645932791e-9
2.43	1.8537048075615444e-9
2.44	1.8533540939082181e-9
2.45	1.8530865965660877e-9
2.46	1.8528004040576724e-9
2.47	1.8522510786490082e-9
2.48	1.8521357185088228e-9
2.49	1.8520555648408326e-9
2.5	1.8519755979878806e-9