0.0001   3.0342917887346843e-9
0.0002   2.9185840018161057e-9
0.0003   2.8545476452962514e-9
0.0004   2.811678369760076e-9
0.0005   2.7815706587582294e-9
0.0006   2.7562645629893797e-9
0.0007   2.7329063002875064e-9
0.0008   2.71479889736958e-9
0.0009   2.7001926689765316e-9
0.001   2.6843695986837354e-9
0.0011   2.6700454465647265e-9
0.0012   2.660339308086539e-9
0.0013   2.6476664596634663e-9
0.0014   2.6385400822921127e-9
0.0015   2.628423834769766e-9
0.0016   2.621180425341583e-9
0.0017   2.611083901406044e-9
0.0018   2.605266137845503e-9
0.0019   2.5977275745977933e-9
0.002   2.592169761654839e-9
0.0021   2.586712560154307e-9
0.0022   2.5785603483755835e-9
0.0023   2.574142003935319e-9
0.0024   2.5703045118828998e-9
0.0025   2.5640059917222693e-9
0.0026   2.5572853264729466e-9
0.0027   2.5542738040666636e-9
0.0028   2.5510816233317156e-9
0.0029   2.54563560049718e-9
0.003   2.5396647584899967e-9
0.0031   2.5357053486214426e-9
0.0032   2.532831203991917e-9
0.0033   2.5303363596293446e-9
0.0034   2.5257111092072497e-9
0.0035   2.5205156793612103e-9
0.0036   2.51578697802497e-9
0.0037   2.512639222816879e-9
0.0038   2.5108913006056217e-9
0.0039   2.507792803777059e-9
0.004   2.5039673123922285e-9
0.0041   2.4996598882919983e-9
0.0042   2.4953826357025902e-9
0.0043   2.492608297650216e-9
0.0044   2.4905376486563485e-9
0.0045   2.4885124007244705e-9
0.0046   2.4863964333701795e-9
0.0047   2.483380382608639e-9
0.0048   2.479286962736052e-9
0.0049   2.47557478630504e-9
0.005   2.47304541834177e-9
0.0051   2.4706331188501313e-9
0.0052   2.468640182646568e-9
0.0053   2.466862175737316e-9
0.0054   2.4651966813118905e-9
0.0055   2.462722400977734e-9
0.0056   2.4593059652059105e-9
0.0057   2.455918593844683e-9
0.0058   2.453211532897568e-9
0.0059   2.4508264858853644e-9
0.006   2.449070734145237e-9
0.0061   2.447423277569329e-9
0.0062   2.4459064904841465e-9
0.0063   2.444644748613886e-9
0.0064   2.443008721359337e-9
0.0065   2.440695765185052e-9
0.0066   2.437771515377334e-9
0.0067   2.434925219297298e-9
0.0068   2.432218347178705e-9
0.0069   2.4304438995621346e-9
0.007   2.428752518942969e-9
0.0071   2.427075868439754e-9
0.0072   2.4257625567702757e-9
0.0073   2.4247585351399875e-9
0.0074   2.42358920147473e-9
0.0075   2.4221661065735697e-9
0.0076   2.4205711525679777e-9
0.0077   2.418602639354456e-9
0.0078   2.4158722502536894e-9
0.0079   2.413295800577961e-9
0.008   2.411422822766144e-9
0.0081   2.409747062086183e-9
0.0082   2.408184130932237e-9
0.0083   2.4068064782410467e-9
0.0084   2.405546960993769e-9
0.0085   2.404522233108716e-9
0.0086   2.4036235149450687e-9
0.0087   2.4025584326287877e-9
0.0088   2.4014796572751116e-9
0.0089   2.400258264007691e-9
0.009   2.398720908618728e-9
0.0091   2.3968137850055292e-9
0.0092   2.3946354277704513e-9
0.0093   2.3924261669059014e-9
0.0094   2.3905587073217136e-9
0.0095   2.38924720354411e-9
0.0096   2.3880226441096008e-9
0.0097   2.3867452737383043e-9
0.0098   2.385495913819079e-9
0.0099   2.3845445588499966e-9
0.01   2.3837253463645476e-9
0.0101   2.3827669370056976e-9
0.0102   2.381962470400393e-9
0.0103   2.3812386851627033e-9
0.0104   2.380192619552507e-9
0.0105   2.379076423175116e-9
0.0106   2.3777449808131938e-9
0.0107   2.3761387218617103e-9
0.0108   2.3743688467936192e-9
0.0109   2.3725060019180135e-9
0.011   2.3707841846652395e-9
0.0111   2.3694114456883753e-9
0.0112   2.368368811264288e-9
0.0113   2.3671400566357646e-9
0.0114   2.3661967447444556e-9
0.0115   2.365053972673105e-9
0.0116   2.3641179025330682e-9
0.0117   2.3633653645254045e-9
0.0118   2.3626326899293368e-9
0.0119   2.3619518147467835e-9
0.012   2.3611526524894343e-9
0.0121   2.3604895206264527e-9
0.0122   2.3597451657606266e-9
0.0123   2.3588180389411074e-9
0.0124   2.357782486928893e-9
0.0125   2.356603629216653e-9
0.0126   2.3554223461022096e-9
0.0127   2.3538394651356793e-9
0.0128   2.352169326380894e-9
0.0129   2.3507242526739304e-9
0.013   2.3493707542161854e-9
0.0131   2.3482580049994255e-9
0.0132   2.347351051576732e-9
0.0133   2.34647879739259e-9
0.0134   2.3455813339648967e-9
0.0135   2.3446112024823767e-9
0.0136   2.3437486577912124e-9
0.0137   2.3430218258396224e-9
0.0138   2.342405297895237e-9
0.0139   2.3418214783555456e-9
0.014   2.3411147376952312e-9
0.0141   2.3406108490993592e-9
0.0142   2.340012930590965e-9
0.0143   2.3394124367317184e-9
0.0144   2.3387550008757257e-9
0.0145   2.3379890213600924e-9
0.0146   2.3370710122519213e-9
0.0147   2.33616129957718e-9
0.0148   2.3351568596446226e-9
0.0149   2.3339435645672757e-9
0.015   2.332588720598742e-9
0.0151   2.3312103908257117e-9
0.0152   2.3299245538852677e-9
0.0153   2.3288457248114712e-9
0.0154   2.3277862059990723e-9
0.0155   2.3269719339684135e-9
0.0156   2.3262105237755106e-9
0.0157   2.3254593190238642e-9
0.0158   2.3246926280018796e-9
0.0159   2.3238612280256363e-9
0.016   2.3231816236687586e-9
0.0161   2.3225922689240828e-9
0.0162   2.321986931634795e-9
0.0163   2.3214431345307787e-9
0.0164   2.320929187129387e-9
0.0165   2.3205546871916964e-9
0.0166   2.31997844129266e-9
0.0167   2.319420959007369e-9
0.0168   2.3190064625629474e-9
0.0169   2.3183846587729587e-9
0.017   2.3178438444188126e-9
0.0171   2.317226347688449e-9
0.0172   2.3163113521839494e-9
0.0173   2.3155496563402553e-9
0.0174   2.3147491885109856e-9
0.0175   2.3137622552458127e-9
0.0176   2.312583286983064e-9
0.0177   2.311499266538085e-9
0.0178   2.310262288755143e-9
0.0179   2.309372965707136e-9
0.018   2.308322472305155e-9
0.0181   2.3074793793176613e-9
0.0182   2.30676128679548e-9
0.0183   2.306118726745624e-9
0.0184   2.3054476229577285e-9
0.0185   2.304797133949063e-9
0.0186   2.3041221248300574e-9
0.0187   2.303501820525538e-9
0.0188   2.3028373972061465e-9
0.0189   2.302245711083715e-9
0.019   2.301761919347035e-9
0.0191   2.30130983505365e-9
0.0192   2.30080288178245e-9
0.0193   2.300441297046269e-9
0.0194   2.2998759655179543e-9
0.0195   2.299406019178623e-9
0.0196   2.2990111763697435e-9
0.0197   2.2986244497292512e-9
0.0198   2.298167676518503e-9
0.0199   2.2977235085208914e-9
0.02   2.297284151054744e-9
0.0201   2.29669545249042e-9
0.0202   2.295986538237159e-9
0.0203   2.2954547973540294e-9
0.0204   2.294699802970265e-9
0.0205   2.2940295478647863e-9
0.0206   2.293256233164887e-9
0.0207   2.292278391674464e-9
0.0208   2.291294158316411e-9
0.0209   2.2902748916203127e-9
0.021   2.2894350079402675e-9
0.0211   2.2884830828638726e-9
0.0212   2.2877460052995295e-9
0.0213   2.2871423210686404e-9
0.0214   2.2864106286714796e-9
0.0215   2.2859372445551647e-9
0.0216   2.2852288779326217e-9
0.0217   2.284848385495799e-9
0.0218   2.2842495434707347e-9
0.0219   2.283737405483965e-9
0.022   2.283091622393898e-9
0.0221   2.2826700603040834e-9
0.0222   2.2820808650712997e-9
0.0223   2.281677787602323e-9
0.0224   2.281199692858462e-9
0.0225   2.2808674733709255e-9
0.0226   2.280421963055746e-9
0.0227   2.280091807719469e-9
0.0228   2.2797956026776595e-9
0.0229   2.279564736911527e-9
0.023   2.279073280393968e-9
0.0231   2.2786929500520783e-9
0.0232   2.2784051106427273e-9
0.0233   2.278008691597252e-9
0.0234   2.2776741578859005e-9
0.0235   2.277327844508125e-9
0.0236   2.2769449562410026e-9
0.0237   2.2764908778717256e-9
0.0238   2.27594472682283e-9
0.0239   2.275276695311136e-9
0.024   2.274786576292783e-9
0.0241   2.27414605764145e-9
0.0242   2.273643986367586e-9
0.0243   2.2729117383828045e-9
0.0244   2.2722115224570483e-9
0.0245   2.2713685472127634e-9
0.0246   2.270587734310363e-9
0.0247   2.2695984183468763e-9
0.0248   2.268999518190673e-9
0.0249   2.2683778493631687e-9
0.025   2.2677027832554635e-9
0.0251   2.2670164124701555e-9
0.0252   2.266518052758268e-9
0.0253   2.265960034474061e-9
0.0254   2.2654779668086427e-9
0.0255   2.265132656260914e-9
0.0256   2.2646422630815823e-9
0.0257   2.2640887828950463e-9
0.0258   2.2636477342086637e-9
0.0259   2.2632166222912305e-9
0.026   2.2628056699898053e-9
0.0261   2.262471514066927e-9
0.0262   2.262062427183098e-9
0.0263   2.2616747309233047e-9
0.0264   2.2611740160106982e-9
0.0265   2.260837174818431e-9
0.0266   2.260604344167332e-9
0.0267   2.2603213822789155e-9
0.0268   2.2600422969949557e-9
0.0269   2.2598794954647024e-9
0.027   2.2595063420340694e-9
0.0271   2.2590707817145187e-9
0.0272   2.2588914797528713e-9
0.0273   2.258415663346448e-9
0.0274   2.2581561868271694e-9
0.0275   2.257806521624928e-9
0.0276   2.257714094965871e-9
0.0277   2.2571824215749584e-9
0.0278   2.2570262199517077e-9
0.0279   2.2566195883548147e-9
0.028   2.2562055492421188e-9
0.0281   2.2554591611283723e-9
0.0282   2.2552056727682013e-9
0.0283   2.25471816901205e-9
0.0284   2.2540629299071924e-9
0.0285   2.253548016205738e-9
0.0286   2.2532504387102113e-9
0.0287   2.252319149068687e-9
0.0288   2.2515889864638835e-9
0.0289   2.251170726828496e-9
0.029   2.2501888174885996e-9
0.0291   2.2500203885463946e-9
0.0292   2.2489451188475033e-9
0.0293   2.2484039079593666e-9
0.0294   2.247780753263884e-9
0.0295   2.2472163849901296e-9
0.0296   2.2468839982344517e-9
0.0297   2.2465257498685837e-9
0.0298   2.246171835959982e-9
0.0299   2.245765546452667e-9
0.03   2.245190737085468e-9
0.0301   2.245060573200196e-9
0.0302   2.244683199353899e-9
0.0303   2.2442485461489134e-9
0.0304   2.243979978425995e-9
0.0305   2.243293847406057e-9
0.0306   2.2432336836733277e-9
0.0307   2.242567954603203e-9
0.0308   2.24237325201244e-9
0.0309   2.242330471076496e-9
0.031   2.2418253293598056e-9
0.0311   2.241511201766729e-9
0.0312   2.241626440001282e-9
0.0313   2.241086919605043e-9
0.0314   2.2408780004854487e-9
0.0315   2.2405924067473316e-9
0.0316   2.240764977322449e-9
0.0317   2.2403467704296917e-9
0.0318   2.2401687757206908e-9
0.0319   2.2398989588064177e-9
0.032   2.2398552642483973e-9
0.0321   2.239129942688441e-9
0.0322   2.239028902561095e-9
0.0323   2.23914442100831e-9
0.0324   2.2385852640077023e-9
0.0325   2.238570108546233e-9
0.0326   2.2379852061207934e-9
0.0327   2.237979022615003e-9
0.0328   2.2374575265203674e-9
0.0329   2.2376150078751354e-9
0.033   2.236928367068804e-9
0.0331   2.236621677928821e-9
0.0332   2.2362217707808827e-9
0.0333   2.2356423228987833e-9
0.0334   2.2351993084295624e-9
0.0335   2.2350752545300247e-9
0.0336   2.2343498646115303e-9
0.0337   2.234373403861712e-9
0.0338   2.233863548489334e-9
0.0339   2.2333196997753127e-9
0.034   2.232493513777381e-9
0.0341   2.2319700046554003e-9
0.0342   2.23163241048152e-9
0.0343   2.2308336426731693e-9
0.0344   2.230505545045693e-9
0.0345   2.230056000839329e-9
0.0346   2.2292086569408146e-9
0.0347   2.2292432067081583e-9
0.0348   2.2290964902116478e-9
0.0349   2.228122264711951e-9
0.035   2.2281027146056532e-9
0.0351   2.2275361058912613e-9
0.0352   2.2272796983285886e-9
0.0353   2.22709185754753e-9
0.0354   2.2266027031172535e-9
0.0355   2.22650649194381e-9
0.0356   2.2260463976465614e-9
0.0357   2.2257916037988536e-9
0.0358   2.225729917227496e-9
0.0359   2.225467581508072e-9
0.036   2.225053237328242e-9
0.0361   2.2244349282799997e-9
0.0362   2.2242065486788617e-9
0.0363   2.2238972572016285e-9
0.0364   2.2235250959554323e-9
0.0365   2.2236775809082037e-9
0.0366   2.223052988651419e-9
0.0367   2.223272403596295e-9
0.0368   2.2224322165882234e-9
0.0369   2.222370077505018e-9
0.037   2.2223952506680445e-9
0.0371   2.2221727430091406e-9
0.0372   2.222415733011597e-9
0.0373   2.2217937373476612e-9
0.0374   2.221341702907032e-9
0.0375   2.221270305153827e-9
0.0376   2.2212981343667484e-9
0.0377   2.221282833391239e-9
0.0378   2.2206894219785747e-9
0.0379   2.220683062609822e-9
0.038   2.220208711600019e-9
0.0381   2.2205592042171725e-9
0.0382   2.2198380519352054e-9
0.0383   2.219556796981382e-9
0.0384   2.219604728360797e-9
0.0385   2.2190667735244393e-9
0.0386   2.219160045597936e-9
0.0387   2.2184162528151495e-9
0.0388   2.21863688018886e-9
0.0389   2.218288181857085e-9
0.039   2.2179722122535494e-9
0.0391   2.2177428683797926e-9
0.0392   2.21738442510248e-9
0.0393   2.2172391751416297e-9
0.0394   2.216851289141804e-9
0.0395   2.21637742394557e-9
0.0396   2.215851805799785e-9
0.0397   2.2153483867967008e-9
0.0398   2.2150249940628127e-9
0.0399   2.2143480711655556e-9
0.04   2.213713262083561e-9
0.0401   2.2133416095779874e-9
0.0402   2.2129162221803947e-9
0.0403   2.2125876239395414e-9
0.0404   2.2118923313486172e-9
0.0405   2.2116393977253905e-9
0.0406   2.2110023984437385e-9
0.0407   2.211164977642503e-9
0.0408   2.2105740099522494e-9
0.0409   2.2102715481363337e-9
0.041   2.2096078292755174e-9
0.0411   2.20931479805288e-9
0.0412   2.208892607848352e-9
0.0413   2.2092394737082507e-9
0.0414   2.2087348517924036e-9
0.0415   2.2084422571735946e-9
0.0416   2.2078925891024963e-9
0.0417   2.207980587234941e-9
0.0418   2.207526739899395e-9
0.0419   2.2072094441169654e-9
0.042   2.2068436253176912e-9
0.0421   2.2065057350153514e-9
0.0422   2.206231047802715e-9
0.0423   2.206438196618167e-9
0.0424   2.206013111489804e-9
0.0425   2.205610543954618e-9
0.0426   2.205436698066658e-9
0.0427   2.205356207724103e-9
0.0428   2.2050235437008577e-9
0.0429   2.204708710124455e-9
0.043   2.204591448330257e-9
0.0431   2.204579363129408e-9
0.0432   2.2041067993402155e-9
0.0433   2.203768881508695e-9
0.0434   2.2033808103670953e-9
0.0435   2.2035485147805056e-9
0.0436   2.203362215486359e-9
0.0437   2.2037182689123392e-9
0.0438   2.2033094038765287e-9
0.0439   2.2026225707522567e-9
0.044   2.2030132707700635e-9
0.0441   2.2022701625624355e-9
0.0442   2.202745014750086e-9
0.0443   2.202644957980561e-9
0.0444   2.2019376714372678e-9
0.0445   2.202041788080262e-9
0.0446   2.2019548956858533e-9
0.0447   2.2018994983890094e-9
0.0448   2.201004518863298e-9
0.0449   2.201534693422194e-9
0.045   2.2006363042528846e-9
0.0451   2.201162339230801e-9
0.0452   2.2007134176624255e-9
0.0453   2.2002330937463174e-9
0.0454   2.2003284863532693e-9
0.0455   2.1998690729689472e-9
0.0456   2.199376211272802e-9
0.0457   2.1996776061154443e-9
0.0458   2.1994559571106358e-9
0.0459   2.199389650596176e-9
0.046   2.1989814838661046e-9
0.0461   2.1979803229747703e-9
0.0462   2.197641818009215e-9
0.0463   2.197771405558184e-9
0.0464   2.1967640711465653e-9
0.0465   2.1968092014531497e-9
0.0466   2.1961613928903814e-9
0.0467   2.19579006939467e-9
0.0468   2.196136790071131e-9
0.0469   2.1952600399847872e-9
0.047   2.195262329099961e-9
0.0471   2.1942150899476868e-9
0.0472   2.1938889149246484e-9
0.0473   2.1942656394600373e-9
0.0474   2.1929439730022497e-9
0.0475   2.1932697024331763e-9
0.0476   2.1921577323307688e-9
0.0477   2.192240840017592e-9
0.0478   2.1916552179897783e-9
0.0479   2.191601413609241e-9
0.048   2.1906197573097772e-9
0.0481   2.1901960614291923e-9
0.0482   2.1902882197777587e-9
0.0483   2.190015826144371e-9
0.0484   2.1895654274357807e-9
0.0485   2.189374325783413e-9
0.0486   2.1894588166422424e-9
0.0487   2.188967126339299e-9
0.0488   2.188890847117919e-9
0.0489   2.1879171123377466e-9
0.049   2.1883760629713553e-9
0.0491   2.187807659188591e-9
0.0492   2.1880055061848067e-9
0.0493   2.1877859472007446e-9
0.0494   2.1874733508404762e-9
0.0495   2.186849910718536e-9
0.0496   2.1862854784761534e-9
0.0497   2.1865135381663443e-9
0.0498   2.1864169186769456e-9
0.0499   2.185594277310959e-9
0.05   2.1854469105896046e-9
0.0501   2.185262444458986e-9
0.0502   2.185728002135521e-9
0.0503   2.1850866084122764e-9
0.0504   2.1845006195598344e-9
0.0505   2.1846069995420396e-9
0.0506   2.1841319674904315e-9
0.0507   2.1845526888588874e-9
0.0508   2.1837382428063345e-9
0.0509   2.1841624316642406e-9
0.051   2.1841067328069257e-9
0.0511   2.1832302726185663e-9
0.0512   2.1833897005393873e-9
0.0513   2.183313039530946e-9
0.0514   2.1830668258006838e-9
0.0515   2.1827550896940597e-9
0.0516   2.182825673668331e-9
0.0517   2.182365982756204e-9
0.0518   2.1820554020059047e-9
0.0519   2.182573195505768e-9
0.052   2.182491161876188e-9
0.0521   2.18214453797268e-9
0.0522   2.181581095722267e-9
0.0523   2.1818481519642803e-9
0.0524   2.1818355632032533e-9
0.0525   2.181353095395624e-9
0.0526   2.18077780091297e-9
0.0527   2.181206958636282e-9
0.0528   2.181128696406299e-9
0.0529   2.180314495055637e-9
0.053   2.1806787290744576e-9
0.0531   2.180559478436743e-9
0.0532   2.1799279514886258e-9
0.0533   2.179876364209427e-9
0.0534   2.179477008935745e-9
0.0535   2.1794609011771203e-9
0.0536   2.1791688926957736e-9
0.0537   2.1789651123773972e-9
0.0538   2.179101410866358e-9
0.0539   2.178542491246651e-9
0.054   2.178794267036073e-9
0.0541   2.1778810516248258e-9
0.0542   2.177817258288136e-9
0.0543   2.177951426829826e-9
0.0544   2.17699402162843e-9
0.0545   2.1772692548348612e-9
0.0546   2.1769724928887797e-9
0.0547   2.1766518095298578e-9
0.0548   2.1766592781928564e-9
0.0549   2.175898431746354e-9
0.055   2.1760979324201812e-9
0.0551   2.1755710767273795e-9
0.0552   2.174811723827521e-9
0.0553   2.1747396329219573e-9
0.0554   2.174587025200678e-9
0.0555   2.1740333985535093e-9
0.0556   2.173937303766478e-9
0.0557   2.173538394498645e-9
0.0558   2.173182361521784e-9
0.0559   2.172531773434665e-9
0.056   2.172553490917373e-9
0.0561   2.172306383390483e-9
0.0562   2.1720246893513842e-9
0.0563   2.1711715204627863e-9
0.0564   2.171044432671732e-9
0.0565   2.1707851806212537e-9
0.0566   2.1707542047926467e-9
0.0567   2.1701403640566745e-9
0.0568   2.169876551983128e-9
0.0569   2.169812602825956e-9
0.057   2.168989069023375e-9
0.0571   2.1691808446598154e-9
0.0572   2.169105831803872e-9
0.0573   2.1687961919034046e-9
0.0574   2.168348380736914e-9
0.0575   2.168075733817906e-9
0.0576   2.168507186151391e-9
0.0577   2.168066986244717e-9
0.0578   2.1678205291728907e-9
0.0579   2.1676349014729673e-9
0.058   2.1675831446160736e-9
0.0581   2.1672108865347825e-9
0.0582   2.1672790853973837e-9
0.0583   2.166884773534208e-9
0.0584   2.1665930529095993e-9
0.0585   2.1665287752244815e-9
0.0586   2.1661213362777395e-9
0.0587   2.1660542350305063e-9
0.0588   2.1653312916498516e-9
0.0589   2.1653505429415296e-9
0.059   2.165337794830465e-9
0.0591   2.165304292895065e-9
0.0592   2.1647855444697444e-9
0.0593   2.164779736024131e-9
0.0594   2.1644426205561277e-9
0.0595   2.163962086684751e-9
0.0596   2.164166560339487e-9
0.0597   2.163993481673833e-9
0.0598   2.164176260785745e-9
0.0599   2.1639736968615323e-9
0.06   2.163194857399406e-9
0.0601   2.1659023696249854e-9
0.0602   2.1657140563858426e-9
0.0603   2.1656140194537933e-9
0.0604   2.165485574160668e-9
0.0605   2.1653128728461535e-9
0.0606   2.1651988163328776e-9
0.0607   2.1650692547085888e-9
0.0608   2.1649300706533023e-9
0.0609   2.1648140281946635e-9
0.061   2.1649855923880257e-9
0.0611   2.1648597706938816e-9
0.0612   2.1644305427599622e-9
0.0613   2.1642886980155108e-9
0.0614   2.164105834801945e-9
0.0615   2.163975382929628e-9
0.0616   2.163910437173412e-9
0.0617   2.163730148788329e-9
0.0618   2.163616313131678e-9
0.0619   2.163560043829992e-9
0.062   2.163703166322516e-9
0.0621   2.163250141392705e-9
0.0622   2.1630707083058982e-9
0.0623   2.1629241540467093e-9
0.0624   2.1628056331753947e-9
0.0625   2.162685024413003e-9
0.0626   2.1625595511699e-9
0.0627   2.162408617353972e-9
0.0628   2.1622770436557985e-9
0.0629   2.162123709884053e-9
0.063   2.1619454195171518e-9
0.0631   2.1617669906259843e-9
0.0632   2.1616150665091746e-9
0.0633   2.1614233525357714e-9
0.0634   2.161200594860715e-9
0.0635   2.1610240602159966e-9
0.0636   2.1607724850007788e-9
0.0637   2.160695700855363e-9
0.0638   2.1603890526531267e-9
0.0639   2.1601815820919827e-9
0.064   2.159996638010821e-9
0.0641   2.160141542361497e-9
0.0642   2.159607371476619e-9
0.0643   2.159412119316791e-9
0.0644   2.1591857968643582e-9
0.0645   2.1591887171500348e-9
0.0646   2.158648319501719e-9
0.0647   2.1584553997936583e-9
0.0648   2.1581718150141445e-9
0.0649   2.157908532322862e-9
0.065   2.157641676637403e-9
0.0651   2.157411581265769e-9
0.0652   2.157031617183961e-9
0.0653   2.1567506921320725e-9
0.0654   2.1564767068722647e-9
0.0655   2.1561656119044015e-9
0.0656   2.1558671181066104e-9
0.0657   2.1555031594464485e-9
0.0658   2.155199345368126e-9
0.0659   2.1552672971307596e-9
0.066   2.1545930230146576e-9
0.0661   2.154311882850026e-9
0.0662   2.1540141877696336e-9
0.0663   2.1537573244897447e-9
0.0664   2.1534884040268936e-9
0.0665   2.153235966464242e-9
0.0666   2.1529616664388148e-9
0.0667   2.1527424490126174e-9
0.0668   2.1524396815979267e-9
0.0669   2.152252966303225e-9
0.067   2.1520038220836048e-9
0.0671   2.1517477361622182e-9
0.0672   2.1515291193836732e-9
0.0673   2.1512992193819e-9
0.0674   2.1511654580026117e-9
0.0675   2.150989148452835e-9
0.0676   2.150809735640324e-9
0.0677   2.150615974745566e-9
0.0678   2.150407903671906e-9
0.0679   2.150243968742812e-9
0.068   2.150131182954069e-9
0.0681   2.1499235936651947e-9
0.0682   2.1496496771602142e-9
0.0683   2.14946713307418e-9
0.0684   2.1493492984942703e-9
0.0685   2.1492461315748453e-9
0.0686   2.1489851032431466e-9
0.0687   2.1488405718347334e-9
0.0688   2.1485654723497116e-9
0.0689   2.1484744690830463e-9
0.069   2.148288412379656e-9
0.0691   2.1481065514429046e-9
0.0692   2.147990582227927e-9
0.0693   2.147749841425714e-9
0.0694   2.1475845411179827e-9
0.0695   2.147410384999667e-9
0.0696   2.147187423603629e-9
0.0697   2.147029140063657e-9
0.0698   2.1468759063969358e-9
0.0699   2.146693598995248e-9
0.07   2.146481535429692e-9
0.0701   2.146451749252316e-9
0.0702   2.146314271821116e-9
0.0703   2.1461142002436e-9
0.0704   2.145986371552058e-9
0.0705   2.145810150548142e-9
0.0706   2.145723097259575e-9
0.0707   2.145518622824341e-9
0.0708   2.145464705952679e-9
0.0709   2.145242206479425e-9
0.071   2.1451149774320928e-9
0.0711   2.1449719546090285e-9
0.0712   2.1448904412070942e-9
0.0713   2.1447810975642757e-9
0.0714   2.1446666118869183e-9
0.0715   2.1444681332342996e-9
0.0716   2.1443420465126288e-9
0.0717   2.1442288866039607e-9
0.0718   2.1440685527612645e-9
0.0719   2.1439685830804275e-9
0.072   2.1438681628917804e-9
0.0721   2.1437041561797634e-9
0.0722   2.1436031964755854e-9
0.0723   2.143403739846181e-9
0.0724   2.1432803345570316e-9
0.0725   2.143171429108937e-9
0.0726   2.1431495621392914e-9
0.0727   2.1429529562903256e-9
0.0728   2.1428627817179468e-9
0.0729   2.1427422629576944e-9
0.073   2.1426578918123015e-9
0.0731   2.142490132495898e-9
0.0732   2.142364729363734e-9
0.0733   2.142231591316453e-9
0.0734   2.1420474518167654e-9
0.0735   2.1419068046139187e-9
0.0736   2.1417958703015386e-9
0.0737   2.141692859382219e-9
0.0738   2.1415341446106563e-9
0.0739   2.14139859422165e-9
0.074   2.1412933113978747e-9
0.0741   2.1411449877845378e-9
0.0742   2.1409826717302417e-9
0.0743   2.140757848953612e-9
0.0744   2.140631422004148e-9
0.0745   2.140474716116901e-9
0.0746   2.140285713364229e-9
0.0747   2.140125212954584e-9
0.0748   2.1399489808831467e-9
0.0749   2.140004066180558e-9
0.075   2.13954318498872e-9
0.0751   2.1393703313685784e-9
0.0752   2.1391901465472703e-9
0.0753   2.139002813299929e-9
0.0754   2.1388075120229792e-9
0.0755   2.138622498345191e-9
0.0756   2.1384222348179515e-9
0.0757   2.1382130693467027e-9
0.0758   2.138037052971472e-9
0.0759   2.137843990597869e-9
0.076   2.1376470895176627e-9
0.0761   2.1374022959277865e-9
0.0762   2.1372179959008903e-9
0.0763   2.1369770151562745e-9
0.0764   2.136674520861581e-9
0.0765   2.136518351109507e-9
0.0766   2.1362092380877163e-9
0.0767   2.13601696679628e-9
0.0768   2.135700367784432e-9
0.0769   2.135438722837794e-9
0.077   2.135181575852648e-9
0.0771   2.1349438712412715e-9
0.0772   2.1347147383390825e-9
0.0773   2.1344575136843687e-9
0.0774   2.1341572230734777e-9
0.0775   2.1339236370679612e-9
0.0776   2.133687300739446e-9
0.0777   2.1334176986663557e-9
0.0778   2.1331741189333156e-9
0.0779   2.133008196448926e-9
0.078   2.132676183732394e-9
0.0781   2.1324309319530306e-9
0.0782   2.1322844598605444e-9
0.0783   2.1320096851189292e-9
0.0784   2.131866918918982e-9
0.0785   2.1315854432022288e-9
0.0786   2.1314453862960925e-9
0.0787   2.1311932831843543e-9
0.0788   2.1309920411003e-9
0.0789   2.1308503576520924e-9
0.079   2.1306240921463365e-9
0.0791   2.1303898671839845e-9
0.0792   2.130210186825775e-9
0.0793   2.130053303513356e-9
0.0794   2.12991740795947e-9
0.0795   2.1298546871781234e-9
0.0796   2.1296173049235754e-9
0.0797   2.129440618209732e-9
0.0798   2.1293313611774142e-9
0.0799   2.129204439415508e-9
0.08   2.129019820189994e-9
0.0801   2.12884805023633e-9
0.0802   2.128678483072566e-9
0.0803   2.128612733664872e-9
0.0804   2.1283833335423644e-9
0.0805   2.1282569542532404e-9
0.0806   2.1280908394960392e-9
0.0807   2.1279641102277734e-9
0.0808   2.1278472433452218e-9
0.0809   2.1276830444114962e-9
0.081   2.127515955580597e-9
0.0811   2.127428100116492e-9
0.0812   2.1273104200246347e-9
0.0813   2.1270590972805838e-9
0.0814   2.126881841854327e-9
0.0815   2.126815666838465e-9
0.0816   2.1269759862477596e-9
0.0817   2.1265345044961562e-9
0.0818   2.126351937815604e-9
0.0819   2.1262672518403845e-9
0.082   2.1260617771143214e-9
0.0821   2.1259473306125644e-9
0.0822   2.1258088342807474e-9
0.0823   2.1256174598125197e-9
0.0824   2.1255598942934594e-9
0.0825   2.1254121969820633e-9
0.0826   2.125228567087531e-9
0.0827   2.125175948576273e-9
0.0828   2.1253105240289443e-9
0.0829   2.124910374420499e-9
0.083   2.124754492610119e-9
0.0831   2.124708204478865e-9
0.0832   2.124624822648701e-9
0.0833   2.124427479972221e-9
0.0834   2.124429874519527e-9
0.0835   2.1242353625171024e-9
0.0836   2.124174165562223e-9
0.0837   2.124030943234114e-9
0.0838   2.123893389855773e-9
0.0839   2.1238714580120057e-9
0.084   2.1237408560635534e-9
0.0841   2.1236837531353894e-9
0.0842   2.123560312573899e-9
0.0843   2.123681908440578e-9
0.0844   2.1233079425514482e-9
0.0845   2.1231883654406602e-9
0.0846   2.123103434582243e-9
0.0847   2.1230031135722074e-9
0.0848   2.1229164931682604e-9
0.0849   2.1227485898692195e-9
0.085   2.122671835450491e-9
0.0851   2.1225751069436155e-9
0.0852   2.1225286025897727e-9
0.0853   2.1227500651420233e-9
0.0854   2.122294139956715e-9
0.0855   2.1221499331025994e-9
0.0856   2.122109020682212e-9
0.0857   2.1219729573029993e-9
0.0858   2.121898685552337e-9
0.0859   2.121868149082214e-9
0.086   2.1217673009838256e-9
0.0861   2.1216004959801946e-9
0.0862   2.1214820499542034e-9
0.0863   2.1214738076450693e-9
0.0864   2.121307028223865e-9
0.0865   2.1211936599775536e-9
0.0866   2.1210751135712057e-9
0.0867   2.121055541075859e-9
0.0868   2.1209015456871354e-9
0.0869   2.1208552915650033e-9
0.087   2.1207034642012913e-9
0.0871   2.120827897652405e-9
0.0872   2.1205003424995232e-9
0.0873   2.120274803242522e-9
0.0874   2.120192021272255e-9
0.0875   2.1201073872262403e-9
0.0876   2.1199240163387695e-9
0.0877   2.1198073250637516e-9
0.0878   2.1197360161484266e-9
0.0879   2.119566833026608e-9
0.088   2.1193402386647114e-9
0.0881   2.119312262303037e-9
0.0882   2.1191112130546162e-9
0.0883   2.1189632633906174e-9
0.0884   2.1188261292113595e-9
0.0885   2.1185828248944782e-9
0.0886   2.1184309092150757e-9
0.0887   2.1182723538278613e-9
0.0888   2.118125322329101e-9
0.0889   2.1179345664829122e-9
0.089   2.117856314601005e-9
0.0891   2.1177589460844008e-9
0.0892   2.117516409278268e-9
0.0893   2.117322212840853e-9
0.0894   2.117255933839438e-9
0.0895   2.1170213832567624e-9
0.0896   2.1168891272682755e-9
0.0897   2.1167100205977736e-9
0.0898   2.11655241054535e-9
0.0899   2.116368655612666e-9
0.09   2.1161149786186385e-9
0.0901   2.115973847273192e-9
0.0902   2.115712937252409e-9
0.0903   2.115595361783578e-9
0.0904   2.1153105114125786e-9
0.0905   2.1150298205058395e-9
0.0906   2.1148038829308553e-9
0.0907   2.1147298666402246e-9
0.0908   2.1144478894104185e-9
0.0909   2.114268616988352e-9
0.091   2.1140522902951023e-9
0.0911   2.113877932717534e-9
0.0912   2.113561926621373e-9
0.0913   2.113379442313801e-9
0.0914   2.1131307392259878e-9
0.0915   2.113010732308585e-9
0.0916   2.1127578895905716e-9
0.0917   2.112572933412445e-9
0.0918   2.1124385901432296e-9
0.0919   2.112083090037049e-9
0.092   2.112010390367642e-9
0.0921   2.1118686868953267e-9
0.0922   2.111692324764966e-9
0.0923   2.111451949070594e-9
0.0924   2.1112638764791503e-9
0.0925   2.11110178515544e-9
0.0926   2.110994411417069e-9
0.0927   2.110783738082818e-9
0.0928   2.110634102111862e-9
0.0929   2.1105002396740676e-9
0.093   2.1102609665287023e-9
0.0931   2.1100700425831144e-9
0.0932   2.1099163033460533e-9
0.0933   2.1098378066692173e-9
0.0934   2.109555816530153e-9
0.0935   2.1095737044094514e-9
0.0936   2.1094474328895287e-9
0.0937   2.109243763324002e-9
0.0938   2.109127013797487e-9
0.0939   2.1090174805112855e-9
0.094   2.1088454941165704e-9
0.0941   2.1088212450754838e-9
0.0942   2.108689674007296e-9
0.0943   2.1085664551422225e-9
0.0944   2.108300119919852e-9
0.0945   2.1082764813558186e-9
0.0946   2.1081122006332683e-9
0.0947   2.108096269366774e-9
0.0948   2.10795806073652e-9
0.0949   2.1077342516107724e-9
0.095   2.1078724835853978e-9
0.0951   2.107627087485869e-9
0.0952   2.1074636700422608e-9
0.0953   2.107374105846106e-9
0.0954   2.1070063865329854e-9
0.0955   2.1069888140867047e-9
0.0956   2.1069538988455434e-9
0.0957   2.1067469714790535e-9
0.0958   2.1067147084510718e-9
0.0959   2.1065499272723606e-9
0.096   2.1063164089295284e-9
0.0961   2.1062988354892045e-9
0.0962   2.1060383507055456e-9
0.0963   2.1060999820037225e-9
0.0964   2.1059493463436917e-9
0.0965   2.105845622360662e-9
0.0966   2.1055881346962055e-9
0.0967   2.10544992130457e-9
0.0968   2.1055103600927915e-9
0.0969   2.105274631748779e-9
0.097   2.105154631511681e-9
0.0971   2.105071822599505e-9
0.0972   2.10494809906087e-9
0.0973   2.1049643638580156e-9
0.0974   2.104823513406702e-9
0.0975   2.1046423692851657e-9
0.0976   2.1046058404695866e-9
0.0977   2.1045680437450845e-9
0.0978   2.104494716828208e-9
0.0979   2.104229401187559e-9
0.098   2.1041798927932423e-9
0.0981   2.104145176207889e-9
0.0982   2.104048019931496e-9
0.0983   2.103995064941848e-9
0.0984   2.103800448137954e-9
0.0985   2.1037179114340357e-9
0.0986   2.1035830168284705e-9
0.0987   2.1035221886722525e-9
0.0988   2.1038291063180484e-9
0.0989   2.1034908574836374e-9
0.099   2.1033679558264556e-9
0.0991   2.103324420828286e-9
0.0992   2.1031776645732096e-9
0.0993   2.1030687413827503e-9
0.0994   2.103072558423214e-9
0.0995   2.102968921707435e-9
0.0996   2.1027799948590275e-9
0.0997   2.102742285752252e-9
0.0998   2.1025868632316147e-9
0.0999   2.1024563180307373e-9
0.1   2.102369985695965e-9
0.11   2.089624063264405e-9
0.12   2.081427599783892e-9
0.13   2.070274062568614e-9
0.14   2.0637599108959186e-9
0.15   2.055164039116101e-9
0.16   2.04785061678721e-9
0.17   2.042517518433209e-9
0.18   2.0339005908127642e-9
0.19   2.028608730038052e-9
0.2   2.023460052759943e-9
0.21   2.016085516563268e-9
0.22   2.0120574850229965e-9
0.23   2.009071136300195e-9
0.24   2.0043535305794092e-9
0.25   1.9986116664778465e-9
0.26   1.9952042994888115e-9
0.27   1.9914805829995343e-9
0.28   1.986916555263368e-9
0.29   1.981486902017062e-9
0.3   1.978763340286586e-9
0.31   1.976124914045496e-9
0.32   1.9730013148126004e-9
0.33   1.968825289442798e-9
0.34   1.9641640545924853e-9
0.35   1.9614163593026106e-9
0.36   1.958851572836852e-9
0.37   1.956394425533434e-9
0.38   1.95317298063406e-9
0.39   1.9492600154209416e-9
0.4   1.9452693161938998e-9
0.41   1.9431589892351003e-9
0.42   1.9414795682140825e-9
0.43   1.9396454416961524e-9
0.44   1.9373675362005718e-9
0.45   1.9344232441370805e-9
0.46   1.9309381865886157e-9
0.47   1.9277169883844427e-9
0.48   1.925439829223564e-9
0.49   1.923712912600488e-9
0.5   1.921641087233012e-9
0.51   1.9199619881863586e-9
0.52   1.9179735721306606e-9
0.53   1.9156156574996648e-9
0.54   1.9129985087749324e-9
0.55   1.9104846209195375e-9
0.56   1.908550103800492e-9
0.57   1.907115289755735e-9
0.58   1.905353850280445e-9
0.59   1.9036517536288565e-9
0.6   1.901992908638758e-9
0.61   1.900121184104702e-9
0.62   1.8981737453078513e-9
0.63   1.8961517242264786e-9
0.64   1.8943397426769086e-9
0.65   1.892473206009893e-9
0.66   1.891341680206966e-9
0.67   1.89017618915779e-9
0.68   1.8886267281458416e-9
0.69   1.886741094354894e-9
0.7   1.885160814893444e-9
0.71   1.8835578146321118e-9
0.72   1.881868529362078e-9
0.73   1.8803494476517615e-9
0.74   1.8788772162945465e-9
0.75   1.8775160519192724e-9
0.76   1.876066298749717e-9
0.77   1.8748424950194215e-9
0.78   1.8736260632766585e-9
0.79   1.8721949132037773e-9
0.8   1.8704129730448412e-9
0.81   1.8688876030387677e-9
0.82   1.8676110334389026e-9
0.83   1.86644329748306e-9
0.84   1.8652278736759542e-9
0.85   1.864095862842392e-9
0.86   1.862769580878093e-9
0.87   1.8612007903048919e-9
0.88   1.859938850685427e-9
0.89   1.8585953589360852e-9
0.9   1.8573213188007428e-9
0.91   1.8563430971489849e-9
0.92   1.8552652888989207e-9
0.93   1.8539304328068427e-9
0.94   1.8525835795307457e-9
0.95   1.8513084960130341e-9
0.96   1.8502940075672408e-9
0.97   1.849154441926611e-9
0.98   1.84822105277996e-9
0.99   1.8470472284358168e-9
1.   1.8459116602751493e-9
1.01   1.8448161837804751e-9
1.02   1.8436095701288358e-9
1.03   1.8424985390410449e-9
1.04   1.841453935521529e-9
1.05   1.8405313690795622e-9
1.06   1.8397342259262795e-9
1.07   1.8388295373505837e-9
1.08   1.837881122435768e-9
1.09   1.8366406566519203e-9
1.1   1.8354338149863896e-9
1.11   1.8341869145435833e-9
1.12   1.8332455783099286e-9
1.13   1.8321683130515386e-9
1.14   1.831354850425582e-9
1.15   1.8306514788988355e-9
1.16   1.8297876677742657e-9
1.17   1.828963163718809e-9
1.18   1.82814580625003e-9
1.19   1.8271294117073923e-9
1.2   1.8260053332444843e-9
1.21   1.8254378234795217e-9
1.22   1.824094661817565e-9
1.23   1.8231848115340582e-9
1.24   1.822522724207812e-9
1.25   1.8216393649931661e-9
1.26   1.8211183742545894e-9
1.27   1.820184079279494e-9
1.28   1.819490588709522e-9
1.29   1.8187354537012075e-9
1.3   1.817895434936943e-9
1.31   1.8169904966766452e-9
1.32   1.8161767346717196e-9
1.33   1.8153989468028378e-9
1.34   1.8146015387059737e-9
1.35   1.8138487281199885e-9
1.36   1.8131461760009129e-9
1.37   1.8126321511793336e-9
1.38   1.8120806411665482e-9
1.39   1.811520155859168e-9
1.4   1.8110041009412388e-9
1.41   1.8106310934794936e-9
1.42   1.8097921499578831e-9
1.43   1.8089317517886379e-9
1.44   1.8080876011256786e-9
1.45   1.8072837393873537e-9
1.46   1.8064549327020506e-9
1.47   1.8058437509647807e-9
1.48   1.8050820059902904e-9
1.49   1.8044899022024056e-9
1.5   1.80380918755066e-9
1.51   1.8032806874142408e-9
1.52   1.8027778604476433e-9
1.53   1.8021657681087245e-9
1.54   1.8017025066284752e-9
1.55   1.8011771368240163e-9
1.56   1.8005195527504698e-9
1.57   1.799697496333293e-9
1.58   1.7989661401986702e-9
1.59   1.798313967338665e-9
1.6   1.7976562339097913e-9
1.61   1.796866838265759e-9
1.62   1.7965250842400929e-9
1.63   1.7957010671368083e-9
1.64   1.7950362035466137e-9
1.65   1.7947674396045898e-9
1.66   1.7939139898490371e-9
1.67   1.7933486556597532e-9
1.68   1.7928678516350844e-9
1.69   1.7921603206604484e-9
1.7   1.7916799959519563e-9
1.71   1.7910840165094696e-9
1.72   1.7906486600242623e-9
1.73   1.7899833284521432e-9
1.74   1.789679119140808e-9
1.75   1.7886415577784421e-9
1.76   1.7879434115496249e-9
1.77   1.7873776670624503e-9
1.78   1.7867699060471099e-9
1.79   1.7862030989859444e-9
1.8   1.7857208688785146e-9
1.81   1.7852119339709643e-9
1.82   1.7846861122736157e-9
1.83   1.7843974899472291e-9
1.84   1.7838866209317319e-9
1.85   1.7834125266893019e-9
1.86   1.7829217744145313e-9
1.87   1.7824728109082417e-9
1.88   1.7819010799472119e-9
1.89   1.7816405158692826e-9
1.9   1.78111573666406e-9
1.91   1.7802412886152831e-9
1.92   1.779621584424455e-9
1.93   1.7790616711565905e-9
1.94   1.7786478052454655e-9
1.95   1.7781286083629649e-9
1.96   1.7776597948445716e-9
1.97   1.777273280821349e-9
1.98   1.7767101308666366e-9
1.99   1.7763200118899102e-9
2.   1.7758240854984755e-9
2.01   1.7755101221366664e-9
2.02   1.7751123594074883e-9
2.03   1.7747741843136028e-9
2.04   1.7742797218733227e-9
2.05   1.7737616820932652e-9
2.06   1.7733447460363954e-9
2.07   1.772860342371961e-9
2.08   1.7721638909736401e-9
2.09   1.7717855108698623e-9
2.1   1.7712979393148364e-9
2.11   1.7707468385506093e-9
2.12   1.7701991462867042e-9
2.13   1.769668272929376e-9
2.14   1.7692934666745784e-9
2.15   1.7687990041376513e-9
2.16   1.7683726628079014e-9
2.17   1.7679595148879807e-9
2.18   1.7675611295722764e-9
2.19   1.7670764258249098e-9
2.2   1.7668135987906979e-9
2.21   1.7664429422369077e-9
2.22   1.7659580187713219e-9
2.23   1.765538525677201e-9
2.24   1.765067090768134e-9
2.25   1.7647152283913774e-9
2.26   1.763928179085907e-9
2.27   1.7635320293532744e-9
2.28   1.7629673880809738e-9
2.29   1.7625324007024592e-9
2.3   1.7621761499326284e-9
2.31   1.7616158631402402e-9
2.32   1.7611423482580777e-9
2.33   1.7606291261689196e-9
2.34   1.7602031492066672e-9
2.35   1.7598448017398188e-9
2.36   1.7593327969699638e-9
2.37   1.7590300850278865e-9
2.38   1.7585971695531572e-9
2.39   1.7581524520399588e-9
2.4   1.7577602510396804e-9
2.41   1.7575198717626607e-9
2.42   1.7571118186731413e-9
2.43   1.7566779087847858e-9
2.44   1.7561188669540694e-9
2.45   1.7556711407198766e-9
2.46   1.7551620638696872e-9
2.47   1.754808911594314e-9
2.48   1.7541882185396298e-9
2.49   1.753694127283084e-9
2.5   1.7532790932637998e-9
2.51   1.7529051576014821e-9
2.52   1.752389527973381e-9
2.53   1.752067355475333e-9
2.54   1.7515827155894148e-9
2.55   1.7511833345180643e-9
2.56   1.7508199784971556e-9
2.57   1.7504959404466678e-9
2.58   1.750172596159537e-9
2.59   1.7498438066344451e-9
2.6   1.7495002636395214e-9
2.61   1.7492011631646438e-9
2.62   1.7488474442314037e-9
2.63   1.748622463847643e-9
2.64   1.7482802392135282e-9
2.65   1.7478551573636806e-9
2.66   1.7475820164755778e-9
2.67   1.747058475643987e-9
2.68   1.7465713423310982e-9
2.69   1.7461333518776643e-9
2.7   1.7457242002169301e-9
2.71   1.7452999383286453e-9
2.72   1.7448714302232204e-9
2.73   1.744434575568571e-9
2.74   1.7440595296361343e-9
2.75   1.7436370014879991e-9
2.76   1.743310805472938e-9
2.77   1.7432631596683225e-9
2.78   1.7426012662791586e-9
2.79   1.7423230893702638e-9
2.8   1.7417704559157563e-9
2.81   1.7413949452324267e-9
2.82   1.7410763217348723e-9
2.83   1.740663378707913e-9
2.84   1.7403176916209008e-9
2.85   1.739948362235914e-9
2.86   1.739635135764166e-9
2.87   1.7392537053867793e-9
2.88   1.7388427266598616e-9
2.89   1.7384921370520229e-9
2.9   1.738500466555931e-9
2.91   1.7377766915992155e-9
2.92   1.7374507723283033e-9
2.93   1.7369885544123354e-9
2.94   1.7365886631328762e-9
2.95   1.7362737382542334e-9
2.96   1.735843967132575e-9
2.97   1.7354102685619112e-9
2.98   1.7350563253981082e-9
2.99   1.734711482560673e-9
3.   1.7343910114510603e-9
3.01   1.7340800251408443e-9
3.02   1.733841604910772e-9
3.03   1.733391426535399e-9
3.04   1.7332701112017561e-9
3.05   1.7328642241974897e-9
3.06   1.7325672901881911e-9
3.07   1.7322065591314092e-9
3.08   1.7319820333509159e-9
3.09   1.7316141114360578e-9
3.1   1.7310800584592304e-9
3.11   1.7307398818293888e-9
3.12   1.7304349264812763e-9
3.13   1.7300674353983163e-9
3.14   1.729612254866632e-9
3.15   1.7292314414184065e-9
3.16   1.7289067072811624e-9
3.17   1.7284801647424042e-9
3.18   1.728120148334391e-9
3.19   1.7277511605182507e-9
3.2   1.7273301969110645e-9
3.21   1.7269301825545206e-9
3.22   1.7265667427488119e-9
3.23   1.7261957773310731e-9
3.24   1.726046617189385e-9
3.25   1.7255725041837925e-9
3.26   1.7251455169961305e-9
3.27   1.7248905783724729e-9
3.28   1.7245978411627135e-9
3.29   1.724357257846417e-9
3.3   1.724132165024373e-9
3.31   1.723850713718603e-9
3.32   1.7237446314466082e-9
3.33   1.7234947963513205e-9
3.34   1.7233525897533898e-9
3.35   1.723060327918092e-9
3.36   1.7229600631001287e-9
3.37   1.722599915198828e-9
3.38   1.7223247608330805e-9
3.39   1.7220809002158069e-9
3.4   1.7216936758522578e-9
3.41   1.721350248846206e-9
3.42   1.7211080782983542e-9
3.43   1.7207847179633013e-9
3.44   1.720324033406599e-9
3.45   1.720140027407356e-9
3.46   1.7197618363002341e-9
3.47   1.7195049948107811e-9
3.48   1.7191110490912203e-9
3.49   1.7187260180131136e-9
3.5   1.7183718282747724e-9
3.51   1.7180970123594897e-9
3.52   1.7177758778692866e-9
3.53   1.7173783151519328e-9
3.54   1.717092378470997e-9
3.55   1.716708041662849e-9
3.56   1.7165068864246436e-9
3.57   1.7161383201370814e-9
3.58   1.7162226583044695e-9
3.59   1.7156375921251826e-9
3.6   1.715290472439895e-9
3.61   1.7150558210443898e-9
3.62   1.7146525157768336e-9
3.63   1.7144767402000729e-9
3.64   1.7143195955321039e-9
3.65   1.7141136797350878e-9
3.66   1.7139217160989933e-9
3.67   1.7137652600150056e-9
3.68   1.7135795958281482e-9
3.69   1.7133377853266482e-9
3.7   1.7130155310157589e-9
3.71   1.7128166397672897e-9
3.72   1.71265116034889e-9
3.73   1.7124013365947216e-9
3.74   1.7124042474807268e-9
3.75   1.7117983172804839e-9
3.76   1.7114986020854715e-9
3.77   1.7113001831320905e-9
3.78   1.7110237782039734e-9
3.79   1.7107792732450385e-9
3.8   1.710364923132043e-9
3.81   1.7099779672153244e-9
3.82   1.709800942572805e-9
3.83   1.7095256699798846e-9
3.84   1.7091825819207487e-9
3.85   1.708816918828804e-9
3.86   1.7084214064363831e-9
3.87   1.7082252875078892e-9
3.88   1.7078902163772783e-9
3.89   1.7080669398863221e-9
3.9   1.7072830846149264e-9
3.91   1.7070592774707385e-9
3.92   1.7067417427213017e-9
3.93   1.7064202158243657e-9
3.94   1.7060840742563611e-9
3.95   1.7058610958558926e-9
3.96   1.7055829733759687e-9
3.97   1.7053163203140319e-9
3.98   1.7050316511640443e-9
3.99   1.704860377183707e-9
4.   1.7046103373073015e-9
4.01   1.7044598093813203e-9
4.02   1.7041493284790426e-9
4.03   1.7039216749756016e-9
4.04   1.7036466512930793e-9
4.05   1.7035793984067598e-9
4.06   1.7035786608522281e-9
4.07   1.7031239801202455e-9
4.08   1.7029167282161212e-9
4.09   1.702696764033025e-9
4.1   1.7024591614807117e-9
4.11   1.7023535408277283e-9
4.12   1.7021453875493882e-9
4.13   1.7020215272798743e-9
4.14   1.7017395821003182e-9
4.15   1.7015247203071144e-9
4.16   1.7013503836592563e-9
4.17   1.701037986434617e-9
4.18   1.700792773845732e-9
4.19   1.7006037128063716e-9
4.2   1.7002501088528178e-9
4.21   1.7001136793677777e-9
4.22   1.6998614875450733e-9
4.23   1.6996006082065296e-9
4.24   1.6993488506681903e-9
4.25   1.6990479913120408e-9
4.26   1.6987193688034336e-9
4.27   1.6984925460037384e-9
4.28   1.6981612550796912e-9
4.29   1.6979522370502964e-9
4.3   1.6976706920551405e-9
4.31   1.6973791896406691e-9
4.32   1.6970918935247964e-9
4.33   1.6968405956033325e-9
4.34   1.69656281376769e-9
4.35   1.6963305122600602e-9
4.36   1.695962439185481e-9
4.37   1.6957836936911266e-9
4.38   1.6955917633115102e-9
4.39   1.6952752453525162e-9
4.4   1.6949599758819903e-9
4.41   1.6947027751240167e-9
4.42   1.694446241240464e-9
4.43   1.6945001648012693e-9
4.44   1.6939183068012888e-9
4.45   1.6936418147874442e-9
4.46   1.6937609326813727e-9
4.47   1.6931906954714869e-9
4.48   1.6933233835792664e-9
4.49   1.6928032057807e-9
4.5   1.6925240147171663e-9
4.51   1.6924382347939333e-9
4.52   1.6922353710177434e-9
4.53   1.6920826744893107e-9
4.54   1.6919661898913168e-9
4.55   1.6917271903056186e-9
4.56   1.6914727113676615e-9
4.57   1.6912842575768601e-9
4.58   1.6912643828834448e-9
4.59   1.6908364619388587e-9
4.6   1.6906510273387842e-9
4.61   1.6904410058700106e-9
4.62   1.6902545995144802e-9
4.63   1.6900658941188334e-9
4.64   1.689872193917572e-9
4.65   1.6895461202478416e-9
4.66   1.6892754174291903e-9
4.67   1.6891347335280381e-9
4.68   1.6891072438582819e-9
4.69   1.6886469691457996e-9
4.7   1.6884089002181286e-9
4.71   1.6881951955721524e-9
4.72   1.6879393044983528e-9
4.73   1.6877336707069693e-9
4.74   1.6874221437446423e-9
4.75   1.6872182690326262e-9
4.76   1.687016218020535e-9
4.77   1.6867839323779697e-9
4.78   1.6865622574495904e-9
4.79   1.6862627745276511e-9
4.8   1.6860741312301887e-9
4.81   1.6858292129885688e-9
4.82   1.6855606214120397e-9
4.83   1.685246696957845e-9
4.84   1.6851105923408667e-9
4.85   1.6848139700772415e-9
4.86   1.6846300928431986e-9
4.87   1.684351361798105e-9
4.88   1.6842948042379663e-9
4.89   1.6839946961660736e-9
4.9   1.6838682261658194e-9
4.91   1.6836735321391627e-9
4.92   1.6835460745683369e-9
4.93   1.6833039806609054e-9
4.94   1.683180928061667e-9
4.95   1.6829448795849464e-9
4.96   1.6828518767993226e-9
4.97   1.6826282123380778e-9
4.98   1.6824728882962459e-9
4.99   1.6823128242411547e-9
5.   1.6821628526863247e-9
5.01   1.6819637657346828e-9
5.02   1.6818045112724765e-9
5.03   1.681953155913496e-9
5.04   1.6813866165612027e-9
5.05   1.6813113356524624e-9
5.06   1.6810803413089616e-9
5.07   1.6808578875233336e-9
5.08   1.6807138028010317e-9
5.09   1.6805232411579834e-9
5.1   1.680335797898131e-9
5.11   1.6801333803306243e-9
5.12   1.6799580836636476e-9
5.13   1.6797164360616603e-9
5.14   1.6795731511888194e-9
5.15   1.6793360002130948e-9
5.16   1.6791223049866064e-9
5.17   1.6788851663068182e-9
5.18   1.6787204644570648e-9
5.19   1.6785352176275537e-9
5.2   1.6782576914138024e-9
5.21   1.6780437367578094e-9
5.22   1.677820064559037e-9
5.23   1.677515307166825e-9
5.24   1.6772699086523128e-9
5.25   1.6770284556607593e-9
5.26   1.6772463684347885e-9
5.27   1.6765452862627586e-9
5.28   1.6763266844204706e-9
5.29   1.6760538279234974e-9
5.3   1.6760619170390278e-9
5.31   1.6754752393536448e-9
5.32   1.6752719459779293e-9
5.33   1.6750115093150385e-9
5.34   1.6746648143228136e-9
5.35   1.674398072320828e-9
5.36   1.674254905256382e-9
5.37   1.6739423984496872e-9
5.38   1.673830498582037e-9
5.39   1.6735566335232795e-9
5.4   1.673259150785809e-9
5.41   1.6731264788617435e-9
5.42   1.6729204363204671e-9
5.43   1.6726550693817754e-9
5.44   1.672366202370182e-9
5.45   1.6722149733329106e-9
5.46   1.6720651256191752e-9
5.47   1.6719447109277935e-9
5.48   1.6718157057639089e-9
5.49   1.671649544843125e-9
5.5   1.6714885826597445e-9
5.51   1.6713022975605556e-9
5.52   1.6711483651034969e-9
5.53   1.6709755401434866e-9
5.54   1.670893092662708e-9
5.55   1.6707009318450136e-9
5.56   1.6705667604111706e-9
5.57   1.6704735547849175e-9
5.58   1.6703651610341278e-9
5.59   1.6702198565875988e-9
5.6   1.6701884680016363e-9
5.61   1.6700600893838833e-9
5.62   1.6699554433105001e-9
5.63   1.6699284772211023e-9
5.64   1.6697104783803755e-9
5.65   1.6703307850117737e-9
5.66   1.6700499865626826e-9
5.67   1.6694728707853451e-9
5.68   1.6693058760656916e-9
5.69   1.6691425932431178e-9
5.7   1.6690449093763493e-9
5.71   1.668847123137675e-9
5.72   1.6686671333844569e-9
5.73   1.6685593216413037e-9
5.74   1.6683653598132804e-9
5.75   1.6683140947914468e-9
5.76   1.6680728992848433e-9
5.77   1.6678599958946049e-9
5.78   1.667667929093034e-9
5.79   1.6674523312892926e-9
5.8   1.6672965200834853e-9
5.81   1.6675520315891164e-9
5.82   1.6670335880009663e-9
5.83   1.6668057388176493e-9
5.84   1.6666478369361337e-9
5.85   1.6664800470584864e-9
5.86   1.6663071203115276e-9
5.87   1.6661374831687614e-9
5.88   1.6659285313848626e-9
5.89   1.665815923773364e-9
5.9   1.6655213110842254e-9
5.91   1.6652654104556535e-9
5.92   1.66515869741533e-9
5.93   1.6648886376911488e-9
5.94   1.664651181622228e-9
5.95   1.6643537509927041e-9
5.96   1.66414793146395e-9
5.97   1.6639017582967017e-9
5.98   1.6637166476805085e-9
5.99   1.663471676177894e-9
6.   1.663252271885348e-9
6.01   1.6631040773687424e-9
6.02   1.662726269960464e-9
6.03   1.662481080383619e-9
6.04   1.6623937292690302e-9
6.05   1.6621883399341096e-9
6.06   1.6619563735282935e-9
6.07   1.6616944066410026e-9
6.08   1.661529572749234e-9
6.09   1.661347774530004e-9
6.1   1.6611758895806762e-9
6.11   1.6609603209078096e-9
6.12   1.660791779081094e-9
6.13   1.6606242988964428e-9
6.14   1.6604692747917671e-9
6.15   1.6602408873142737e-9
6.16   1.660152769743099e-9
6.17   1.6600186673240433e-9
6.18   1.6598672827449613e-9
6.19   1.659756403402831e-9
6.2   1.6595881436716792e-9
6.21   1.6594617115835185e-9
6.22   1.6592970780149513e-9
6.23   1.659168831374774e-9
6.24   1.658979655251427e-9
6.25   1.6589058067772412e-9
6.26   1.6586609045186141e-9
6.27   1.6585086780699105e-9
6.28   1.6584556384576838e-9
6.29   1.6582782903224578e-9
6.3   1.6586184099252665e-9
6.31   1.6580907674368075e-9
6.32   1.6579983119632633e-9
6.33   1.6578731214149425e-9
6.34   1.6583844024897479e-9
6.35   1.6575544322156018e-9
6.36   1.6575707576247676e-9
6.37   1.6575911182501384e-9
6.38   1.6573813565688945e-9
6.39   1.657247934149083e-9
6.4   1.6571121483047818e-9
6.41   1.6570812452082124e-9
6.42   1.6569608393496185e-9
6.43   1.6567477987042299e-9
6.44   1.6566499410538155e-9
6.45   1.6566434028010575e-9
6.46   1.6564536788913706e-9
6.47   1.656305734963323e-9
6.48   1.6562239044745133e-9
6.49   1.656152530857231e-9
6.5   1.6560149271505503e-9
6.51   1.6558631310322896e-9
6.52   1.655628589868652e-9
6.53   1.6555143332886592e-9
6.54   1.655413663639742e-9
6.55   1.6552908809388016e-9
6.56   1.6551387597041125e-9
6.57   1.6550564108385122e-9
6.58   1.6547733557163606e-9
6.59   1.654673556579866e-9
6.6   1.6545570403156734e-9
6.61   1.6544343043028122e-9
6.62   1.6544473283964437e-9
6.63   1.654175829135427e-9
6.64   1.654154310250801e-9
6.65   1.6538234972457533e-9
6.66   1.6536982336010222e-9
6.67   1.6536198782549217e-9
6.68   1.6539454076240878e-9
6.69   1.6532667249943446e-9
6.7   1.653145898603917e-9
6.71   1.6528628750897014e-9
6.72   1.6526573494945113e-9
6.73   1.6525461391255245e-9
6.74   1.6523618244754757e-9
6.75   1.6521855141863023e-9
6.76   1.6519928046535271e-9
6.77   1.6517074873480057e-9
6.78   1.6516066211716783e-9
6.79   1.6513808606339937e-9
6.8   1.6511415137246823e-9
6.81   1.6509181204211282e-9
6.82   1.6517620091958638e-9
6.83   1.6507411505071519e-9
6.84   1.6504875770065348e-9
6.85   1.6504010734333306e-9
6.86   1.6502038167776118e-9
6.87   1.650011217825122e-9
6.88   1.6498399352311633e-9
6.89   1.6496403166293034e-9
6.9   1.6495044416264448e-9
6.91   1.6493771075125627e-9
6.92   1.649190948613145e-9
6.93   1.6490102577778572e-9
6.94   1.648858701579844e-9
6.95   1.6487133384458558e-9
6.96   1.6485049955126655e-9
6.97   1.6483326132725625e-9
6.98   1.6482164711473309e-9
6.99   1.6480660121148143e-9
7.   1.6479007221747517e-9
7.01   1.6476332613124704e-9
7.02   1.6475339224133562e-9
7.03   1.647342686642988e-9
7.04   1.6471777831866533e-9
7.05   1.6469829851559816e-9
7.06   1.6468344744544551e-9
7.07   1.6466490086459622e-9
7.08   1.6465528994202832e-9
7.09   1.6462988191924363e-9
7.1   1.646246068255363e-9
7.11   1.6460454762671387e-9
7.12   1.6458832240522476e-9
7.13   1.6457333844114084e-9
7.14   1.6455250484946414e-9
7.15   1.6453702989526433e-9
7.16   1.645258338843133e-9
7.17   1.6451479703028063e-9
7.18   1.6450839536203366e-9
7.19   1.64484612683542e-9
7.2   1.6447773990372203e-9
7.21   1.6447104368183378e-9
7.22   1.6445749978071285e-9
7.23   1.64437278667907e-9
7.24   1.6443750073175155e-9
7.25   1.6441876053965101e-9
7.26   1.644114067224589e-9
7.27   1.644020385774808e-9
7.28   1.6439102802337064e-9
7.29   1.6437627829064543e-9
7.3   1.6437661107707833e-9
7.31   1.6436330185702368e-9
7.32   1.6434981943234472e-9
7.33   1.6433582873168526e-9
7.34   1.6432506272058619e-9
7.35   1.6432200231757078e-9
7.36   1.6431361685548802e-9
7.37   1.6430587195237212e-9
7.38   1.6429245228823007e-9
7.39   1.6428027065369799e-9
7.4   1.6427018052049191e-9
7.41   1.6428365269922252e-9
7.42   1.6424467247615636e-9
7.43   1.6422708537559933e-9
7.44   1.6421245748552857e-9
7.45   1.6420724376247606e-9
7.46   1.6419467015577408e-9
7.47   1.6418428199723452e-9
7.48   1.6417691166370635e-9
7.49   1.6416453778513954e-9
7.5   1.641492202310507e-9
7.51   1.6415269361682213e-9
7.52   1.6413284635293422e-9
7.53   1.6411941001115888e-9
7.54   1.6411906797747824e-9
7.55   1.6410060956354815e-9
7.56   1.6409236818128718e-9
7.57   1.6407899102913097e-9
7.58   1.640740123039093e-9
7.59   1.6405826086096407e-9
7.6   1.6404667261420482e-9
7.61   1.6403624690912515e-9
7.62   1.640278823581764e-9
7.63   1.6401201742621253e-9
7.64   1.6399414025699942e-9
7.65   1.6398204178228627e-9
7.66   1.6397074735285803e-9
7.67   1.6396277189176185e-9
7.68   1.6394882573229923e-9
7.69   1.6393710783040566e-9
7.7   1.6392855071378162e-9
7.71   1.6390862699120807e-9
7.72   1.639001067573362e-9
7.73   1.6388357806203248e-9
7.74   1.6386704177851024e-9
7.75   1.6384688581526175e-9
7.76   1.6383031698512298e-9
7.77   1.638227020046227e-9
7.78   1.6380973432550232e-9
7.79   1.637875910780375e-9
7.8   1.6377507035449876e-9
7.81   1.637634914262574e-9
7.82   1.6374050796825471e-9
7.83   1.6372346847399204e-9
7.84   1.6370873253494955e-9
7.85   1.6369687246697188e-9
7.86   1.636808224504732e-9
7.87   1.6366687570344284e-9
7.88   1.6364333053924853e-9
7.89   1.6362916887348252e-9
7.9   1.6360775592434524e-9
7.91   1.63589667577357e-9
7.92   1.6357756580375051e-9
7.93   1.6356030756903206e-9
7.94   1.6354141862631689e-9
7.95   1.6353032464968545e-9
7.96   1.635162830979659e-9
7.97   1.6349804796974946e-9
7.98   1.6348431149433402e-9
7.99   1.6347320341825568e-9
8.   1.634556845926276e-9
8.01   1.6344282412136916e-9
8.02   1.6342322234741365e-9
8.03   1.6341723383199956e-9
8.04   1.6339853146857321e-9
8.05   1.633840943764417e-9
8.06   1.6337390140725701e-9
8.07   1.6335765537533297e-9
8.08   1.6334253327209218e-9
8.09   1.6333575179645785e-9
8.1   1.633250005265433e-9
8.11   1.6330890303914866e-9
8.12   1.633048188246762e-9
8.13   1.6328352130545851e-9
8.14   1.6328095173693723e-9
8.15   1.6326614623123335e-9
8.16   1.6325745869173225e-9
8.17   1.6324670253430861e-9
8.18   1.6336123563051164e-9
8.19   1.6322817713293896e-9
8.2   1.632140881602857e-9
8.21   1.6320513696230435e-9
8.22   1.6319710562505705e-9
8.23   1.6317885826769553e-9
8.24   1.6317668108655675e-9
8.25   1.6316293147120529e-9
8.26   1.6315390375607343e-9
8.27   1.63143469085208e-9
8.28   1.6313558058867931e-9
8.29   1.6312470750146244e-9
8.3   1.6314592728540925e-9
8.31   1.631027355295004e-9
8.32   1.6309135752033322e-9
8.33   1.63083306559335e-9
8.34   1.6307590523573427e-9
8.35   1.6306966478843583e-9
8.36   1.6305667490998193e-9
8.37   1.6304663831646566e-9
8.38   1.6305691293677368e-9
8.39   1.6303517502835503e-9
8.4   1.630280611817353e-9
8.41   1.6302484251774232e-9
8.42   1.6301757313532675e-9
8.43   1.6300740112820485e-9
8.44   1.6299682257542466e-9
8.45   1.6299309285058506e-9
8.46   1.6298164506163244e-9
8.47   1.6297744236802954e-9
8.48   1.6296759192748194e-9
8.49   1.6296004845926177e-9
8.5   1.629518856804522e-9
8.51   1.6294355619393154e-9
8.52   1.6293969195994083e-9
8.53   1.6294090691822022e-9
8.54   1.6292494232301126e-9
8.55   1.6292142084408919e-9
8.56   1.6291263927242269e-9
8.57   1.628998386190001e-9
8.58   1.6289466868516325e-9
8.59   1.6289545443424312e-9
8.6   1.6286841263548973e-9
8.61   1.6286794831713194e-9
8.62   1.6285787019175064e-9
8.63   1.6288789208580245e-9
8.64   1.6284041118770114e-9
8.65   1.6282835481676924e-9
8.66   1.6282199441257647e-9
8.67   1.628074135358796e-9
8.68   1.6280212496151266e-9
8.69   1.6278935430026442e-9
8.7   1.6277733088722893e-9
8.71   1.627677495123591e-9
8.72   1.6276020514858704e-9
8.73   1.6274630955884206e-9
8.74   1.6273417980712806e-9
8.75   1.627197481006859e-9
8.76   1.6271175434499398e-9
8.77   1.6269858364494088e-9
8.78   1.6268904984666263e-9
8.79   1.626764500127267e-9
8.8   1.6266157833582337e-9
8.81   1.6265038111094762e-9
8.82   1.6263662240681962e-9
8.83   1.6262905273341829e-9
8.84   1.6265067514204343e-9
8.85   1.6261090840911262e-9
8.86   1.6259251889671528e-9
8.87   1.625861016690208e-9
8.88   1.6256706719935102e-9
8.89   1.6255461195575129e-9
8.9   1.6254718385471256e-9
8.91   1.6253368053551875e-9
8.92   1.6251663502342697e-9
8.93   1.6250659255575476e-9
8.94   1.6249692077166544e-9
8.95   1.6248297101783428e-9
8.96   1.6247125897576822e-9
8.97   1.624500485800448e-9
8.98   1.6243654714658057e-9
8.99   1.6243037184810235e-9
9.   1.6241563847745261e-9
9.01   1.624011361107921e-9
9.02   1.623918959370189e-9
9.03   1.623841959741255e-9
9.04   1.6237060492825579e-9
9.05   1.6235307798150433e-9
9.06   1.6233965639827892e-9
9.07   1.623295787262299e-9
9.08   1.6231392802320115e-9
9.09   1.6230161132383764e-9
9.1   1.6228934107149726e-9
9.11   1.6227453239327813e-9
9.12   1.6226466460253344e-9
9.13   1.622479064244215e-9
9.14   1.6223400720913098e-9
9.15   1.6222655396423248e-9
9.16   1.62204375221278e-9
9.17   1.6218735236026773e-9
9.18   1.6218013734296259e-9
9.19   1.6216905945205077e-9
9.2   1.621515997318983e-9
9.21   1.6213779247738805e-9
9.22   1.6212680794774219e-9
9.23   1.6211348773206669e-9
9.24   1.621014139862175e-9
9.25   1.6208430880494526e-9
9.26   1.6206976987243492e-9
9.27   1.6205422139047026e-9
9.28   1.6203827711958696e-9
9.29   1.6202685773831191e-9
9.3   1.6201353000586458e-9
9.31   1.6199830437789764e-9
9.32   1.619883082816566e-9
9.33   1.619776115733721e-9
9.34   1.6196349080756115e-9
9.35   1.6194663212370804e-9
9.36   1.6193184375666843e-9
9.37   1.6192638965951443e-9
9.38   1.6191432073226505e-9
9.39   1.6190385152737266e-9
9.4   1.6188896942895492e-9
9.41   1.6188831885883487e-9
9.42   1.6187612735805416e-9
9.43   1.6186540419276993e-9
9.44   1.6186251736659144e-9
9.45   1.6185591114744538e-9
9.46   1.6184466182567545e-9
9.47   1.6183706467790061e-9
9.48   1.6182566676386463e-9
9.49   1.618159096717937e-9
9.5   1.6180533966744447e-9
9.51   1.6179703718088574e-9
9.52   1.6182238733473738e-9
9.53   1.617779614207113e-9
9.54   1.6177669838398823e-9
9.55   1.617650923818545e-9
9.56   1.617634497055713e-9
9.57   1.6175760387227405e-9
9.58   1.617442867827389e-9
9.59   1.6173686787194823e-9
9.6   1.617304059445727e-9
9.61   1.6172338501719185e-9
9.62   1.6171650669113465e-9
9.63   1.6170148773955135e-9
9.64   1.6169920435810632e-9
9.65   1.6169043189314393e-9
9.66   1.6168232594814736e-9
9.67   1.6168001686756516e-9
9.68   1.61667322123559e-9
9.69   1.6166515341156053e-9
9.7   1.6166252162051659e-9
9.71   1.6165470958108373e-9
9.72   1.6163872966837527e-9
9.73   1.6167178449131835e-9
9.74   1.6162814621848485e-9
9.75   1.6162342993449634e-9
9.76   1.6161665197798374e-9
9.77   1.6160650621776325e-9
9.78   1.6159226621300813e-9
9.79   1.6158423716549875e-9
9.8   1.6157987866946631e-9
9.81   1.615721349971876e-9
9.82   1.6156504094563098e-9
9.83   1.6156072480821637e-9
9.84   1.6155782456320157e-9
9.85   1.6154966760020617e-9
9.86   1.6153936072711408e-9
9.87   1.6152174847236623e-9
9.88   1.615171326183131e-9
9.89   1.6151118114870503e-9
9.9   1.6149969038421966e-9
9.91   1.6149587100182993e-9
9.92   1.614838209299765e-9
9.93   1.6147544600035017e-9
9.94   1.6147100285949407e-9
9.95   1.6146576851626339e-9
9.96   1.6145745633363881e-9
9.97   1.6147406810295854e-9
9.98   1.614302450392474e-9
9.99   1.614265250134908e-9
10.   1.6142151043070314e-9