0.0001	2.695265776420234e-9
0.0002	2.576109200362307e-9
0.00030000000000000003	2.5462502494066378e-9
0.0004	2.5274205099922753e-9
0.0005	2.5111858240255488e-9
0.0006000000000000001	2.499924659498341e-9
0.0007000000000000001	2.4897826123174643e-9
0.0008	2.4795528888925053e-9
0.0009000000000000001	2.470523704077704e-9
0.001	2.462350260124086e-9
0.0011	2.4545046131869104e-9
0.0012000000000000001	2.448011784447684e-9
0.0013000000000000002	2.4420062776792177e-9
0.0014000000000000002	2.4359094589363593e-9
0.0015	2.4303782725772698e-9
0.0016	2.4246627218332182e-9
0.0017000000000000001	2.4197184375132247e-9
0.0018000000000000002	2.414597220990411e-9
0.0019000000000000002	2.4089861725482755e-9
0.002	2.405789098568739e-9
0.0021	2.401054522165095e-9
0.0022	2.3965534754302247e-9
0.0023	2.3932723929300545e-9
0.0024	2.3901515834088445e-9
0.0025	2.3862515980312558e-9
0.0026	2.381085542505233e-9
0.0026999999999999997	2.3790194681334577e-9
0.0028	2.3767918958807595e-9
0.0029	2.3721180538947142e-9
0.003	2.368753059802444e-9
0.0031	2.36712363215631e-9
0.0031999999999999997	2.3652267729993263e-9
0.0033	2.3625971661377834e-9
0.0034	2.359094323845057e-9
0.0035	2.3559634710729903e-9
0.0036	2.3545914310708405e-9
0.0037	2.3530076505651414e-9
0.0038	2.3503061470074937e-9
0.0039	2.3472101933078907e-9
0.004	2.3445057371571335e-9
0.0040999999999999995	2.3423542009663355e-9
0.0042	2.3413787586787273e-9
0.0043	2.3399995205516783e-9
0.0044	2.3379059831355354e-9
0.0045	2.334846493917361e-9
0.0046	2.332527709762728e-9
0.0047	2.330639191583213e-9
0.0048000000000000004	2.328993981094666e-9
0.0049	2.328308834714171e-9
0.005	2.327038788776477e-9
0.0051	2.325176339969931e-9
0.005200000000000001	2.3225145412152892e-9
0.0053	2.320229147422781e-9
0.0054	2.3191110076199367e-9
0.0055000000000000005	2.3177111612905226e-9
0.005600000000000001	2.31656189363296e-9
0.0057	2.3158511966062918e-9
0.0058000000000000005	2.314655756810837e-9
0.005900000000000001	2.3130797592096548e-9
0.006	2.3106818699600984e-9
0.0061	2.3083450568550296e-9
0.006200000000000001	2.3066388626333924e-9
0.0063	2.305447401451143e-9
0.0064	2.304382021486337e-9
0.006500000000000001	2.3033175641216823e-9
0.0066	2.3032744859142952e-9
0.0067	2.302743582832788e-9
0.0068000000000000005	2.3014523986665605e-9
0.006900000000000001	2.299901310281228e-9
0.007	2.2977317292469544e-9
0.0071	2.2957360199144495e-9
0.007200000000000001	2.2939485393254864e-9
0.007300000000000001	2.292776715734743e-9
0.0074	2.2915252581152216e-9
0.007500000000000001	2.2907774982034343e-9
0.007600000000000001	2.290186291720519e-9
0.007700000000000001	2.2898971193663057e-9
0.0078000000000000005	2.2893233453805383e-9
0.0079	2.28858455828391e-9
0.008	2.287377425010449e-9
0.008100000000000001	2.2860357679587714e-9
0.0082	2.2843207316294097e-9
0.0083	2.2829449337130506e-9
0.008400000000000001	2.281621926699029e-9
0.0085	2.280376024557446e-9
0.0086	2.2792842788217805e-9
0.008700000000000001	2.278430014655708e-9
0.0088	2.277658514123127e-9
0.008900000000000002	2.277500242787591e-9
0.009000000000000001	2.2774560009130553e-9
0.0091	2.2768827447753963e-9
0.009200000000000002	2.2765780285408643e-9
0.009300000000000001	2.27596353707245e-9
0.0094	2.2749988974987747e-9
0.009500000000000001	2.273957481705293e-9
0.009600000000000001	2.2729251387297655e-9
0.0097	2.271796806134401e-9
0.009800000000000001	2.2705434640498167e-9
0.0099	2.269504965957346e-9
0.010000000000000002	2.268051904066284e-9
0.0101	2.2668973510088093e-9
0.010199999999999999	2.2660303487032413e-9
0.0103	2.2657728791310304e-9
0.0104	2.2650541976768796e-9
0.010499999999999999	2.26485261275952e-9
0.0106	2.264511288268899e-9
0.0107	2.264310518706882e-9
0.010799999999999999	2.2638045989523975e-9
0.0109	2.2631632352846166e-9
0.011	2.2626304382196376e-9
0.011099999999999999	2.262112689406655e-9
0.0112	2.261200090211465e-9
0.0113	2.2604264953512383e-9
0.0114	2.259295061222016e-9
0.0115	2.258190638521913e-9
0.0116	2.2568612820061317e-9
0.0117	2.25579581555649e-9
0.0118	2.2549045789356517e-9
0.011899999999999999	2.2539407551611012e-9
0.012	2.2536224685854396e-9
0.0121	2.252797975515011e-9
0.012199999999999999	2.2527017957020717e-9
0.0123	2.25207713660884e-9
0.0124	2.2516335293354355e-9
0.0125	2.251101055761139e-9
0.0126	2.2506708680493505e-9
0.0127	2.250265412356489e-9
0.0128	2.2500306784873283e-9
0.0129	2.249592914779321e-9
0.013	2.249267720650558e-9
0.0131	2.248882743966665e-9
0.0132	2.2480620324356155e-9
0.0133	2.2469952782292924e-9
0.0134	2.2460176855835792e-9
0.0135	2.244849987955563e-9
0.013600000000000001	2.243698462328911e-9
0.0137	2.2427488828011184e-9
0.0138	2.2419153802066344e-9
0.013900000000000001	2.2412070583747705e-9
0.014	2.2404105904356496e-9
0.0141	2.239991455571817e-9
0.0142	2.2394110367356863e-9
0.0143	2.2388242154148544e-9
0.0144	2.2385562259653068e-9
0.0145	2.238115408816031e-9
0.0146	2.2375808059405778e-9
0.014700000000000001	2.2372247084614184e-9
0.0148	2.2368682644222743e-9
0.0149	2.236605849086827e-9
0.015	2.236482813581418e-9
0.0151	2.236322955513922e-9
0.0152	2.23611507893837e-9
0.015300000000000001	2.2356639077875615e-9
0.0154	2.2352582187852467e-9
0.0155	2.2345151493223153e-9
0.015600000000000001	2.233824460730956e-9
0.015700000000000002	2.2327923249386294e-9
0.0158	2.231991220404781e-9
0.0159	2.2311001648738885e-9
0.016	2.230412272236723e-9
0.0161	2.2296215034580944e-9
0.0162	2.2286336785333677e-9
0.016300000000000002	2.228024500544737e-9
0.0164	2.2274690399277353e-9
0.0165	2.226808340026014e-9
0.0166	2.226296774348366e-9
0.0167	2.2258981612517443e-9
0.016800000000000002	2.225455004492024e-9
0.016900000000000002	2.2251728368547424e-9
0.017	2.224620891248503e-9
0.0171	2.2243733378994834e-9
0.0172	2.2239825760976654e-9
0.0173	2.2237717236855916e-9
0.0174	2.2234742039073043e-9
0.0175	2.2232158903006274e-9
0.0176	2.223146887726097e-9
0.0177	2.2228774345283308e-9
0.0178	2.222813460812584e-9
0.017900000000000003	2.222538092920874e-9
0.018000000000000002	2.2220734827949653e-9
0.0181	2.2216938288552076e-9
0.0182	2.2213706287456284e-9
0.0183	2.2209412771674783e-9
0.0184	2.220578592081098e-9
0.018500000000000003	2.2200425558288338e-9
0.018600000000000002	2.219464934559714e-9
0.0187	2.218611141481563e-9
0.0188	2.2178344134187536e-9
0.0189	2.2170644360455888e-9
0.019	2.216432843394574e-9
0.019100000000000002	2.215869103575738e-9
0.019200000000000002	2.215286056178804e-9
0.0193	2.214869220133195e-9
0.0194	2.2147030401622896e-9
0.0195	2.21407993012613e-9
0.0196	2.2138694962304054e-9
0.019700000000000002	2.2134293164836016e-9
0.0198	2.2128981981728146e-9
0.0199	2.212919735031292e-9
0.02	2.212351701800239e-9
0.0201	2.212298141649642e-9
0.0202	2.211934001789247e-9
0.0203	2.2119109311192935e-9
0.0204	2.2117222502604446e-9
0.0205	2.2114085677556435e-9
0.0206	2.2111557891483544e-9
0.0207	2.2111084702106e-9
0.0208	2.2110155075704665e-9
0.0209	2.2107392451475616e-9
0.021	2.2104924347785556e-9
0.0211	2.210297983033832e-9
0.0212	2.2101978092384153e-9
0.0213	2.2099237489236835e-9
0.0214	2.2097945421812613e-9
0.0215	2.209441846565479e-9
0.0216	2.2087828371066133e-9
0.0217	2.208368439974574e-9
0.0218	2.2076628218815807e-9
0.0219	2.2071111252771843e-9
0.022	2.2064483500028776e-9
0.0221	2.2059009258187945e-9
0.0222	2.205369825697426e-9
0.0223	2.2048155549734198e-9
0.0224	2.2042015909532733e-9
0.0225	2.203525806429475e-9
0.022600000000000002	2.2030595006924042e-9
0.0227	2.2026194445023577e-9
0.0228	2.2021705756167275e-9
0.022900000000000004	2.201919389036059e-9
0.023000000000000003	2.2016324366057252e-9
0.023100000000000002	2.2013111659143235e-9
0.023200000000000002	2.200935779886967e-9
0.0233	2.2005754982883086e-9
0.0234	2.2004208289900604e-9
0.023500000000000004	2.2000769654451366e-9
0.023600000000000003	2.1999814055144696e-9
0.023700000000000002	2.199749742603021e-9
0.0238	2.1993803447550355e-9
0.0239	2.199218878195281e-9
0.024	2.1991453052107845e-9
0.024100000000000003	2.19898939357792e-9
0.024200000000000003	2.1988475775738963e-9
0.024300000000000002	2.198553187456407e-9
0.0244	2.198268755293612e-9
0.0245	2.1982167012976177e-9
0.024600000000000004	2.19798088739012e-9
0.024700000000000003	2.197963493467548e-9
0.024800000000000003	2.197831612917457e-9
0.024900000000000002	2.1976071600737063e-9
0.025	2.1973459178847036e-9
0.0251	2.1971191590466544e-9
0.0252	2.1967836601778353e-9
0.0253	2.196485007203157e-9
0.025400000000000002	2.1960536144795633e-9
0.025500000000000002	2.195790602785087e-9
0.0256	2.195428791209898e-9
0.0257	2.1949612178966456e-9
0.0258	2.1940584164797726e-9
0.0259	2.1936909358216267e-9
0.026000000000000002	2.1934015454394038e-9
0.0261	2.192568524519549e-9
0.0262	2.192043673673547e-9
0.0263	2.1915321865341867e-9
0.0264	2.1908788335168586e-9
0.0265	2.190406021060861e-9
0.026600000000000002	2.19017007976642e-9
0.0267	2.189801229946931e-9
0.0268	2.1893661409512565e-9
0.0269	2.188973530930073e-9
0.027	2.1889706134524585e-9
0.0271	2.188687550920154e-9
0.027200000000000002	2.188490950230465e-9
0.0273	2.1881623466428535e-9
0.0274	2.1877227187130717e-9
0.0275	2.1875016641046047e-9
0.0276	2.1871191001302726e-9
0.0277	2.1868554528320297e-9
0.0278	2.186630603737867e-9
0.0279	2.1863918348511207e-9
0.028	2.1862888468463482e-9
0.0281	2.186298198532205e-9
0.0282	2.185757808044636e-9
0.0283	2.1857340484101246e-9
0.028399999999999998	2.1856733604915405e-9
0.0285	2.1853349330879217e-9
0.0286	2.185094333656259e-9
0.0287	2.1851239055712984e-9
0.0288	2.1850447794117794e-9
0.0289	2.1849090314461314e-9
0.028999999999999998	2.1849957146287996e-9
0.0291	2.184726693767999e-9
0.0292	2.1844242829216787e-9
0.0293	2.184198344510676e-9
0.0294	2.1840301566261746e-9
0.0295	2.1838994289450623e-9
0.0296	2.1837476504010495e-9
0.0297	2.1833215833935294e-9
0.0298	2.18333041440792e-9
0.0299	2.1831621871429696e-9
0.03	2.1826072059258025e-9
0.030100000000000002	2.1824737185581587e-9
0.0302	2.1818689356988716e-9
0.0303	2.181572856500331e-9
0.030400000000000003	2.1809583039143607e-9
0.030500000000000003	2.1805275934526104e-9
0.030600000000000002	2.180323154382945e-9
0.0307	2.1796991106577635e-9
0.0308	2.1791103564707982e-9
0.0309	2.1786777935588805e-9
0.031000000000000003	2.178375650680549e-9
0.031100000000000003	2.177570597323504e-9
0.031200000000000002	2.1773806405443235e-9
0.0313	2.1767976388741985e-9
0.031400000000000004	2.1767362125155526e-9
0.0315	2.1762561717486877e-9
0.0316	2.176254937387082e-9
0.0317	2.1760974463981487e-9
0.0318	2.1757991327771732e-9
0.031900000000000005	2.1751923516383604e-9
0.032	2.1751186922446447e-9
0.032100000000000004	2.1750717140424494e-9
0.0322	2.1745950645880973e-9
0.0323	2.1746096443220806e-9
0.0324	2.1744761458868524e-9
0.0325	2.1738110394384528e-9
0.032600000000000004	2.1736003327310138e-9
0.03270000000000001	2.1736775800802827e-9
0.0328	2.1734895014298073e-9
0.032900000000000006	2.1731645552707243e-9
0.033	2.173029470284743e-9
0.033100000000000004	2.172833859201375e-9
0.03320000000000001	2.172600969902178e-9
0.0333	2.1723626796507636e-9
0.033400000000000006	2.1723854263722992e-9
0.0335	2.172344099201159e-9
0.033600000000000005	2.172128447346442e-9
0.0337	2.171902884940126e-9
0.033800000000000004	2.1716081674507998e-9
0.033900000000000007	2.1716638359228186e-9
0.034	2.171637981528882e-9
0.034100000000000005	2.171574876959328e-9
0.0342	2.1715755490115244e-9
0.034300000000000004	2.171489260288265e-9
0.03440000000000001	2.1710403503817894e-9
0.0345	2.171139213712553e-9
0.034600000000000006	2.170807118547304e-9
0.0347	2.1705446461903147e-9
0.034800000000000005	2.1704762035270483e-9
0.0349	2.1702104509472213e-9
0.035	2.1697992782727743e-9
0.035100000000000006	2.1696565292964657e-9
0.03520000000000001	2.1695711009909726e-9
0.035300000000000005	2.169309281307911e-9
0.03540000000000001	2.1693039476709125e-9
0.035500000000000004	2.168907789055278e-9
0.03560000000000001	2.1686398229179463e-9
0.03570000000000001	2.1680629070756134e-9
0.035800000000000005	2.1678618964182262e-9
0.03590000000000001	2.167155291698847e-9
0.036000000000000004	2.167157579599934e-9
0.03610000000000001	2.166435946816871e-9
0.0362	2.1661644232861757e-9
0.036300000000000006	2.1658035352031645e-9
0.03640000000000001	2.165123502129843e-9
0.036500000000000005	2.165098030112072e-9
0.03660000000000001	2.1644570840133873e-9
0.0367	2.164015373345437e-9
0.036800000000000006	2.1640106931465754e-9
0.03690000000000001	2.163264971301625e-9
0.037000000000000005	2.1631331232902854e-9
0.03710000000000001	2.1630843882280276e-9
0.037200000000000004	2.162681982577801e-9
0.03730000000000001	2.162529349069914e-9
0.0374	2.162281988053308e-9
0.037500000000000006	2.1620220082680873e-9
0.0376	2.1619897570403516e-9
0.037700000000000004	2.1617128931022625e-9
0.0378	2.1613033721210113e-9
0.0379	2.1612982713163756e-9
0.038	2.1612440359612754e-9
0.0381	2.1606995831343536e-9
0.038200000000000005	2.160483171236883e-9
0.0383	2.160481823785777e-9
0.038400000000000004	2.1603544736361203e-9
0.0385	2.1599510721838844e-9
0.0386	2.160185609193252e-9
0.0387	2.1599646963443715e-9
0.0388	2.15958326133673e-9
0.038900000000000004	2.1595633131280956e-9
0.039	2.1592697305142565e-9
0.0391	2.1594023831866977e-9
0.0392	2.1591656122865797e-9
0.0393	2.1588835930029005e-9
0.039400000000000004	2.159073160579941e-9
0.0395	2.158892421006948e-9
0.0396	2.1585865404438262e-9
0.0397	2.1584828253277623e-9
0.0398	2.1582640949202144e-9
0.039900000000000005	2.158554203851858e-9
0.04	2.158360559062612e-9
0.040100000000000004	2.1583831525153648e-9
0.04020000000000001	2.1579877064881793e-9
0.0403	2.1580697667320156e-9
0.040400000000000005	2.158201740677169e-9
0.0405	2.1578036597178445e-9
0.040600000000000004	2.157978778603278e-9
0.04070000000000001	2.157798380109408e-9
0.0408	2.1577730138037694e-9
0.040900000000000006	2.157457553804752e-9
0.041	2.1573251638012436e-9
0.041100000000000005	2.156973777764812e-9
0.0412	2.1569068294682357e-9
0.0413	2.1566100137878e-9
0.041400000000000006	2.1562697356828316e-9
0.0415	2.1562875093213894e-9
0.041600000000000005	2.15579248249175e-9
0.0417	2.1558604884596267e-9
0.041800000000000004	2.1555846601550287e-9
0.04190000000000001	2.155339934385683e-9
0.042	2.1550082759687255e-9
0.042100000000000005	2.154738948836876e-9
0.0422	2.154417093376045e-9
0.042300000000000004	2.1540589637144883e-9
0.04240000000000001	2.1535939406194784e-9
0.0425	2.1530705020299956e-9
0.042600000000000006	2.153076765546271e-9
0.04270000000000001	2.1526746442255436e-9
0.042800000000000005	2.15230090746396e-9
0.04290000000000001	2.1520782445012293e-9
0.043000000000000003	2.1518848493363386e-9
0.043100000000000006	2.151364771539289e-9
0.04320000000000001	2.151037722833438e-9
0.043300000000000005	2.150794980073355e-9
0.04340000000000001	2.150728769651928e-9
0.043500000000000004	2.1502859393097456e-9
0.04360000000000001	2.1499208379553634e-9
0.0437	2.1499047485590006e-9
0.043800000000000006	2.149550938484482e-9
0.04390000000000001	2.1494481771695517e-9
0.044000000000000004	2.149212464248467e-9
0.04410000000000001	2.149182544453764e-9
0.0442	2.148858829015894e-9
0.044300000000000006	2.1487406907660778e-9
0.04440000000000001	2.1483094928336958e-9
0.044500000000000005	2.1484502498303147e-9
0.04460000000000001	2.1483293893994972e-9
0.044700000000000004	2.147861122273185e-9
0.044800000000000006	2.147770143414172e-9
0.04490000000000001	2.1475801763718495e-9
0.045000000000000005	2.147526381127483e-9
0.04510000000000001	2.1474518328448116e-9
0.04520000000000001	2.146947312742006e-9
0.04530000000000001	2.1468830887565253e-9
0.04540000000000001	2.1468100123830013e-9
0.045500000000000006	2.146668694237987e-9
0.04560000000000001	2.146435226200654e-9
0.04570000000000001	2.1464530669870777e-9
0.04580000000000001	2.146361423428374e-9
0.04590000000000001	2.1461675359277965e-9
0.046000000000000006	2.1461156763117293e-9
0.04610000000000001	2.145877607378435e-9
0.046200000000000005	2.14592727225218e-9
0.04630000000000001	2.1457632520781098e-9
0.04640000000000001	2.145709545587783e-9
0.04650000000000001	2.145524785152543e-9
0.04660000000000001	2.145698931604597e-9
0.046700000000000005	2.1453889605709656e-9
0.04680000000000001	2.145490629622445e-9
0.04690000000000001	2.1453237565108996e-9
0.04700000000000001	2.145308165586665e-9
0.04710000000000001	2.1451150593067627e-9
0.047200000000000006	2.1448789023107028e-9
0.04730000000000001	2.1449001713080807e-9
0.04740000000000001	2.14480322958707e-9
0.04750000000000001	2.1447062012967828e-9
0.0476	2.144485413190286e-9
0.047700000000000006	2.1443232219232278e-9
0.0478	2.1444695029334277e-9
0.047900000000000005	2.144211552291854e-9
0.048	2.144206798131633e-9
0.048100000000000004	2.1440656343576865e-9
0.04820000000000001	2.143788457257785e-9
0.0483	2.1437618324598653e-9
0.048400000000000006	2.1434743572778146e-9
0.0485	2.143400934950568e-9
0.048600000000000004	2.14324294440669e-9
0.0487	2.142955367880774e-9
0.0488	2.142854605532819e-9
0.048900000000000006	2.1425618899094548e-9
0.049	2.142092012255303e-9
0.049100000000000005	2.142302640520765e-9
0.0492	2.141931502862496e-9
0.049300000000000004	2.141745991304023e-9
0.049400000000000006	2.1417085640984275e-9
0.0495	2.1414386755171806e-9
0.049600000000000005	2.1411047496725637e-9
0.0497	2.140630800796752e-9
0.049800000000000004	2.1404987802523974e-9
0.0499	2.140262103739808e-9
0.05	2.1396858316609405e-9
0.050100000000000006	2.1393560121780155e-9
0.05020000000000001	2.1390816115020747e-9
0.050300000000000004	2.138614042591758e-9
0.05040000000000001	2.1386688942727144e-9
0.0505	2.1381996731756306e-9
0.050600000000000006	2.1378740862777356e-9
0.05070000000000001	2.137797358776342e-9
0.050800000000000005	2.137468359549128e-9
0.05090000000000001	2.1372562547239054e-9
0.051000000000000004	2.1370491760096917e-9
0.051100000000000007	2.1367219633224273e-9
0.0512	2.136293263096975e-9
0.051300000000000005	2.136169594557038e-9
0.05140000000000001	2.1359524454671907e-9
0.051500000000000004	2.135720473965367e-9
0.05160000000000001	2.1355709900362834e-9
0.0517	2.1355660898729708e-9
0.051800000000000006	2.1353250073653406e-9
0.05190000000000001	2.1350256907158945e-9
0.052000000000000005	2.1351157008331076e-9
0.05210000000000001	2.1348355427474118e-9
0.0522	2.134769850386116e-9
0.052300000000000006	2.1346975969478468e-9
0.0524	2.134417695253674e-9
0.052500000000000005	2.1345042922091855e-9
0.05260000000000001	2.1341245551457627e-9
0.05270000000000001	2.1337075779964036e-9
0.05280000000000001	2.1339115352984683e-9
0.05290000000000001	2.133666277308881e-9
0.053000000000000005	2.1334609305602312e-9
0.05310000000000001	2.133372690250979e-9
0.05320000000000001	2.133070030063162e-9
0.05330000000000001	2.1328994590673985e-9
0.05340000000000001	2.1329619282668947e-9
0.053500000000000006	2.1327592910734864e-9
0.05360000000000001	2.1324506176381684e-9
0.053700000000000005	2.1325623498461744e-9
0.05380000000000001	2.1323176860607415e-9
0.05390000000000001	2.132291240602349e-9
0.054000000000000006	2.132020760155505e-9
0.05410000000000001	2.132149756053293e-9
0.054200000000000005	2.132046543025417e-9
0.05430000000000001	2.1319516579698298e-9
0.05440000000000001	2.1319196298807677e-9
0.05450000000000001	2.131765949737484e-9
0.05460000000000001	2.131708429297338e-9
0.054700000000000006	2.1314219939499475e-9
0.05480000000000001	2.1314904335023986e-9
0.054900000000000004	2.131122509013379e-9
0.05500000000000001	2.131368560744717e-9
0.0551	2.1312118408727968e-9
0.055200000000000006	2.1313233289219237e-9
0.0553	2.13087491170292e-9
0.055400000000000005	2.131024850514124e-9
0.0555	2.1308415543588553e-9
0.055600000000000004	2.1307920057890397e-9
0.055700000000000006	2.130641673652318e-9
0.0558	2.1305821933317937e-9
0.055900000000000005	2.130447061545056e-9
0.056	2.1305703737256883e-9
0.056100000000000004	2.130450153442996e-9
0.0562	2.1301801951813857e-9
0.0563	2.130379625827371e-9
0.056400000000000006	2.1300706398978947e-9
0.0565	2.1298460529158282e-9
0.056600000000000004	2.129838859322964e-9
0.0567	2.12955047590754e-9
0.0568	2.1298657168929717e-9
0.056900000000000006	2.1296307181298974e-9
0.057	2.129602903133333e-9
0.057100000000000005	2.1292936563439105e-9
0.0572	2.1293940064439494e-9
0.057300000000000004	2.1289944051921385e-9
0.05740000000000001	2.1289009601836594e-9
0.0575	2.1288703274659685e-9
0.057600000000000005	2.1286991738491474e-9
0.05770000000000001	2.128510395838071e-9
0.057800000000000004	2.1282004073640977e-9
0.05790000000000001	2.1282520947950485e-9
0.058	2.1280984510423684e-9
0.058100000000000006	2.127687689739853e-9
0.05820000000000001	2.1276796464773e-9
0.058300000000000005	2.127293001741401e-9
0.05840000000000001	2.1270322836757504e-9
0.0585	2.1268083455978667e-9
0.058600000000000006	2.1267951426153933e-9
0.0587	2.126586651467099e-9
0.058800000000000005	2.1262204757159164e-9
0.05890000000000001	2.126002228854611e-9
0.059000000000000004	2.1257569466658477e-9
0.05910000000000001	2.125425863527956e-9
0.0592	2.1252536208508238e-9
0.059300000000000005	2.125140509250466e-9
0.05940000000000001	2.1244510175733e-9
0.059500000000000004	2.1242692685632795e-9
0.05960000000000001	2.124235381921113e-9
0.0597	2.1238758340154206e-9
0.059800000000000006	2.1236311428574327e-9
0.05990000000000001	2.1235251697958404e-9
0.060000000000000005	2.123300146004517e-9
0.06010000000000001	2.1229557330603603e-9
0.06020000000000001	2.122953249075721e-9
0.060300000000000006	2.1226672947760865e-9
0.06040000000000001	2.1223611402806456e-9
0.060500000000000005	2.122201548514362e-9
0.06060000000000001	2.1223552364948656e-9
0.06070000000000001	2.122083993468738e-9
0.06080000000000001	2.1218392322054875e-9
0.06090000000000001	2.12156348529689e-9
0.061000000000000006	2.121616432039149e-9
0.06110000000000001	2.12159152008435e-9
0.061200000000000004	2.1215229960633913e-9
0.06130000000000001	2.1212921211415673e-9
0.06140000000000001	2.1210871002366287e-9
0.061500000000000006	2.120953143289985e-9
0.06160000000000001	2.120980631205328e-9
0.061700000000000005	2.1206563726762773e-9
0.06180000000000001	2.120693625520996e-9
0.06190000000000001	2.1204432616451276e-9
0.062000000000000006	2.1205848761585736e-9
0.06210000000000001	2.120117426162585e-9
0.062200000000000005	2.1199940229389226e-9
0.06230000000000001	2.119963127460579e-9
0.06240000000000001	2.1196515295363903e-9
0.06250000000000001	2.1197980645589237e-9
0.0626	2.1195186325435593e-9
0.0627	2.1195790264850675e-9
0.06280000000000001	2.1192286520350135e-9
0.0629	2.1194191253830647e-9
0.063	2.119212267966071e-9
0.0631	2.118946106207147e-9
0.0632	2.1189693593385237e-9
0.06330000000000001	2.118851430021741e-9
0.0634	2.118707270283965e-9
0.0635	2.1185876833034275e-9
0.0636	2.118507860765912e-9
0.0637	2.118402810708508e-9
0.06380000000000001	2.1183109756089424e-9
0.0639	2.118190528399259e-9
0.064	2.1181868713221188e-9
0.0641	2.1181528530955765e-9
0.06420000000000001	2.118061665102233e-9
0.0643	2.118028829719093e-9
0.0644	2.1180847118585366e-9
0.0645	2.117828759740402e-9
0.0646	2.1178053167135804e-9
0.06470000000000001	2.117601658375721e-9
0.0648	2.1175324568791154e-9
0.0649	2.1174768031352803e-9
0.065	2.117507591562109e-9
0.0651	2.117341522178671e-9
0.06520000000000001	2.1173164202515937e-9
0.06530000000000001	2.117316927377871e-9
0.0654	2.1171361856718823e-9
0.0655	2.1171536166071043e-9
0.0656	2.1170601293252643e-9
0.06570000000000001	2.116959893490598e-9
0.06580000000000001	2.1168782752968905e-9
0.0659	2.116875857349994e-9
0.066	2.116813670219625e-9
0.0661	2.116967552729552e-9
0.06620000000000001	2.116686586441227e-9
0.06630000000000001	2.1167344193730027e-9
0.0664	2.1167351468556863e-9
0.0665	2.1166073656853187e-9
0.0666	2.116595028960124e-9
0.06670000000000001	2.1163953465835472e-9
0.0668	2.116168428206901e-9
0.0669	2.116203515821721e-9
0.067	2.116084456597962e-9
0.0671	2.1160211532237547e-9
0.06720000000000001	2.11589547676335e-9
0.0673	2.1159781736216667e-9
0.0674	2.115592336850361e-9
0.0675	2.1155832948557204e-9
0.06760000000000001	2.1152584879809655e-9
0.06770000000000001	2.1152651669229064e-9
0.06780000000000001	2.115086097315582e-9
0.0679	2.1151836669624734e-9
0.068	2.1147496504244275e-9
0.06810000000000001	2.1146200322440717e-9
0.06820000000000001	2.1147193916458478e-9
0.06830000000000001	2.1145065468768015e-9
0.0684	2.1142806620655055e-9
0.0685	2.114225720821532e-9
0.06860000000000001	2.1141112480492763e-9
0.06870000000000001	2.11384585625107e-9
0.06880000000000001	2.1135123478680574e-9
0.0689	2.113485645540983e-9
0.069	2.1133945740560013e-9
0.06910000000000001	2.11297463596755e-9
0.06920000000000001	2.112948105521737e-9
0.0693	2.1127307831482864e-9
0.0694	2.112290394573526e-9
0.0695	2.1120819025846753e-9
0.06960000000000001	2.1120549524972433e-9
0.06970000000000001	2.1116574669512594e-9
0.0698	2.1114534589766517e-9
0.0699	2.1111475207454215e-9
0.07	2.111009151997167e-9
0.07010000000000001	2.11079955136648e-9
0.07020000000000001	2.1106788466943837e-9
0.07030000000000002	2.1106803171852224e-9
0.0704	2.1104101775361325e-9
0.07050000000000001	2.1102365994438332e-9
0.07060000000000001	2.109784585943127e-9
0.07070000000000001	2.109861628404539e-9
0.07080000000000002	2.109555335600896e-9
0.0709	2.1094458365817734e-9
0.07100000000000001	2.109173587064912e-9
0.07110000000000001	2.1091479341006805e-9
0.07120000000000001	2.1091671329005765e-9
0.07130000000000002	2.1088699957156056e-9
0.0714	2.1086734281723578e-9
0.07150000000000001	2.1084719071346293e-9
0.07160000000000001	2.108422132660266e-9
0.07170000000000001	2.1081849499275526e-9
0.0718	2.1082983474606438e-9
0.0719	2.108172369423685e-9
0.07200000000000001	2.1078063282940227e-9
0.07210000000000001	2.108096471443271e-9
0.07220000000000001	2.107683572895933e-9
0.0723	2.1075958110060714e-9
0.0724	2.1077021292688805e-9
0.07250000000000001	2.107471724948014e-9
0.07260000000000001	2.107194624636325e-9
0.07270000000000001	2.1072374384340015e-9
0.07280000000000002	2.1072031734208503e-9
0.0729	2.107069285813818e-9
0.07300000000000001	2.1069400450492332e-9
0.07310000000000001	2.106700433875183e-9
0.07320000000000002	2.1068792911297364e-9
0.07330000000000002	2.1064797167784938e-9
0.0734	2.106538220045365e-9
0.07350000000000001	2.1062857320731553e-9
0.07360000000000001	2.1062410890794245e-9
0.07370000000000002	2.10611542137527e-9
0.07380000000000002	2.1059788315023516e-9
0.07390000000000001	2.1060741888323876e-9
0.07400000000000001	2.1058625182413165e-9
0.07410000000000001	2.105662880875994e-9
0.07420000000000002	2.1056672140162373e-9
0.0743	2.1056426245737e-9
0.07440000000000001	2.1054784380950388e-9
0.07450000000000001	2.1054386324476303e-9
0.07460000000000001	2.105517972388612e-9
0.07470000000000002	2.1052380559280948e-9
0.0748	2.1053059930841662e-9
0.07490000000000001	2.1050538909351774e-9
0.07500000000000001	2.105009289717987e-9
0.0751	2.1051324678593598e-9
0.0752	2.1049990016776494e-9
0.0753	2.104914038091701e-9
0.0754	2.104850303727202e-9
0.0755	2.1049955270897654e-9
0.0756	2.1045945601493447e-9
0.0757	2.10463434503374e-9
0.0758	2.1045602775076668e-9
0.0759	2.1044754420043493e-9
0.076	2.1043852611441943e-9
0.0761	2.104351355358463e-9
0.0762	2.104281572324774e-9
0.0763	2.104226838952823e-9
0.0764	2.1042403057706595e-9
0.0765	2.1041106986039167e-9
0.0766	2.1039387813864416e-9
0.0767	2.103902167002511e-9
0.07680000000000001	2.1038931969527717e-9
0.0769	2.1038133730653344e-9
0.077	2.1038529093560327e-9
0.0771	2.1040680798066427e-9
0.0772	2.10378907700936e-9
0.0773	2.1036603171887414e-9
0.0774	2.1035793203783844e-9
0.0775	2.1035705563651356e-9
0.0776	2.103350328358851e-9
0.0777	2.1034068630944863e-9
0.07780000000000001	2.103464509695242e-9
0.0779	2.103337990057757e-9
0.078	2.103254360245365e-9
0.0781	2.1032605044564345e-9
0.0782	2.1032454958198063e-9
0.07830000000000001	2.1031723676631547e-9
0.0784	2.1032027056301788e-9
0.0785	2.1027847952489417e-9
0.0786	2.103033061362814e-9
0.0787	2.1027842845843736e-9
0.07880000000000001	2.102718704147501e-9
0.0789	2.1027445660446167e-9
0.079	2.1026216202750823e-9
0.0791	2.1025600253787857e-9
0.0792	2.1024093111984503e-9
0.07930000000000001	2.1023602427364744e-9
0.0794	2.1020675818389833e-9
0.0795	2.1019674748375177e-9
0.0796	2.1020672603873358e-9
0.07970000000000001	2.102004132924408e-9
0.0798	2.1016005549504163e-9
0.0799	2.1017124024917762e-9
0.08	2.1015835737146668e-9
0.0801	2.101496662311667e-9
0.08020000000000001	2.1014233789252675e-9
0.08030000000000001	2.1011739568149083e-9
0.0804	2.101002173180842e-9
0.0805	2.1009128700713382e-9
0.0806	2.1009824984169648e-9
0.08070000000000001	2.100703551220764e-9
0.08080000000000001	2.100614333918803e-9
0.0809	2.100498224473274e-9
0.081	2.1003538808405553e-9
0.0811	2.1002151377595998e-9
0.08120000000000001	2.1000189492767005e-9
0.08130000000000001	2.099962805815857e-9
0.0814	2.099685067194218e-9
0.0815	2.0993949163362484e-9
0.0816	2.09937358233527e-9
0.08170000000000001	2.09903540765223e-9
0.08180000000000001	2.0988386199532827e-9
0.0819	2.098727608747757e-9
0.082	2.0987292229733186e-9
0.0821	2.098356041185356e-9
0.08220000000000001	2.098307705534659e-9
0.0823	2.098068521286476e-9
0.0824	2.097809370165423e-9
0.0825	2.097735292063046e-9
0.0826	2.0974683510002604e-9
0.08270000000000001	2.0973369108106823e-9
0.08280000000000001	2.0972089639113764e-9
0.0829	2.09707433102706e-9
0.083	2.0967364956814667e-9
0.08310000000000001	2.09644557137208e-9
0.08320000000000001	2.096390196802935e-9
0.08330000000000001	2.0962381262911586e-9
0.0834	2.0963361152799175e-9
0.0835	2.09596625420005e-9
0.08360000000000001	2.095786697660473e-9
0.08370000000000001	2.0957486922726672e-9
0.08380000000000001	2.0955189547853196e-9
0.0839	2.0954420893700932e-9
0.084	2.0953925102632444e-9
0.08410000000000001	2.0953315856240048e-9
0.08420000000000001	2.0952642629395687e-9
0.08430000000000001	2.0949861497737484e-9
0.0844	2.0949041529319685e-9
0.0845	2.0949946147735175e-9
0.08460000000000001	2.094813980045194e-9
0.08470000000000001	2.0946904134593536e-9
0.0848	2.0944642747361335e-9
0.0849	2.0945272000893067e-9
0.085	2.094397650461826e-9
0.08510000000000001	2.094416986249937e-9
0.08520000000000001	2.0941990813533627e-9
0.08530000000000001	2.0942345322149244e-9
0.0854	2.0940097971377605e-9
0.0855	2.0939627444708565e-9
0.08560000000000001	2.093796106142874e-9
0.08570000000000001	2.0937048627820417e-9
0.08580000000000002	2.093645468623867e-9
0.0859	2.0936249784415135e-9
0.08600000000000001	2.0934230232285982e-9
0.08610000000000001	2.093359543031866e-9
0.08620000000000001	2.0932384309690974e-9
0.08630000000000002	2.09329794837408e-9
0.0864	2.0931611711941253e-9
0.08650000000000001	2.093011749881214e-9
0.08660000000000001	2.0930076315977275e-9
0.08670000000000001	2.0928344744384096e-9
0.08680000000000002	2.0926998614814327e-9
0.0869	2.092645590880285e-9
0.08700000000000001	2.092525985675321e-9
0.08710000000000001	2.0924405939855318e-9
0.08720000000000001	2.0924573671453684e-9
0.0873	2.0922968566823804e-9
0.0874	2.0922262406240595e-9
0.08750000000000001	2.092075020942433e-9
0.08760000000000001	2.0921976871105135e-9
0.08770000000000001	2.0919965623432904e-9
0.08780000000000002	2.092166470130876e-9
0.0879	2.0918629390333924e-9
0.08800000000000001	2.091892731371924e-9
0.08810000000000001	2.0920044190239757e-9
0.08820000000000001	2.0916809830069212e-9
0.08830000000000002	2.0916352339131417e-9
0.0884	2.091659285053282e-9
0.08850000000000001	2.0916602185367973e-9
0.08860000000000001	2.091447584067408e-9
0.08870000000000001	2.091469891958858e-9
0.08880000000000002	2.0913634009007587e-9
0.0889	2.091251444952049e-9
0.08900000000000001	2.091323151096658e-9
0.08910000000000001	2.091184156518034e-9
0.08920000000000002	2.091169407547125e-9
0.08930000000000002	2.091113573009858e-9
0.08940000000000001	2.0911138294059327e-9
0.08950000000000001	2.0910570444190367e-9
0.08960000000000001	2.09096559123353e-9
0.08970000000000002	2.09091885462962e-9
0.0898	2.0910089194877084e-9
0.08990000000000001	2.09090589370987e-9
0.09000000000000001	2.090916497986765e-9
0.09010000000000001	2.0906677230373414e-9
0.09020000000000002	2.0906805844293815e-9
0.09030000000000002	2.0906262579021113e-9
0.09040000000000001	2.090582881003197e-9
0.09050000000000001	2.0905236221109764e-9
0.09060000000000001	2.090392802347054e-9
0.09070000000000002	2.0905643859170197e-9
0.09080000000000002	2.0905501492547897e-9
0.09090000000000001	2.090411363398157e-9
0.09100000000000001	2.0903229707252423e-9
0.09110000000000001	2.09030784265232e-9
0.09120000000000002	2.090166423905328e-9
0.09130000000000002	2.0902378528170936e-9
0.09140000000000001	2.0900303086970313e-9
0.09150000000000001	2.0901859894510006e-9
0.09160000000000001	2.089924619491271e-9
0.09170000000000002	2.090070857176212e-9
0.09180000000000002	2.0898596315944773e-9
0.09190000000000001	2.0898928832287425e-9
0.09200000000000001	2.0897595283493696e-9
0.09210000000000002	2.0898060186082507e-9
0.09220000000000002	2.089777439336888e-9
0.09230000000000001	2.089661285576422e-9
0.09240000000000001	2.089564796129674e-9
0.09250000000000001	2.0895042711310087e-9
0.0926	2.0895011042810966e-9
0.0927	2.089384293631537e-9
0.09280000000000001	2.0895035138863654e-9
0.0929	2.0892415113184945e-9
0.093	2.0894160020818543e-9
0.0931	2.089353420275262e-9
0.0932	2.089083945866415e-9
0.09330000000000001	2.0891518268376646e-9
0.0934	2.0889171138503645e-9
0.0935	2.0887148047299935e-9
0.0936	2.088858453603294e-9
0.0937	2.0886041195492686e-9
0.09380000000000001	2.088591939857065e-9
0.0939	2.0884192331095293e-9
0.094	2.088318018809563e-9
0.0941	2.0884198382781344e-9
0.0942	2.0882775060995283e-9
0.0943	2.0879830986578926e-9
0.0944	2.0880532834145372e-9
0.0945	2.0878805672602793e-9
0.0946	2.087938162271535e-9
0.0947	2.087790604582977e-9
0.0948	2.0876945191568e-9
0.0949	2.0875634290109715e-9
0.095	2.0875595432588573e-9
0.0951	2.087460889831644e-9
0.0952	2.087386396568958e-9
0.09530000000000001	2.087154746829512e-9
0.0954	2.086998930138559e-9
0.0955	2.086822647915924e-9
0.0956	2.0867392862648665e-9
0.09570000000000001	2.0865391092936482e-9
0.09580000000000001	2.086451547355404e-9
0.0959	2.0862159271032947e-9
0.096	2.0860690228862137e-9
0.0961	2.0860742864311374e-9
0.09620000000000001	2.085902842537143e-9
0.09630000000000001	2.085632857940832e-9
0.0964	2.0854400821448393e-9
0.0965	2.0853509368626724e-9
0.0966	2.085214106593332e-9
0.09670000000000001	2.0849872942330132e-9
0.0968	2.084818794278008e-9
0.0969	2.084695075442168e-9
0.097	2.0846322751931777e-9
0.0971	2.0844167273249536e-9
0.09720000000000001	2.0842586314858822e-9
0.0973	2.083949787484098e-9
0.0974	2.084048062262614e-9
0.0975	2.0839554504367142e-9
0.0976	2.0838631184918973e-9
0.09770000000000001	2.083497662988476e-9
0.09780000000000001	2.0834117269376814e-9
0.0979	2.0834194760446874e-9
0.098	2.0831923322980024e-9
0.0981	2.083009389362718e-9
0.09820000000000001	2.0829287155189567e-9
0.09830000000000001	2.0827475242786283e-9
0.0984	2.0826916610186836e-9
0.0985	2.0824361883073423e-9
0.09860000000000001	2.0824414088158297e-9
0.09870000000000001	2.0823348875034666e-9
0.09880000000000001	2.0822600892724955e-9
0.0989	2.0821450152458812e-9
0.099	2.0819948519887817e-9
0.09910000000000001	2.0819527523410223e-9
0.09920000000000001	2.0817626708707397e-9
0.0993	2.0817052943456717e-9
0.0994	2.081818033409486e-9
0.0995	2.081638165128683e-9
0.09960000000000001	2.081618748896202e-9
0.09970000000000001	2.081493906562865e-9
0.0998	2.0814649956685187e-9
0.0999	2.081231698157484e-9
0.1	2.0811080674582687e-9
0.11	2.0756804161779096e-9
0.12	2.066453488904654e-9
0.13	2.0623349196617822e-9
0.14	2.054301158423983e-9
0.15	2.050367815827511e-9
0.16	2.0437900450544137e-9
0.16999999999999998	2.039151538132805e-9
0.18	2.036265101217687e-9
0.19	2.029960553052353e-9
0.2	2.0261398560348957e-9
0.21000000000000002	2.0239759002515558e-9
0.22	2.018989569393575e-9
0.22999999999999998	2.0149053198784556e-9
0.24	2.0126563302351058e-9
0.25	2.01043702540302e-9
0.26	2.005905542491331e-9
0.27	2.0023423647715836e-9
0.28	2.0001619109568526e-9
0.29000000000000004	1.9986158839751522e-9
0.30000000000000004	1.995803852460137e-9
0.31	1.9912678077440703e-9
0.32	1.9890547079050182e-9
0.33	1.987278698136502e-9
0.34	1.9858951978477783e-9
0.35000000000000003	1.9837094691541527e-9
0.36	1.979778187110198e-9
0.37	1.9771200584495146e-9
0.38	1.975549929815051e-9
0.39	1.974445801815707e-9
0.4	1.9730173101766135e-9
0.41000000000000003	1.9714911005737636e-9
0.42000000000000004	1.9685178620746154e-9
0.43	1.9655560351651344e-9
0.44	1.9639499345692956e-9
0.45	1.9624239045956185e-9
0.45999999999999996	1.9612413839348643e-9
0.47	1.9601516874013223e-9
0.48	1.9588865215022008e-9
0.49	1.9567772275978706e-9
0.5	1.9536956478382874e-9
0.51	1.951626942321106e-9
0.52	1.950631092445615e-9
0.53	1.949050170717824e-9
0.54	1.948264148833533e-9
0.55	1.9473784448335232e-9
0.56	1.946239098807402e-9
0.5700000000000001	1.944720133070103e-9
0.58	1.9428617164417964e-9
0.59	1.940483517708178e-9
0.6	1.938716291825527e-9
0.61	1.937586210503133e-9
0.62	1.9368289870329107e-9
0.63	1.9360978298325902e-9
0.64	1.9353122945827093e-9
0.6499999999999999	1.934692974328285e-9
0.6599999999999999	1.93369151521092e-9
0.6699999999999999	1.9323423262073883e-9
0.6799999999999999	1.9311188336593037e-9
0.69	1.9288783318117752e-9
0.7	1.927196798605914e-9
0.71	1.9259108275600043e-9
0.72	1.9250306008656607e-9
0.73	1.9241666255514794e-9
0.74	1.923334288052638e-9
0.75	1.922837853533206e-9
0.76	1.922273715462583e-9
0.77	1.921609550023187e-9
0.78	1.9207242573410924e-9
0.79	1.9198867491996977e-9
0.8	1.9183584922096154e-9
0.81	1.91681502222976e-9
0.8200000000000001	1.9153741105161434e-9
0.83	1.9141768017455652e-9
0.84	1.913411916597474e-9
0.85	1.912793765644191e-9
0.86	1.9119399007242317e-9
0.87	1.911527893918703e-9
0.88	1.910872771454622e-9
0.89	1.9105450201421985e-9
0.9	1.909649383611817e-9
0.91	1.909356138396604e-9
0.92	1.9085629306790254e-9
0.93	1.9072473450641657e-9
0.9400000000000001	1.90626195855361e-9
0.9500000000000001	1.904893457371777e-9
0.9600000000000001	1.903343934194043e-9
0.97	1.90260991572955e-9
0.98	1.9018949750749983e-9
0.99	1.901156711628149e-9
1.	1.9008054150519508e-9
1.01	1.9000343046997696e-9
1.02	1.899324448345095e-9
1.03	1.8993305035883075e-9
1.04	1.8989546536248036e-9
1.05	1.898320449072826e-9
1.06	1.897893169110234e-9
1.07	1.8978911170928696e-9
1.08	1.8972433342468992e-9
1.09	1.896174570044594e-9
1.1	1.895512197125536e-9
1.11	1.8943435133343477e-9
1.12	1.893391459842285e-9
1.1300000000000001	1.892250087586067e-9
1.1400000000000001	1.890989119483176e-9
1.1500000000000001	1.8904628600818748e-9
1.1600000000000001	1.889957910741002e-9
1.1700000000000002	1.8893282353945567e-9
1.1800000000000002	1.8890532834048796e-9
1.19	1.888188522940111e-9
1.2000000000000002	1.8879756246483215e-9
1.21	1.8874365197396507e-9
1.22	1.887161407944084e-9
1.2300000000000002	1.8865599459593134e-9
1.2400000000000002	1.8861834260876665e-9
1.2500000000000002	1.885694078158085e-9
1.2600000000000002	1.884992874312419e-9
1.2700000000000002	1.884682160136171e-9
1.2800000000000002	1.8839421154906554e-9
1.2900000000000003	1.8831934311368685e-9
1.3000000000000003	1.882070162701813e-9
1.3100000000000003	1.8811306718280216e-9
1.3200000000000003	1.8802140420400307e-9
1.3300000000000003	1.879060870142784e-9
1.3400000000000003	1.8783825663814264e-9
1.35	1.8776882168907243e-9
1.3600000000000003	1.87701814284681e-9
1.37	1.8766571953592826e-9
1.3800000000000001	1.8761930027091704e-9
1.3900000000000001	1.8756369142581037e-9
1.4000000000000001	1.875433102088151e-9
1.4100000000000001	1.874983685456933e-9
1.4200000000000002	1.8743694949866836e-9
1.4300000000000002	1.8740914921765346e-9
1.4400000000000002	1.87366043177837e-9
1.4500000000000002	1.873530457859904e-9
1.4600000000000002	1.873061124669314e-9
1.4700000000000002	1.872679392484501e-9
1.4800000000000002	1.8723500538625596e-9
1.4900000000000002	1.8716704699602757e-9
1.5000000000000002	1.8711697553063047e-9
1.5100000000000002	1.870487186163945e-9
1.52	1.8697945632133114e-9
1.5300000000000002	1.8690366093215146e-9
1.54	1.8683936394949228e-9
1.55	1.86750400659367e-9
1.56	1.8664500636054662e-9
1.57	1.86579078053694e-9
1.58	1.8651986825731033e-9
1.59	1.864594328829111e-9
1.6	1.8641688618184938e-9
1.61	1.863405616879133e-9
1.62	1.863498612429351e-9
1.6300000000000001	1.8630802005691447e-9
1.6400000000000001	1.8624564322957875e-9
1.6500000000000001	1.862079742109811e-9
1.6600000000000001	1.8617628564696735e-9
1.67	1.8616272927332333e-9
1.6800000000000002	1.8612736980620702e-9
1.69	1.8612251284474583e-9
1.7	1.8607871521173974e-9
1.7100000000000002	1.8605342476469666e-9
1.7200000000000002	1.8601913053970027e-9
1.7300000000000002	1.8598880339875403e-9
1.7400000000000002	1.8596971518813164e-9
1.7500000000000002	1.8590706638785501e-9
1.7600000000000002	1.8589451879496864e-9
1.7700000000000002	1.8581826029800227e-9
1.7800000000000002	1.857836021109874e-9
1.7900000000000003	1.8574147344301441e-9
1.8000000000000003	1.8564836927569602e-9
1.8100000000000003	1.8559996941268701e-9
1.8200000000000003	1.8551987081159524e-9
1.83	1.8545238378263404e-9
1.8400000000000003	1.8536194654342645e-9
1.85	1.8531602947453214e-9
1.86	1.8525816194565684e-9
1.87	1.8522778445681139e-9
1.8800000000000001	1.8520445095465352e-9
1.8900000000000001	1.851802032352965e-9
1.9000000000000001	1.8511946288961993e-9
1.9100000000000001	1.8509422256449764e-9
1.9200000000000002	1.850805301677541e-9
1.9300000000000002	1.8502600369537888e-9
1.9400000000000002	1.8498779588135734e-9
1.9500000000000002	1.8498836344940699e-9
1.9600000000000002	1.8492407364988533e-9
1.9700000000000002	1.8492014490452963e-9
1.98	1.849191178432331e-9
1.9900000000000002	1.848785309995822e-9
2.	1.8486435106434277e-9
2.0100000000000002	1.8483981275149533e-9
2.02	1.8478222011477266e-9
2.0300000000000002	1.8474475790067567e-9
2.04	1.8472860854447336e-9
2.0500000000000003	1.846911617093627e-9
2.06	1.846419743027038e-9
2.0700000000000003	1.8458904403887205e-9
2.08	1.8457567091165031e-9
2.0900000000000003	1.8453360177545775e-9
2.1	1.8447132648413636e-9
2.1100000000000003	1.8443399867101141e-9
2.12	1.8436465728777359e-9
2.1300000000000003	1.8431814246968686e-9
2.14	1.842501589810185e-9
2.1500000000000004	1.8420319789420288e-9
2.1599999999999997	1.8412827912152703e-9
2.1699999999999995	1.8406504238805518e-9
2.1799999999999997	1.8401873477058975e-9
2.1899999999999995	1.8397880327897372e-9
2.1999999999999997	1.839437796334624e-9
2.2099999999999995	1.8392083016552268e-9
2.2199999999999998	1.838727797726714e-9
2.2299999999999995	1.8385878296128466e-9
2.2399999999999998	1.8380532023594343e-9
2.2499999999999996	1.837872316163299e-9
2.26	1.8376643424684274e-9
2.2699999999999996	1.8373791110190146e-9
2.28	1.8368711569260416e-9
2.2899999999999996	1.8365652897250943e-9
2.3	1.8365912948306015e-9
2.31	1.836245058242257e-9
2.32	1.836271601589578e-9
2.33	1.83578205521199e-9
2.34	1.8359496687234962e-9
2.35	1.8353940943177602e-9
2.36	1.8354501528490542e-9
2.37	1.835044721213868e-9
2.38	1.8348944259476773e-9
2.39	1.8346589641083154e-9
2.4	1.8344508004190464e-9
2.41	1.8345970673384416e-9
2.42	1.8342060855263192e-9
2.43	1.8339155113276667e-9
2.44	1.8335224344641577e-9
2.45	1.8331999526162524e-9
2.46	1.832730297932363e-9
2.4699999999999998	1.8324279007673417e-9
2.48	1.8318339835698036e-9
2.4899999999999998	1.8313976004953372e-9
2.5	1.831012550874158e-9
2.51	1.8304665877117853e-9
2.52	1.830274684556567e-9
2.53	1.8294655681231632e-9
2.54	1.8288637136861187e-9
2.55	1.8283264776533544e-9
2.56	1.8280124319447747e-9
2.57	1.827727412391205e-9
2.58	1.8272771412460895e-9
2.59	1.827141052714151e-9
2.6	1.8265826267150628e-9
2.61	1.8264347917108886e-9
2.6199999999999997	1.8262367841986228e-9
2.63	1.8260030480322077e-9
2.6399999999999997	1.8258058917219766e-9
2.65	1.8253736914180572e-9
2.6599999999999997	1.824968531285612e-9
2.67	1.8249022379806243e-9
2.6799999999999997	1.8245842171124848e-9
2.69	1.824215845131716e-9
2.6999999999999997	1.8239634760207738e-9
2.71	1.8240660474689587e-9
2.7199999999999998	1.8238723408990522e-9
2.73	1.8234669370268692e-9
2.7399999999999998	1.8233505965751775e-9
2.75	1.8233594905992024e-9
2.76	1.8232749258473638e-9
2.7699999999999996	1.8230796329779768e-9
2.78	1.822945428186057e-9
2.7899999999999996	1.8229548591224788e-9
2.8	1.8225304119179374e-9
2.8099999999999996	1.82229742753516e-9
2.82	1.822083369864977e-9
2.8299999999999996	1.8219601845886322e-9
2.84	1.821540996973138e-9
2.8499999999999996	1.821721807881542e-9
2.86	1.8211271552509837e-9
2.8699999999999997	1.8210148731643688e-9
2.88	1.8202289492442354e-9
2.8899999999999997	1.8200532746499677e-9
2.9	1.8200290291129189e-9
2.91	1.8196682211949384e-9
2.92	1.8191258266477988e-9
2.93	1.81857456375353e-9
2.94	1.8180649024561364e-9
2.95	1.817785982233734e-9
2.96	1.8172477329810557e-9
2.97	1.8168530335350966e-9
2.98	1.8165574640728527e-9
2.99	1.8160828062605325e-9
3.	1.815783383988522e-9
3.0100000000000002	1.8150734133280989e-9
3.02	1.8149590698979252e-9
3.0300000000000002	1.8143974970989774e-9
3.04	1.8142330344568745e-9
3.0500000000000003	1.813883402188297e-9
3.06	1.8135956606465468e-9
3.07	1.813643575467961e-9
3.08	1.8135357871975148e-9
3.09	1.8129697172678363e-9
3.1	1.8131549742512413e-9
3.11	1.8126129006717117e-9
3.12	1.812524441956865e-9
3.13	1.8123299501605153e-9
3.14	1.8120616963463825e-9
3.15	1.8119262013823474e-9
3.16	1.8119897470529006e-9
3.17	1.8114384168544612e-9
3.18	1.8113340709053687e-9
3.19	1.8112999948718588e-9
3.2	1.811260242408995e-9
3.21	1.8108717957861008e-9
3.2199999999999998	1.8106835937072809e-9
3.23	1.8106078559925256e-9
3.2399999999999998	1.8104654260224743e-9
3.25	1.8106168712415168e-9
3.26	1.810043705137802e-9
3.27	1.809966652886556e-9
3.28	1.8101362900666213e-9
3.29	1.8097969388744422e-9
3.3	1.8099853054656402e-9
3.31	1.8095651229486902e-9
3.32	1.8097087910560604e-9
3.33	1.8093522797045304e-9
3.34	1.8091760805841618e-9
3.35	1.809156653816405e-9
3.36	1.8091211447821584e-9
3.3699999999999997	1.8087308825162532e-9
3.38	1.808385834947855e-9
3.3899999999999997	1.808120930999585e-9
3.4	1.8081329808190141e-9
3.4099999999999997	1.807731605497376e-9
3.42	1.807373730720351e-9
3.4299999999999997	1.8070886527504705e-9
3.44	1.8067130682763155e-9
3.4499999999999997	1.8062288186982193e-9
3.46	1.8060947883384586e-9
3.4699999999999998	1.8056709492993227e-9
3.48	1.8051977559541716e-9
3.4899999999999998	1.8048157494684964e-9
3.5	1.8044952941438763e-9
3.51	1.8041634619695743e-9
3.5199999999999996	1.8038086025898675e-9
3.53	1.803151073242557e-9
3.5399999999999996	1.8030074228921647e-9
3.55	1.802418174991993e-9
3.5599999999999996	1.8023822580080716e-9
3.57	1.8019437237412501e-9
3.5799999999999996	1.801748854975804e-9
3.59	1.8015979178665625e-9
3.5999999999999996	1.8014014590246948e-9
3.61	1.8012566357219478e-9
3.6199999999999997	1.8008823389862635e-9
3.63	1.8008796350461571e-9
3.6399999999999997	1.80070782438167e-9
3.65	1.80015113237893e-9
3.66	1.7997917161371865e-9
3.67	1.8000361384979613e-9
3.68	1.7996702245998993e-9
3.69	1.799141252488419e-9
3.7	1.799009224051985e-9
3.71	1.7987109424979419e-9
3.72	1.7985844487855923e-9
3.73	1.798534754166088e-9
3.74	1.7983896895768767e-9
3.75	1.7980778759572062e-9
3.7600000000000002	1.7979578532916844e-9
3.77	1.7977583895581322e-9
3.7800000000000002	1.797516994008381e-9
3.79	1.797414564787293e-9
3.8000000000000003	1.7975490485605128e-9
3.81	1.7971734403607553e-9
3.82	1.7969158828101622e-9
3.83	1.7969139194492055e-9
3.84	1.7967091704949048e-9
3.85	1.7968095614522399e-9
3.86	1.7965429849614977e-9
3.87	1.7962568853914083e-9
3.88	1.7964538701459322e-9
3.89	1.7965064216465417e-9
3.9	1.7959917534660754e-9
3.91	1.7958531074520463e-9
3.92	1.7959652138392026e-9
3.93	1.7958275060532672e-9
3.94	1.795516992809955e-9
3.95	1.7955501259116218e-9
3.96	1.7951450222635317e-9
3.9699999999999998	1.7951323076674153e-9
3.98	1.7949392539659573e-9
3.9899999999999998	1.7948677796554907e-9
4.	1.794819712089243e-9
4.01	1.7945503870572248e-9
4.02	1.7941702500590744e-9
4.03	1.794011387636009e-9
4.04	1.7937305610566362e-9
4.05	1.7936888623260645e-9
4.06	1.7932081884834161e-9
4.07	1.793054478100151e-9
4.08	1.7926943025918762e-9
4.09	1.7924748867062789e-9
4.1	1.7920282444109099e-9
4.11	1.791796081845059e-9
4.12	1.7913780143161847e-9
4.13	1.790958503731129e-9
4.140000000000001	1.790677456552525e-9
4.15	1.7904652555925829e-9
4.16	1.7902090748629332e-9
4.17	1.7899838408761596e-9
4.180000000000001	1.7898094809755518e-9
4.19	1.7896045930416383e-9
4.2	1.7897026009855207e-9
4.21	1.7892962983269253e-9
4.220000000000001	1.7889399432433017e-9
4.23	1.7885827277455999e-9
4.24	1.7884293690326196e-9
4.25	1.788547570348413e-9
4.260000000000001	1.7883849433578417e-9
4.2700000000000005	1.7879521432337264e-9
4.28	1.7878415459505631e-9
4.290000000000001	1.788002229380546e-9
4.300000000000001	1.7874586444476667e-9
4.3100000000000005	1.7875814141879805e-9
4.32	1.7874338992912798e-9
4.330000000000001	1.7869352731532305e-9
4.340000000000001	1.7872201029353933e-9
4.3500000000000005	1.7868147989174806e-9
4.36	1.7866402342979775e-9
4.370000000000001	1.7865700381498633e-9
4.380000000000001	1.7863840429417713e-9
4.390000000000001	1.7861598224601435e-9
4.4	1.7855774159385304e-9
4.41	1.7860163017944023e-9
4.42	1.7855299150390664e-9
4.43	1.7853492469725868e-9
4.44	1.7850244361599344e-9
4.45	1.78517998158423e-9
4.46	1.7848673844641407e-9
4.47	1.784856994086983e-9
4.48	1.7848616761840204e-9
4.49	1.7843212324488053e-9
4.5	1.7843215499277956e-9
4.51	1.78454391259585e-9
4.5200000000000005	1.7842135695488962e-9
4.53	1.7837896796446133e-9
4.54	1.7840958235185708e-9
4.55	1.7839366446882358e-9
4.5600000000000005	1.7833442717691838e-9
4.57	1.783537124169841e-9
4.58	1.783017284765156e-9
4.590000000000001	1.7834555095747159e-9
4.6000000000000005	1.7833427939423333e-9
4.61	1.783118184591092e-9
4.62	1.7830258630713474e-9
4.630000000000001	1.7829529556774828e-9
4.640000000000001	1.7825518355828522e-9
4.65	1.782486144558043e-9
4.66	1.7824069465834623e-9
4.670000000000001	1.7823978034905604e-9
4.680000000000001	1.7820763126907728e-9
4.69	1.781958654614945e-9
4.7	1.7820082209702079e-9
4.710000000000001	1.7814081796633165e-9
4.720000000000001	1.7814768896283766e-9
4.73	1.7812487905320478e-9
4.740000000000001	1.7807947220657917e-9
4.750000000000001	1.7808526205350597e-9
4.760000000000001	1.780817895721786e-9
4.7700000000000005	1.7804218119196645e-9
4.780000000000001	1.7800370966033787e-9
4.790000000000001	1.7800431874172494e-9
4.800000000000001	1.7796222929393672e-9
4.8100000000000005	1.7793233336700093e-9
4.820000000000001	1.7792523443993786e-9
4.830000000000001	1.7788659655826443e-9
4.840000000000001	1.7789629022812706e-9
4.8500000000000005	1.7783054460606996e-9
4.86	1.7781378754638744e-9
4.87	1.7779831185004226e-9
4.88	1.7775281377653945e-9
4.890000000000001	1.7773800294360033e-9
4.9	1.7774649836732918e-9
4.91	1.7770567027780652e-9
4.92	1.7771500445753165e-9
4.930000000000001	1.7766960013273534e-9
4.94	1.7765826120466125e-9
4.95	1.776621833374658e-9
4.96	1.7763278259200115e-9
4.970000000000001	1.77609545118297e-9
4.98	1.7759539290130654e-9
4.99	1.7758748659656757e-9
5.	1.7758673042111583e-9