0.0001	2.47861573634624e-9
0.0002	2.5578491147163243e-9
0.00030000000000000003	2.4929218057731423e-9
0.0004	2.4711643718088854e-9
0.0005	2.4660148134026058e-9
0.0006000000000000001	2.4470024973303195e-9
0.0007000000000000001	2.4354454661132166e-9
0.0008	2.4301870846117425e-9
0.0009000000000000001	2.41909315862454e-9
0.001	2.409518537807775e-9
0.0011	2.4041445014576586e-9
0.0012000000000000001	2.3978378063793825e-9
0.0013000000000000002	2.3914512996936934e-9
0.0014000000000000002	2.385488759302929e-9
0.0015	2.3806658450995378e-9
0.0016	2.3775205748620474e-9
0.0017000000000000001	2.3713922864655843e-9
0.0018000000000000002	2.367497410150108e-9
0.0019000000000000002	2.364986540804769e-9
0.002	2.359696520229979e-9
0.0021	2.3564819832964143e-9
0.0022	2.3545714705186205e-9
0.0023	2.350133059290015e-9
0.0024	2.3483987258738744e-9
0.0025	2.346433050810468e-9
0.0026	2.3429810288549127e-9
0.0026999999999999997	2.33955788064245e-9
0.0028	2.3382779061432016e-9
0.0029	2.33662325928284e-9
0.003	2.333010975284809e-9
0.0031	2.3297352817944566e-9
0.0031999999999999997	2.3277392359014445e-9
0.0033	2.326746887207596e-9
0.0034	2.324793596380661e-9
0.0035	2.321245295415941e-9
0.0036	2.3185074808886096e-9
0.0037	2.3168586279700583e-9
0.0038	2.3157836854822895e-9
0.0039	2.3142821944131753e-9
0.004	2.3118916404442674e-9
0.0040999999999999995	2.3090009335602383e-9
0.0042	2.3075801010649856e-9
0.0043	2.306506208351609e-9
0.0044	2.3053821421744777e-9
0.0045	2.3042030929460677e-9
0.0046	2.3017648220653435e-9
0.0047	2.2988535827228552e-9
0.0048000000000000004	2.296738670789711e-9
0.0049	2.2955853880475786e-9
0.005	2.2946711811219917e-9
0.0051	2.2939865740742364e-9
0.005200000000000001	2.293304217854144e-9
0.0053	2.2915861754318093e-9
0.0054	2.289117724200279e-9
0.0055000000000000005	2.286668726861265e-9
0.005600000000000001	2.2849172393109285e-9
0.0057	2.283867917265685e-9
0.0058000000000000005	2.2830459163301296e-9
0.005900000000000001	2.2826754324208937e-9
0.006	2.2823988883095064e-9
0.0061	2.2814877536329763e-9
0.006200000000000001	2.279646449154072e-9
0.0063	2.277819797660025e-9
0.0064	2.2760523046092767e-9
0.006500000000000001	2.2745146042756524e-9
0.0066	2.2731468696545955e-9
0.0067	2.2719030286523686e-9
0.0068000000000000005	2.2710231944723677e-9
0.006900000000000001	2.27078906556708e-9
0.007	2.270611744530457e-9
0.0071	2.2698278156996853e-9
0.007200000000000001	2.2688198707599276e-9
0.007300000000000001	2.267696021288664e-9
0.0074	2.266276465247239e-9
0.007500000000000001	2.2648867051609844e-9
0.007600000000000001	2.263319459282922e-9
0.007700000000000001	2.261805948748775e-9
0.0078000000000000005	2.2605817040818234e-9
0.0079	2.2595271168741423e-9
0.008	2.2592471931461208e-9
0.008100000000000001	2.2589665065913943e-9
0.0082	2.258588157274626e-9
0.0083	2.258296501912496e-9
0.008400000000000001	2.2576728552364294e-9
0.0085	2.2568704377580975e-9
0.0086	2.255972216335764e-9
0.008700000000000001	2.254927437913647e-9
0.0088	2.253699448728842e-9
0.008900000000000002	2.2523303865502293e-9
0.009000000000000001	2.251006266234723e-9
0.0091	2.249785964801641e-9
0.009200000000000002	2.2490639285605304e-9
0.009300000000000001	2.2485871728431058e-9
0.0094	2.2480603636078e-9
0.009500000000000001	2.2475624093123737e-9
0.009600000000000001	2.247308805336968e-9
0.0097	2.2470051281212206e-9
0.009800000000000001	2.246584295535984e-9
0.0099	2.2460735630662498e-9
0.010000000000000002	2.2457570601779746e-9
0.0101	2.245132874245609e-9
0.010199999999999999	2.244288431265531e-9
0.0103	2.2430582050083538e-9
0.0104	2.241668131533662e-9
0.010499999999999999	2.2404643365751937e-9
0.0106	2.239416485254329e-9
0.0107	2.238582455673532e-9
0.010799999999999999	2.2379736466668284e-9
0.0109	2.237265512381799e-9
0.011	2.2368161940358646e-9
0.011099999999999999	2.2364362259389474e-9
0.0112	2.2358524840315453e-9
0.0113	2.2355974116892387e-9
0.0114	2.2352369325997584e-9
0.0115	2.2348885701266943e-9
0.0116	2.2348790389654443e-9
0.0117	2.234681855026854e-9
0.0118	2.234234807181559e-9
0.011899999999999999	2.2335645156768946e-9
0.012	2.2326184122108737e-9
0.0121	2.2315228809200496e-9
0.012199999999999999	2.2304358892455667e-9
0.0123	2.2296467254568802e-9
0.0124	2.2287963500350854e-9
0.0125	2.228140218311758e-9
0.0126	2.2273977676630235e-9
0.0127	2.2268010534809312e-9
0.0128	2.2265860957861884e-9
0.0129	2.226145032728079e-9
0.013	2.2258508352612665e-9
0.0131	2.2254829131117348e-9
0.0132	2.2252064784997066e-9
0.0133	2.2249368314760866e-9
0.0134	2.2248321551826603e-9
0.0135	2.224625631067e-9
0.013600000000000001	2.2244988804396766e-9
0.0137	2.224356468872718e-9
0.0138	2.2243141807396175e-9
0.013900000000000001	2.2239122425371367e-9
0.014	2.2234727472040104e-9
0.0141	2.2227420297343636e-9
0.0142	2.2221016131469387e-9
0.0143	2.2214039198076932e-9
0.0144	2.2205609779215497e-9
0.0145	2.219591279211549e-9
0.0146	2.2186706569452813e-9
0.014700000000000001	2.2178103735541895e-9
0.0148	2.2174451260575836e-9
0.0149	2.2169505828810812e-9
0.015	2.216550985807756e-9
0.0151	2.2161904980878216e-9
0.0152	2.2159017095791654e-9
0.015300000000000001	2.2153814631701773e-9
0.0154	2.2149712371701076e-9
0.0155	2.2148236409215343e-9
0.015600000000000001	2.2145831754107326e-9
0.015700000000000002	2.2145203486638825e-9
0.0158	2.2143113200529624e-9
0.0159	2.2138845360329077e-9
0.016	2.213805975136049e-9
0.0161	2.2135268397899783e-9
0.0162	2.2131626280742476e-9
0.016300000000000002	2.2127502958175407e-9
0.0164	2.2124943713901907e-9
0.0165	2.212187574122696e-9
0.0166	2.2115409275874014e-9
0.0167	2.210901930256208e-9
0.016800000000000002	2.210133451947366e-9
0.016900000000000002	2.2091942067919366e-9
0.017	2.2082753394386526e-9
0.0171	2.207465684502193e-9
0.0172	2.2069029930531213e-9
0.0173	2.2061924251962235e-9
0.0174	2.205634707817418e-9
0.0175	2.2052196383254275e-9
0.0176	2.2047082466091706e-9
0.0177	2.204340529794666e-9
0.0178	2.203971266441006e-9
0.017900000000000003	2.203518175414265e-9
0.018000000000000002	2.203149413038317e-9
0.0181	2.2029290286028415e-9
0.0182	2.202630998735688e-9
0.0183	2.202316181493738e-9
0.0184	2.2020667244408356e-9
0.018500000000000003	2.2019749786750104e-9
0.018600000000000002	2.2017170351985393e-9
0.0187	2.201718055903899e-9
0.0188	2.2014468654619523e-9
0.0189	2.2012336331540567e-9
0.019	2.200905448025826e-9
0.019100000000000002	2.200860631641367e-9
0.019200000000000002	2.2006505709341554e-9
0.0193	2.2002519659880376e-9
0.0194	2.2000252220822114e-9
0.0195	2.1995391784311e-9
0.0196	2.1990325562424976e-9
0.019700000000000002	2.198539943134115e-9
0.0198	2.197955430840219e-9
0.0199	2.197401236784234e-9
0.02	2.196685878513221e-9
0.0201	2.1958746794429062e-9
0.0202	2.1953276689772618e-9
0.0203	2.1946571473258763e-9
0.0204	2.194080550714883e-9
0.0205	2.193607806941608e-9
0.0206	2.193274139489448e-9
0.0207	2.1931193049220925e-9
0.0208	2.192687434753554e-9
0.0209	2.192328100889851e-9
0.021	2.1918941163073964e-9
0.0211	2.191482059895271e-9
0.0212	2.191361544858473e-9
0.0213	2.1910306554961964e-9
0.0214	2.190893094590963e-9
0.0215	2.1907222650469505e-9
0.0216	2.190495948066036e-9
0.0217	2.1903693709698974e-9
0.0218	2.1901143742244166e-9
0.0219	2.190078557493435e-9
0.022	2.18983833501357e-9
0.0221	2.189618395836336e-9
0.0222	2.189574101704105e-9
0.0223	2.189474709737485e-9
0.0224	2.189241218339414e-9
0.0225	2.1890767923326096e-9
0.022600000000000002	2.1888042701274953e-9
0.0227	2.1885250142061447e-9
0.0228	2.1885015316696554e-9
0.022900000000000004	2.18807227642149e-9
0.023000000000000003	2.187727161858672e-9
0.023100000000000002	2.187247680979276e-9
0.023200000000000002	2.1868491551209994e-9
0.0233	2.1863531960734235e-9
0.0234	2.185830977838484e-9
0.023500000000000004	2.185296604894856e-9
0.023600000000000003	2.18456820049042e-9
0.023700000000000002	2.184098044759938e-9
0.0238	2.1834183152519724e-9
0.0239	2.182882449444349e-9
0.024	2.1825287362636583e-9
0.024100000000000003	2.182106833266357e-9
0.024200000000000003	2.181873896247721e-9
0.024300000000000002	2.1816014250172372e-9
0.0244	2.1812058625439046e-9
0.0245	2.18100060240451e-9
0.024600000000000004	2.180626070961879e-9
0.024700000000000003	2.1802791605474606e-9
0.024800000000000003	2.180029195627433e-9
0.024900000000000002	2.1798994107967304e-9
0.025	2.1794109234268447e-9
0.0251	2.179276850492902e-9
0.0252	2.179059967018826e-9
0.0253	2.178865881582699e-9
0.025400000000000002	2.178835770471449e-9
0.025500000000000002	2.178612264190936e-9
0.0256	2.1785822043772744e-9
0.0257	2.178505917927028e-9
0.0258	2.178169479843724e-9
0.0259	2.1781674803933476e-9
0.026000000000000002	2.1780862277664546e-9
0.0261	2.177855073146542e-9
0.0262	2.177599601034624e-9
0.0263	2.1776506745051847e-9
0.0264	2.177516447564569e-9
0.0265	2.177515131786067e-9
0.026600000000000002	2.177295185430001e-9
0.0267	2.1771068303137433e-9
0.0268	2.1768828054749026e-9
0.0269	2.1764200935833625e-9
0.027	2.176306759174049e-9
0.0271	2.17621663651572e-9
0.027200000000000002	2.1758560721945292e-9
0.0273	2.1756153026908063e-9
0.0274	2.175091683662293e-9
0.0275	2.1747736308395103e-9
0.0276	2.1742132806304123e-9
0.0277	2.173640960657531e-9
0.0278	2.173381890721481e-9
0.0279	2.172641676204468e-9
0.028	2.1722348471027386e-9
0.0281	2.1720300996034174e-9
0.0282	2.1715726810528112e-9
0.0283	2.171003148162972e-9
0.028399999999999998	2.1707308921776825e-9
0.0285	2.1704195649601895e-9
0.0286	2.1703830418964435e-9
0.0287	2.170048637104619e-9
0.0288	2.169714877784547e-9
0.0289	2.169707357167606e-9
0.028999999999999998	2.169313435515426e-9
0.0291	2.1693488424240453e-9
0.0292	2.1690874367333386e-9
0.0293	2.1689136371841033e-9
0.0294	2.1686573047025187e-9
0.0295	2.168515117941339e-9
0.0296	2.1680841008821582e-9
0.0297	2.168086747563749e-9
0.0298	2.1679752438693053e-9
0.0299	2.167754987633007e-9
0.03	2.1677019353430768e-9
0.030100000000000002	2.167746457993737e-9
0.0302	2.167418131930096e-9
0.0303	2.1675080962457915e-9
0.030400000000000003	2.1673397162056535e-9
0.030500000000000003	2.167388308942289e-9
0.030600000000000002	2.1674181102085343e-9
0.0307	2.166977615551317e-9
0.0308	2.1670599785813014e-9
0.0309	2.16680745726112e-9
0.031000000000000003	2.1668026133744873e-9
0.031100000000000003	2.1667708278824686e-9
0.031200000000000002	2.1668180246556835e-9
0.0313	2.1667444360310127e-9
0.031400000000000004	2.166288975120152e-9
0.0315	2.1664245387113473e-9
0.0316	2.1661207142228853e-9
0.0317	2.1659637300570024e-9
0.0318	2.1655368125668407e-9
0.031900000000000005	2.165570700937267e-9
0.032	2.165229576354907e-9
0.032100000000000004	2.1648287109577756e-9
0.0322	2.164688824455258e-9
0.0323	2.164179562539926e-9
0.0324	2.1639155703247764e-9
0.0325	2.1635288654177863e-9
0.032600000000000004	2.1630032929322395e-9
0.03270000000000001	2.162548036178012e-9
0.0328	2.1621214985056747e-9
0.032900000000000006	2.1619022671373675e-9
0.033	2.1612739491453197e-9
0.033100000000000004	2.1611871506522174e-9
0.03320000000000001	2.1609591337533945e-9
0.0333	2.1607135051840136e-9
0.033400000000000006	2.160196531835259e-9
0.0335	2.1599537767166477e-9
0.033600000000000005	2.15973019526781e-9
0.0337	2.159438829957078e-9
0.033800000000000004	2.159092837735182e-9
0.033900000000000007	2.1593838819505377e-9
0.034	2.1588738368685094e-9
0.034100000000000005	2.1587858567296665e-9
0.0342	2.1587860273469477e-9
0.034300000000000004	2.1584811861406626e-9
0.03440000000000001	2.158008220758621e-9
0.0345	2.1578653411819783e-9
0.034600000000000006	2.1575316983510165e-9
0.0347	2.1576035187728784e-9
0.034800000000000005	2.1575973334700388e-9
0.0349	2.1574107896554548e-9
0.035	2.157101856869124e-9
0.035100000000000006	2.1568853462017894e-9
0.03520000000000001	2.1571284747114483e-9
0.035300000000000005	2.15652987063171e-9
0.03540000000000001	2.156904338608806e-9
0.035500000000000004	2.156542850442284e-9
0.03560000000000001	2.1563702396092634e-9
0.03570000000000001	2.156437441371833e-9
0.035800000000000005	2.156328583812329e-9
0.03590000000000001	2.156205545582809e-9
0.036000000000000004	2.1559697371963495e-9
0.03610000000000001	2.1559108830611275e-9
0.0362	2.1556887801979476e-9
0.036300000000000006	2.155803464963345e-9
0.03640000000000001	2.1555508424656013e-9
0.036500000000000005	2.155755019537357e-9
0.03660000000000001	2.155446480893468e-9
0.0367	2.1554853959500312e-9
0.036800000000000006	2.155428500166897e-9
0.03690000000000001	2.155119401446343e-9
0.037000000000000005	2.155053311484805e-9
0.03710000000000001	2.154969252914938e-9
0.037200000000000004	2.1547611055224423e-9
0.03730000000000001	2.154598735652819e-9
0.0374	2.1540575336286447e-9
0.037500000000000006	2.1540683183203537e-9
0.0376	2.153986265557414e-9
0.037700000000000004	2.1537421092894743e-9
0.0378	2.153685836664088e-9
0.0379	2.153232050124873e-9
0.038	2.1529359689710575e-9
0.0381	2.1525886279723402e-9
0.038200000000000005	2.1522049858702327e-9
0.0383	2.151579858666532e-9
0.038400000000000004	2.151466699330732e-9
0.0385	2.151307924019424e-9
0.0386	2.1507821774909917e-9
0.0387	2.1504725317742935e-9
0.0388	2.150116993070542e-9
0.038900000000000004	2.1499426011498924e-9
0.039	2.149224985597638e-9
0.0391	2.14921405463387e-9
0.0392	2.1490435385458453e-9
0.0393	2.1490115634207423e-9
0.039400000000000004	2.1483508518973565e-9
0.0395	2.148407539405294e-9
0.0396	2.14792473741926e-9
0.0397	2.147505373935444e-9
0.0398	2.1475204373452452e-9
0.039900000000000005	2.1475155754431735e-9
0.04	2.1471139068520483e-9
0.040100000000000004	2.146825347478231e-9
0.04020000000000001	2.1470612422633696e-9
0.0403	2.1468170333054837e-9
0.040400000000000005	2.1467604206707785e-9
0.0405	2.1465049768556266e-9
0.040600000000000004	2.145981853521002e-9
0.04070000000000001	2.1459789010235964e-9
0.0408	2.1457915416640497e-9
0.040900000000000006	2.145692055809118e-9
0.041	2.145665145686806e-9
0.041100000000000005	2.1456818069850114e-9
0.0412	2.1452643281496066e-9
0.0413	2.145297982858006e-9
0.041400000000000006	2.1453961698192165e-9
0.0415	2.14530642702403e-9
0.041600000000000005	2.145142871272995e-9
0.0417	2.1450289826710423e-9
0.041800000000000004	2.1448208137647493e-9
0.04190000000000001	2.1445175334149133e-9
0.042	2.1445359536623187e-9
0.042100000000000005	2.144735090188961e-9
0.0422	2.1443412016971075e-9
0.042300000000000004	2.144523278836788e-9
0.04240000000000001	2.1446338095548636e-9
0.0425	2.1443944111623905e-9
0.042600000000000006	2.144076486148394e-9
0.04270000000000001	2.1443943591909833e-9
0.042800000000000005	2.1442371387869704e-9
0.04290000000000001	2.143863442695179e-9
0.043000000000000003	2.1441543431615383e-9
0.043100000000000006	2.1438788320905594e-9
0.04320000000000001	2.1438730418343866e-9
0.043300000000000005	2.1437474401192393e-9
0.04340000000000001	2.14365016101197e-9
0.043500000000000004	2.1436070988268967e-9
0.04360000000000001	2.14346123295673e-9
0.0437	2.1431524213434753e-9
0.043800000000000006	2.1428875819728926e-9
0.04390000000000001	2.14299787760395e-9
0.044000000000000004	2.1428858510392012e-9
0.04410000000000001	2.1425355352568727e-9
0.0442	2.1424026456364316e-9
0.044300000000000006	2.1419879157056983e-9
0.04440000000000001	2.141989098723292e-9
0.044500000000000005	2.1417160729037617e-9
0.04460000000000001	2.141857318375609e-9
0.044700000000000004	2.1414362648016196e-9
0.044800000000000006	2.141210548381154e-9
0.04490000000000001	2.1409270444459937e-9
0.045000000000000005	2.1407822622653816e-9
0.04510000000000001	2.1401582005474885e-9
0.04520000000000001	2.140097388049163e-9
0.04530000000000001	2.139602656069526e-9
0.04540000000000001	2.1395343818139186e-9
0.045500000000000006	2.139184232130272e-9
0.04560000000000001	2.1387980922920865e-9
0.04570000000000001	2.138601573959784e-9
0.04580000000000001	2.1381495599732595e-9
0.04590000000000001	2.138097420040421e-9
0.046000000000000006	2.1378571449345207e-9
0.04610000000000001	2.137434909749494e-9
0.046200000000000005	2.1373284987014886e-9
0.04630000000000001	2.137058220466784e-9
0.04640000000000001	2.1370757930748453e-9
0.04650000000000001	2.1367676197800357e-9
0.04660000000000001	2.1365941692374037e-9
0.046700000000000005	2.13636284511982e-9
0.04680000000000001	2.136417573996102e-9
0.04690000000000001	2.1362076705302916e-9
0.04700000000000001	2.135856751482796e-9
0.04710000000000001	2.1356555811958288e-9
0.047200000000000006	2.1359307410754296e-9
0.04730000000000001	2.1355371585105707e-9
0.04740000000000001	2.1353785934216668e-9
0.04750000000000001	2.135388426346893e-9
0.0476	2.135028728321141e-9
0.047700000000000006	2.134999992694639e-9
0.0478	2.1345859553078283e-9
0.047900000000000005	2.134693402140056e-9
0.048	2.134449607582723e-9
0.048100000000000004	2.1344517487740935e-9
0.04820000000000001	2.134438217342714e-9
0.0483	2.1341711387389e-9
0.048400000000000006	2.133962595448764e-9
0.0485	2.133977719623288e-9
0.048600000000000004	2.134021323408314e-9
0.0487	2.133546184512885e-9
0.0488	2.13368628531542e-9
0.048900000000000006	2.13375117789402e-9
0.049	2.133690849709574e-9
0.049100000000000005	2.133634336269347e-9
0.0492	2.133286256583743e-9
0.049300000000000004	2.1334574460107157e-9
0.049400000000000006	2.133439393240991e-9
0.0495	2.1333452120194794e-9
0.049600000000000005	2.132970666196764e-9
0.0497	2.1329156289669985e-9
0.049800000000000004	2.132889784866953e-9
0.0499	2.1329098121391677e-9
0.05	2.132899847660325e-9
0.050100000000000006	2.1330343342348745e-9
0.05020000000000001	2.1327513773674746e-9
0.050300000000000004	2.132574063569032e-9
0.05040000000000001	2.132520507837201e-9
0.0505	2.1326906241122927e-9
0.050600000000000006	2.1326029290064236e-9
0.05070000000000001	2.1326186700403177e-9
0.050800000000000005	2.132508646409042e-9
0.05090000000000001	2.1325037262990782e-9
0.051000000000000004	2.132585860838005e-9
0.051100000000000007	2.1323790032719445e-9
0.0512	2.1323682634436028e-9
0.051300000000000005	2.13210531139904e-9
0.05140000000000001	2.1321157349590934e-9
0.051500000000000004	2.131917801629908e-9
0.05160000000000001	2.131929141353085e-9
0.0517	2.131654398820468e-9
0.051800000000000006	2.1315868938441164e-9
0.05190000000000001	2.1314279278005433e-9
0.052000000000000005	2.131321977701123e-9
0.05210000000000001	2.1311030513475363e-9
0.0522	2.13088340435789e-9
0.052300000000000006	2.130840609628265e-9
0.0524	2.130618731783106e-9
0.052500000000000005	2.130507630489782e-9
0.05260000000000001	2.1303769784528956e-9
0.05270000000000001	2.129909653072653e-9
0.05280000000000001	2.129872911833251e-9
0.05290000000000001	2.1295409822684836e-9
0.053000000000000005	2.129597725851865e-9
0.05310000000000001	2.129257550805831e-9
0.05320000000000001	2.128962722102728e-9
0.05330000000000001	2.1286247629588715e-9
0.05340000000000001	2.1283823774666828e-9
0.053500000000000006	2.1283280008788025e-9
0.05360000000000001	2.1278267086358093e-9
0.053700000000000005	2.127726674570065e-9
0.05380000000000001	2.127445467019136e-9
0.05390000000000001	2.127172484256633e-9
0.054000000000000006	2.1270142999616492e-9
0.05410000000000001	2.1269785974466585e-9
0.054200000000000005	2.1264247200823675e-9
0.05430000000000001	2.1265051062216924e-9
0.05440000000000001	2.1261094206942714e-9
0.05450000000000001	2.1257474164007644e-9
0.05460000000000001	2.1257960910828497e-9
0.054700000000000006	2.1257457426368136e-9
0.05480000000000001	2.1257353204941676e-9
0.054900000000000004	2.1253066994050666e-9
0.05500000000000001	2.1252440894130982e-9
0.0551	2.12516884831533e-9
0.055200000000000006	2.1248562908141846e-9
0.0553	2.1249647975201786e-9
0.055400000000000005	2.1249073056320067e-9
0.0555	2.1246549583906414e-9
0.055600000000000004	2.1245008748010347e-9
0.055700000000000006	2.1244530056352545e-9
0.0558	2.124171831339631e-9
0.055900000000000005	2.124253356660893e-9
0.056	2.1239519373281337e-9
0.056100000000000004	2.1239189844749295e-9
0.0562	2.124018002362444e-9
0.0563	2.1239200109308086e-9
0.056400000000000006	2.1236877713771713e-9
0.0565	2.123783429075201e-9
0.056600000000000004	2.1233529427234467e-9
0.0567	2.123500692247318e-9
0.0568	2.123237958399455e-9
0.056900000000000006	2.1231849775747614e-9
0.057	2.1230105487843864e-9
0.057100000000000005	2.123052237755532e-9
0.0572	2.122773703091198e-9
0.057300000000000004	2.1228217416642868e-9
0.05740000000000001	2.122668600109075e-9
0.0575	2.122517137665513e-9
0.057600000000000005	2.1227145311970665e-9
0.05770000000000001	2.1227084545889163e-9
0.057800000000000004	2.12241132834731e-9
0.05790000000000001	2.1226241430735915e-9
0.058	2.1225214889369456e-9
0.058100000000000006	2.122260835225203e-9
0.05820000000000001	2.122245812724254e-9
0.058300000000000005	2.122208463114136e-9
0.05840000000000001	2.1222749980304766e-9
0.0585	2.1221011684702436e-9
0.058600000000000006	2.122099704969525e-9
0.0587	2.121880913719528e-9
0.058800000000000005	2.1219408038736583e-9
0.05890000000000001	2.121984496968784e-9
0.059000000000000004	2.1217165904905333e-9
0.05910000000000001	2.121552374875492e-9
0.0592	2.121787345954187e-9
0.059300000000000005	2.1216508742607796e-9
0.05940000000000001	2.1216284969936164e-9
0.059500000000000004	2.1215196546070914e-9
0.05960000000000001	2.121589774938457e-9
0.0597	2.1214583093199727e-9
0.059800000000000006	2.1214499925661456e-9
0.05990000000000001	2.1214802967462248e-9
0.060000000000000005	2.1216481881681713e-9
0.06010000000000001	2.121578098965371e-9
0.06020000000000001	2.1215151496494215e-9
0.060300000000000006	2.1214263756961625e-9
0.06040000000000001	2.121436648189135e-9
0.060500000000000005	2.1213551897955446e-9
0.06060000000000001	2.1211411608092496e-9
0.06070000000000001	2.1211393159655033e-9
0.06080000000000001	2.120991882371703e-9
0.06090000000000001	2.120843483529598e-9
0.061000000000000006	2.1207514626476195e-9
0.06110000000000001	2.120740418420297e-9
0.061200000000000004	2.1204030968671324e-9
0.06130000000000001	2.1203566525078003e-9
0.06140000000000001	2.1202718149386216e-9
0.061500000000000006	2.1201678493060578e-9
0.06160000000000001	2.1199929314391e-9
0.061700000000000005	2.1199218706618004e-9
0.06180000000000001	2.1198269206909535e-9
0.06190000000000001	2.1196166004511744e-9
0.062000000000000006	2.1195047062875986e-9
0.06210000000000001	2.1192844901233257e-9
0.062200000000000005	2.1191422310825437e-9
0.06230000000000001	2.1190013888754947e-9
0.06240000000000001	2.1187097330711366e-9
0.06250000000000001	2.1185052431280607e-9
0.0626	2.1183075001136157e-9
0.0627	2.1181063383818818e-9
0.06280000000000001	2.1178766714516924e-9
0.0629	2.117668926816432e-9
0.063	2.1175137272527635e-9
0.0631	2.1172566870165268e-9
0.0632	2.1170095647175004e-9
0.06330000000000001	2.116740581388977e-9
0.0634	2.1165477721031368e-9
0.0635	2.1164161651015478e-9
0.0636	2.1162090748030005e-9
0.0637	2.1159591525790974e-9
0.06380000000000001	2.115819312503019e-9
0.0639	2.1156976865573445e-9
0.064	2.115480969346588e-9
0.0641	2.1153244386851613e-9
0.06420000000000001	2.115170911721216e-9
0.0643	2.114857397960455e-9
0.0644	2.1147757429443346e-9
0.0645	2.1146876414104026e-9
0.0646	2.1146364206353188e-9
0.06470000000000001	2.1144991308534756e-9
0.0648	2.1144023396225994e-9
0.0649	2.114277831668698e-9
0.065	2.114204644292095e-9
0.0651	2.114088879047901e-9
0.06520000000000001	2.11402899525155e-9
0.06530000000000001	2.1139173995576475e-9
0.0654	2.113785057176348e-9
0.0655	2.113718186843595e-9
0.0656	2.113598227168111e-9
0.06570000000000001	2.1134515462452105e-9
0.06580000000000001	2.1133627251250845e-9
0.0659	2.1134212061758184e-9
0.066	2.113184138883341e-9
0.0661	2.113234897371006e-9
0.06620000000000001	2.1130432385316034e-9
0.06630000000000001	2.1129938141701955e-9
0.0664	2.1129227228767968e-9
0.0665	2.1126872353482578e-9
0.0666	2.1126514176484106e-9
0.06670000000000001	2.1125989033823978e-9
0.0668	2.1125077377240705e-9
0.0669	2.112415041176522e-9
0.067	2.1123320070809677e-9
0.0671	2.1122406585857525e-9
0.06720000000000001	2.1122461302504587e-9
0.0673	2.1122169401768864e-9
0.0674	2.1120961801008814e-9
0.0675	2.1120351142389934e-9
0.06760000000000001	2.1119141498932404e-9
0.06770000000000001	2.1117615576022566e-9
0.06780000000000001	2.1117446714592098e-9
0.0679	2.1117163426358706e-9
0.068	2.1117355016199412e-9
0.06810000000000001	2.1116452716176295e-9
0.06820000000000001	2.1115512118228852e-9
0.06830000000000001	2.111558139650378e-9
0.0684	2.111465996913508e-9
0.0685	2.111547427934013e-9
0.06860000000000001	2.1114204703458516e-9
0.06870000000000001	2.1114278923674206e-9
0.06880000000000001	2.1113045850713695e-9
0.0689	2.1113672793313202e-9
0.069	2.1112738925309113e-9
0.06910000000000001	2.1111350467815046e-9
0.06920000000000001	2.111236021339517e-9
0.0693	2.110981679645323e-9
0.0694	2.1110789039735178e-9
0.0695	2.1110352392165215e-9
0.06960000000000001	2.1109729204435628e-9
0.06970000000000001	2.1108358457817135e-9
0.0698	2.1109002088147827e-9
0.0699	2.110982512388629e-9
0.07	2.1109342319711945e-9
0.07010000000000001	2.1108390693463324e-9
0.07020000000000001	2.110762761929801e-9
0.07030000000000002	2.110563051160746e-9
0.0704	2.1105323788964877e-9
0.07050000000000001	2.110543446364546e-9
0.07060000000000001	2.110488208059617e-9
0.07070000000000001	2.1105072609236917e-9
0.07080000000000002	2.1105102346602193e-9
0.0709	2.110576528592473e-9
0.07100000000000001	2.110261695711131e-9
0.07110000000000001	2.1104339502759662e-9
0.07120000000000001	2.110191140455929e-9
0.07130000000000002	2.110103478133461e-9
0.0714	2.1102118816176725e-9
0.07150000000000001	2.1100008747961234e-9
0.07160000000000001	2.109996517636695e-9
0.07170000000000001	2.1098144997660944e-9
0.0718	2.1096677224196646e-9
0.0719	2.109622224926971e-9
0.07200000000000001	2.109401155051908e-9
0.07210000000000001	2.1094834589318598e-9
0.07220000000000001	2.109386076278274e-9
0.0723	2.10926465171917e-9
0.0724	2.1092313599349638e-9
0.07250000000000001	2.1089498423200852e-9
0.07260000000000001	2.1088644367946607e-9
0.07270000000000001	2.1088394328316225e-9
0.07280000000000002	2.1085967200494722e-9
0.0729	2.1085588893261214e-9
0.07300000000000001	2.1084509072047774e-9
0.07310000000000001	2.108393018566669e-9
0.07320000000000002	2.1082385632066053e-9
0.07330000000000002	2.1080352167976392e-9
0.0734	2.107890131666838e-9
0.07350000000000001	2.1078549462285083e-9
0.07360000000000001	2.1077016443011083e-9
0.07370000000000002	2.1073068215834736e-9
0.07380000000000002	2.1073315870869857e-9
0.07390000000000001	2.1070298159635575e-9
0.07400000000000001	2.1068457568846945e-9
0.07410000000000001	2.106698568817827e-9
0.07420000000000002	2.106555093636395e-9
0.0743	2.1063143573255927e-9
0.07440000000000001	2.10616186511717e-9
0.07450000000000001	2.106077262472142e-9
0.07460000000000001	2.105895404851027e-9
0.07470000000000002	2.1057054615755783e-9
0.0748	2.105475466272136e-9
0.07490000000000001	2.1054022578960764e-9
0.07500000000000001	2.1052744095100693e-9
0.0751	2.105095154931895e-9
0.0752	2.104960443991497e-9
0.0753	2.1049088296407057e-9
0.0754	2.1047116876344485e-9
0.0755	2.104574101148687e-9
0.0756	2.104414208905884e-9
0.0757	2.1043575586729465e-9
0.0758	2.104171635342509e-9
0.0759	2.104108754962263e-9
0.076	2.104012446780772e-9
0.0761	2.103885208209418e-9
0.0762	2.1038206461008303e-9
0.0763	2.103734502616083e-9
0.0764	2.103610768830517e-9
0.0765	2.103709859964048e-9
0.0766	2.1035826576316344e-9
0.0767	2.103334989249695e-9
0.07680000000000001	2.1034148815876157e-9
0.0769	2.103237078512132e-9
0.077	2.103212166160042e-9
0.0771	2.1030884446835898e-9
0.0772	2.1030981611566206e-9
0.0773	2.1029765649184396e-9
0.0774	2.1029413071947803e-9
0.0775	2.1028118200310994e-9
0.0776	2.1027516556686006e-9
0.0777	2.1027082855128646e-9
0.07780000000000001	2.102564837288215e-9
0.0779	2.10259094537785e-9
0.078	2.1023867720060806e-9
0.0781	2.1023960884579437e-9
0.0782	2.1023885490185007e-9
0.07830000000000001	2.1023274557325342e-9
0.0784	2.102213229505189e-9
0.0785	2.10210092765866e-9
0.0786	2.1022196148326364e-9
0.0787	2.101983703643181e-9
0.07880000000000001	2.1018755632698006e-9
0.0789	2.1020205986178316e-9
0.079	2.101823371214462e-9
0.0791	2.101804233293573e-9
0.0792	2.101713365210588e-9
0.07930000000000001	2.1016427405555936e-9
0.0794	2.1015957332289707e-9
0.0795	2.1015579751357417e-9
0.0796	2.101628299283886e-9
0.07970000000000001	2.1014355340550737e-9
0.0798	2.1015054194090233e-9
0.0799	2.1013565297934347e-9
0.08	2.101355639331747e-9
0.0801	2.1013085997499326e-9
0.08020000000000001	2.1013506404238498e-9
0.08030000000000001	2.101228665772977e-9
0.0804	2.1012618217213543e-9
0.0805	2.10120323966139e-9
0.0806	2.1010939809669627e-9
0.08070000000000001	2.1011874067959148e-9
0.08080000000000001	2.1012103526007817e-9
0.0809	2.1012048957716058e-9
0.081	2.1011471692623538e-9
0.0811	2.1010773787181995e-9
0.08120000000000001	2.1009854650640794e-9
0.08130000000000001	2.1009144014012867e-9
0.0814	2.100912187142544e-9
0.0815	2.1008923147337705e-9
0.0816	2.1008701295924845e-9
0.08170000000000001	2.100911461436834e-9
0.08180000000000001	2.1007939887742593e-9
0.0819	2.1007931613898063e-9
0.082	2.1006486703949153e-9
0.0821	2.1006181602238204e-9
0.08220000000000001	2.1006762944287197e-9
0.0823	2.100702224146036e-9
0.0824	2.1005819728197376e-9
0.0825	2.10064291555746e-9
0.0826	2.1005979394233603e-9
0.08270000000000001	2.100475700217837e-9
0.08280000000000001	2.1005381415554816e-9
0.0829	2.100495526762791e-9
0.083	2.10037396801489e-9
0.08310000000000001	2.100341637042537e-9
0.08320000000000001	2.1004390070747582e-9
0.08330000000000001	2.1003703915837416e-9
0.0834	2.100285372574635e-9
0.0835	2.1002616908995244e-9
0.08360000000000001	2.1001528058669395e-9
0.08370000000000001	2.1001403472843498e-9
0.08380000000000001	2.1002371651673397e-9
0.0839	2.099993546759459e-9
0.084	2.0998421565727733e-9
0.08410000000000001	2.1000011638961894e-9
0.08420000000000001	2.0998758579141087e-9
0.08430000000000001	2.09985952131139e-9
0.0844	2.099671026460655e-9
0.0845	2.0996489677647665e-9
0.08460000000000001	2.099654860661696e-9
0.08470000000000001	2.099494130131444e-9
0.0848	2.0994217990313292e-9
0.0849	2.0993402359174506e-9
0.085	2.0992869892695897e-9
0.08510000000000001	2.0990975696840547e-9
0.08520000000000001	2.0991185805794847e-9
0.08530000000000001	2.0988889569973264e-9
0.0854	2.0989713755087813e-9
0.0855	2.0987877377408744e-9
0.08560000000000001	2.0987784226302892e-9
0.08570000000000001	2.098711596034335e-9
0.08580000000000002	2.098513386894263e-9
0.0859	2.098449728090004e-9
0.08600000000000001	2.098304224144606e-9
0.08610000000000001	2.098348092143042e-9
0.08620000000000001	2.0981558405192206e-9
0.08630000000000002	2.0979499303397376e-9
0.0864	2.097920166955454e-9
0.08650000000000001	2.0977528618213835e-9
0.08660000000000001	2.0974838712428357e-9
0.08670000000000001	2.097428857299732e-9
0.08680000000000002	2.0973262430475096e-9
0.0869	2.0971774678289992e-9
0.08700000000000001	2.097033529826291e-9
0.08710000000000001	2.0968658774431784e-9
0.08720000000000001	2.0966873253768508e-9
0.0873	2.096537915439795e-9
0.0874	2.096405426412822e-9
0.08750000000000001	2.096223376502091e-9
0.08760000000000001	2.0960760836783787e-9
0.08770000000000001	2.0960064136754273e-9
0.08780000000000002	2.095860526455937e-9
0.0879	2.0957185480520503e-9
0.08800000000000001	2.095614636698255e-9
0.08810000000000001	2.095381984883661e-9
0.08820000000000001	2.0952959487485514e-9
0.08830000000000002	2.095146832745496e-9
0.0884	2.094979842818498e-9
0.08850000000000001	2.09485194107375e-9
0.08860000000000001	2.0948737909781307e-9
0.08870000000000001	2.0946498674868318e-9
0.08880000000000002	2.0944866630296357e-9
0.0889	2.0944677836790704e-9
0.08900000000000001	2.094310974370306e-9
0.08910000000000001	2.0941320276981245e-9
0.08920000000000002	2.0939770439362062e-9
0.08930000000000002	2.094025552622025e-9
0.08940000000000001	2.093910323871006e-9
0.08950000000000001	2.093729383241064e-9
0.08960000000000001	2.093768313431645e-9
0.08970000000000002	2.0935759734535053e-9
0.0898	2.0935697669657876e-9
0.08990000000000001	2.0935476970788313e-9
0.09000000000000001	2.0934282466025597e-9
0.09010000000000001	2.093369692388454e-9
0.09020000000000002	2.0932489507032235e-9
0.09030000000000002	2.093250003669405e-9
0.09040000000000001	2.093086441323126e-9
0.09050000000000001	2.093100111851791e-9
0.09060000000000001	2.0929918574867257e-9
0.09070000000000002	2.093073066570419e-9
0.09080000000000002	2.0928672924948873e-9
0.09090000000000001	2.0929079048894436e-9
0.09100000000000001	2.0927418439373932e-9
0.09110000000000001	2.092679783231011e-9
0.09120000000000002	2.0926540219271496e-9
0.09130000000000002	2.092652314853152e-9
0.09140000000000001	2.092642170366669e-9
0.09150000000000001	2.0924814302287747e-9
0.09160000000000001	2.0924540305326134e-9
0.09170000000000002	2.092387652546649e-9
0.09180000000000002	2.0922807398915232e-9
0.09190000000000001	2.092307439835846e-9
0.09200000000000001	2.092134250037289e-9
0.09210000000000002	2.092048890692331e-9
0.09220000000000002	2.092000784386106e-9
0.09230000000000001	2.0920481102897052e-9
0.09240000000000001	2.091912239513488e-9
0.09250000000000001	2.0918843798707635e-9
0.0926	2.0917266785559282e-9
0.0927	2.091698413576829e-9
0.09280000000000001	2.091592513437305e-9
0.0929	2.091619442694511e-9
0.093	2.0914628666746176e-9
0.0931	2.091391418794515e-9
0.0932	2.0913485961452372e-9
0.09330000000000001	2.091406298023025e-9
0.0934	2.091313320571016e-9
0.0935	2.0913468002275446e-9
0.0936	2.0912757042689986e-9
0.0937	2.0911958506910423e-9
0.09380000000000001	2.0912164742223343e-9
0.0939	2.0910625403426465e-9
0.094	2.0911034913861574e-9
0.0941	2.090985953969896e-9
0.0942	2.0909985021417967e-9
0.0943	2.0909935883809053e-9
0.0944	2.090896869875847e-9
0.0945	2.0909544937535864e-9
0.0946	2.0909337345111658e-9
0.0947	2.0908348733408496e-9
0.0948	2.0909583390773677e-9
0.0949	2.0907762792865138e-9
0.095	2.0908364345165263e-9
0.0951	2.0907536229432137e-9
0.0952	2.09079267078231e-9
0.09530000000000001	2.090677411337445e-9
0.0954	2.09073961004561e-9
0.0955	2.0906384516928037e-9
0.0956	2.0905963205134905e-9
0.09570000000000001	2.090465659417399e-9
0.09580000000000001	2.0906295624430543e-9
0.0959	2.0905187703624218e-9
0.096	2.0905037430876277e-9
0.0961	2.0903888531983314e-9
0.09620000000000001	2.0904609136351746e-9
0.09630000000000001	2.0903355034486945e-9
0.0964	2.0904209597230265e-9
0.0965	2.090393187797804e-9
0.0966	2.090395653466589e-9
0.09670000000000001	2.0903392216723787e-9
0.0968	2.090288213323368e-9
0.0969	2.0902081584836134e-9
0.097	2.090146767702816e-9
0.0971	2.09018716231199e-9
0.09720000000000001	2.0900339998270073e-9
0.0973	2.090055179973921e-9
0.0974	2.0899670158165638e-9
0.0975	2.0898590432290214e-9
0.0976	2.089968015275644e-9
0.09770000000000001	2.089934980933641e-9
0.09780000000000001	2.0897782608266594e-9
0.0979	2.089833916382304e-9
0.098	2.0897010843272417e-9
0.0981	2.0897512733117915e-9
0.09820000000000001	2.089693482480494e-9
0.09830000000000001	2.0896732840199282e-9
0.0984	2.0895608129054174e-9
0.0985	2.089557138860577e-9
0.09860000000000001	2.0894510474439106e-9
0.09870000000000001	2.089313670361601e-9
0.09880000000000001	2.08940396022195e-9
0.0989	2.0893941390809963e-9
0.099	2.089156378966694e-9
0.09910000000000001	2.0891273688907383e-9
0.09920000000000001	2.089061795610684e-9
0.0993	2.0890743678127053e-9
0.0994	2.088999654244323e-9
0.0995	2.0888407637536613e-9
0.09960000000000001	2.0888641519502068e-9
0.09970000000000001	2.088774009077028e-9
0.0998	2.088682788355894e-9
0.0999	2.088639171370997e-9
0.1	2.088476168220896e-9
0.11	2.0797621501952416e-9
0.12	2.0750561397123647e-9
0.13	2.0683049266651848e-9
0.14	2.064912328123771e-9
0.15	2.057940498786062e-9
0.16	2.0550922584620445e-9
0.16999999999999998	2.0493377930148286e-9
0.18	2.045283107879411e-9
0.19	2.0432293253404266e-9
0.2	2.0380730655351905e-9
0.21000000000000002	2.0343812607838248e-9
0.22000000000000003	2.032551350716596e-9
0.23	2.0297963728261713e-9
0.24000000000000002	2.0249931683187987e-9
0.25	2.0225186943212808e-9
0.26	2.021190683182549e-9
0.27	2.018709180586297e-9
0.28	2.0143288289955794e-9
0.29000000000000004	2.0120396064074447e-9
0.30000000000000004	2.0105097671193385e-9
0.31	2.0092735892805213e-9
0.32	2.0067036473795717e-9
0.33	2.0029850096213955e-9
0.33999999999999997	2.001061176910703e-9
0.35	1.9995988493277243e-9
0.36	1.998576824211517e-9
0.37	1.9970762104804668e-9
0.38	1.9941243417130625e-9
0.39	1.9912592151747997e-9
0.4	1.9894729857561698e-9
0.41	1.9881952958264457e-9
0.42	1.9872575037600207e-9
0.43	1.9861411353938332e-9
0.43999999999999995	1.9842286816996314e-9
0.44999999999999996	1.9813680711672594e-9
0.45999999999999996	1.978964637418615e-9
0.47	1.97750963522335e-9
0.48	1.976338533131818e-9
0.49	1.975772861498282e-9
0.5	1.9751878352651292e-9
0.51	1.974257796566963e-9
0.52	1.972731481547431e-9
0.53	1.9703917303398173e-9
0.54	1.968326018925609e-9
0.55	1.9671933658977318e-9
0.56	1.9662389795499976e-9
0.5700000000000001	1.965383629417292e-9
0.5800000000000001	1.964610628882994e-9
0.59	1.9640058841264525e-9
0.6	1.963251675705486e-9
0.61	1.961722554620384e-9
0.62	1.9599406795653115e-9
0.63	1.957952045603596e-9
0.64	1.9567304025100087e-9
0.65	1.955938643550367e-9
0.66	1.9552074918848986e-9
0.6699999999999999	1.9545417222261407e-9
0.6799999999999999	1.954000726232335e-9
0.69	1.953466532917708e-9
0.7	1.952770180582599e-9
0.71	1.951822065974515e-9
0.72	1.9505515490016527e-9
0.73	1.9490197020649214e-9
0.74	1.94729672417354e-9
0.75	1.946119910415552e-9
0.76	1.9453793461712187e-9
0.77	1.944647535737953e-9
0.78	1.9440383735028777e-9
0.7899999999999999	1.943741251549736e-9
0.7999999999999999	1.9434033907430416e-9
0.81	1.9430424498727187e-9
0.8200000000000001	1.9428666825184366e-9
0.8300000000000001	1.942242799209984e-9
0.8400000000000001	1.9413723079187673e-9
0.8500000000000001	1.9404824989046097e-9
0.8600000000000001	1.938993551870083e-9
0.8700000000000001	1.937343816100803e-9
0.8800000000000001	1.9365599971841438e-9
0.89	1.9357463649091262e-9
0.9	1.9352129712436894e-9
0.91	1.93457707757505e-9
0.92	1.9341175661659137e-9
0.93	1.9336481134774494e-9
0.9400000000000001	1.933093174859702e-9
0.9500000000000001	1.9327247155748867e-9
0.9600000000000001	1.932239894716037e-9
0.97	1.9318085530728806e-9
0.98	1.9311209605261464e-9
0.99	1.9300952584995136e-9
1.	1.9292218928428155e-9
1.01	1.927970516659583e-9
1.02	1.9265643377630066e-9
1.03	1.92546994481319e-9
1.04	1.9246947026073644e-9
1.05	1.924143078877372e-9
1.06	1.9236883228445206e-9
1.07	1.923069449679822e-9
1.08	1.9226298384922505e-9
1.09	1.9222879554993277e-9
1.1	1.921804188778685e-9
1.11	1.9215873928539683e-9
1.12	1.921253352994358e-9
1.1300000000000001	1.921042080296911e-9
1.1400000000000001	1.9206128631200806e-9
1.1500000000000001	1.9201929071807068e-9
1.1600000000000001	1.91928767574348e-9
1.1700000000000002	1.9185547337163756e-9
1.1800000000000002	1.9178556414022778e-9
1.1900000000000002	1.916748921418952e-9
1.2000000000000002	1.9157081095127177e-9
1.2100000000000002	1.9146790548612676e-9
1.2200000000000002	1.9138041477078857e-9
1.2300000000000002	1.9133676609393094e-9
1.2400000000000002	1.9128733491232937e-9
1.2500000000000002	1.9123920878100487e-9
1.2600000000000002	1.9119503411804526e-9
1.2700000000000002	1.9116153124351056e-9
1.2800000000000002	1.9112747552811264e-9
1.2900000000000003	1.910946444436462e-9
1.3000000000000003	1.910846097126653e-9
1.31	1.910649994147397e-9
1.32	1.910416595016025e-9
1.33	1.9102389036994857e-9
1.34	1.910125507115343e-9
1.35	1.909824841734467e-9
1.36	1.9094810370753106e-9
1.37	1.9089076625081023e-9
1.3800000000000001	1.908440215638958e-9
1.3900000000000001	1.9077651823529475e-9
1.4000000000000001	1.9070878075210177e-9
1.4100000000000001	1.906095794680964e-9
1.4200000000000002	1.905465704471606e-9
1.4300000000000002	1.9047993656353556e-9
1.4400000000000002	1.9042486547274554e-9
1.4500000000000002	1.9038947440464647e-9
1.4600000000000002	1.903692573490681e-9
1.4700000000000002	1.903249437739061e-9
1.4800000000000002	1.9030375537238556e-9
1.4900000000000002	1.9027495553524055e-9
1.5000000000000002	1.902317151324294e-9
1.5100000000000002	1.9018250729910206e-9
1.5200000000000002	1.9017852854957995e-9
1.5300000000000002	1.901783372859478e-9
1.5400000000000003	1.9014856720087628e-9
1.5500000000000003	1.9011958858674765e-9
1.5600000000000003	1.9009435851032673e-9
1.5700000000000003	1.900703687152295e-9
1.5800000000000003	1.9004762627343505e-9
1.5900000000000003	1.900043123823775e-9
1.6000000000000003	1.8993094023993726e-9
1.61	1.8988777742716738e-9
1.62	1.8985109517801996e-9
1.6300000000000001	1.8979175772152617e-9
1.6400000000000001	1.8971292251615006e-9
1.6500000000000001	1.8961775794665412e-9
1.6600000000000001	1.8954614582752497e-9
1.6700000000000002	1.894639603610238e-9
1.6800000000000002	1.8942166518596615e-9
1.6900000000000002	1.893612641108925e-9
1.7000000000000002	1.8932273230374843e-9
1.7100000000000002	1.8930441280421085e-9
1.7200000000000002	1.892550854464631e-9
1.7300000000000002	1.8922416407399457e-9
1.7400000000000002	1.8920325049451087e-9
1.7500000000000002	1.8917170813275856e-9
1.7600000000000002	1.891510841357262e-9
1.7700000000000002	1.891327945972431e-9
1.7800000000000002	1.891072765878843e-9
1.7900000000000003	1.8910771503350656e-9
1.8000000000000003	1.890778793722044e-9
1.81	1.890627818077084e-9
1.82	1.890569691186563e-9
1.83	1.890462694600352e-9
1.84	1.8902124177978474e-9
1.85	1.8900667822858574e-9
1.86	1.8898079928055762e-9
1.87	1.889668485085642e-9
1.8800000000000001	1.8893439445162004e-9
1.8900000000000001	1.8889731195170223e-9
1.9000000000000001	1.8885208934555094e-9
1.9100000000000001	1.888178504934045e-9
1.9200000000000002	1.8873673836074e-9
1.9300000000000002	1.8868504141604008e-9
1.9400000000000002	1.8864240638330264e-9
1.9500000000000002	1.885735648498549e-9
1.9600000000000002	1.8851324878625113e-9
1.9700000000000002	1.8845939250819848e-9
1.9800000000000002	1.883865115680677e-9
1.9900000000000002	1.8834746026618603e-9
2.	1.883035665200667e-9
2.0100000000000002	1.882669652118124e-9
2.02	1.8823739070192437e-9
2.0300000000000002	1.8820549577386118e-9
2.04	1.8817283929514697e-9
2.0500000000000003	1.8815197849750577e-9
2.06	1.881086651821077e-9
2.0700000000000003	1.880997469657707e-9
2.08	1.88062873297245e-9
2.0900000000000003	1.8805733574653924e-9
2.1	1.8805904730343337e-9
2.11	1.8803310628152824e-9
2.1199999999999997	1.880104941294315e-9
2.13	1.88012642905555e-9
2.1399999999999997	1.87974698169468e-9
2.15	1.879644670753103e-9
2.1599999999999997	1.879441036899468e-9
2.17	1.8791409793139753e-9
2.1799999999999997	1.8788858147870427e-9
2.19	1.8788812035841012e-9
2.1999999999999997	1.878585952933486e-9
2.21	1.8783798584966816e-9
2.2199999999999998	1.877838522006164e-9
2.23	1.8774637799757096e-9
2.2399999999999998	1.8770589282088567e-9
2.25	1.876580586456978e-9
2.26	1.8760466615117354e-9
2.27	1.8755387110146207e-9
2.28	1.87508599293657e-9
2.29	1.8749432566104436e-9
2.3	1.873920225460514e-9
2.31	1.8733545005613472e-9
2.32	1.8727385850171174e-9
2.33	1.8724420231527514e-9
2.34	1.872105935848058e-9
2.35	1.8719413782793423e-9
2.36	1.8714526288138e-9
2.37	1.8714293458782014e-9
2.38	1.8710687141657288e-9
2.39	1.8708744976832838e-9
2.4	1.870831966346149e-9
2.41	1.87047526125677e-9
2.42	1.8702686071012264e-9
2.43	1.870133589384156e-9
2.44	1.8698588835723908e-9
2.45	1.8696671016220947e-9
2.46	1.8695939851394736e-9
2.47	1.8695146477614995e-9
2.48	1.869526976595822e-9
2.49	1.86935647926824e-9
2.5	1.869242811897655e-9