0.0001	2.5973669428097333e-9
0.0002	2.472146517245673e-9
0.00030000000000000003	2.4411897992199015e-9
0.0004	2.422754828008837e-9
0.0005	2.4088918942102437e-9
0.0006000000000000001	2.3981694449794997e-9
0.0007000000000000001	2.389897036214231e-9
0.0008	2.382986110615114e-9
0.0009000000000000001	2.376403363031583e-9
0.001	2.3706291765861584e-9
0.0011	2.365882151964138e-9
0.0012000000000000001	2.360505852110508e-9
0.0013000000000000002	2.355496148855035e-9
0.0014000000000000002	2.3511706507554418e-9
0.0015	2.346202679479778e-9
0.0016	2.341290975147624e-9
0.0017000000000000001	2.3384005547906094e-9
0.0018000000000000002	2.3339075624576154e-9
0.0019000000000000002	2.3305336710664457e-9
0.002	2.326405448223024e-9
0.0021	2.3244873518845533e-9
0.0022	2.3201282898933722e-9
0.0023	2.3169601712460173e-9
0.0024	2.314177442120653e-9
0.0025	2.312136947194219e-9
0.0026	2.3084614955194205e-9
0.0026999999999999997	2.3045594914969646e-9
0.0028	2.3036636689899524e-9
0.0029	2.301604738836577e-9
0.003	2.2978986538489496e-9
0.0031	2.2952811308500644e-9
0.0031999999999999997	2.2942794298591276e-9
0.0033	2.2931319805507915e-9
0.0034	2.2911346738910883e-9
0.0035	2.2883703149092524e-9
0.0036	2.28575663529774e-9
0.0037	2.2848785813087564e-9
0.0038	2.2838233680379185e-9
0.0039	2.2821775233582567e-9
0.004	2.2793436032258253e-9
0.0040999999999999995	2.2769071095669167e-9
0.0042	2.2750730188783996e-9
0.0043	2.274311499029621e-9
0.0044	2.273777741287088e-9
0.0045	2.2727709827063104e-9
0.0046	2.270725086848485e-9
0.0047	2.2684301424492847e-9
0.0048000000000000004	2.266793151642981e-9
0.0049	2.2654126414345182e-9
0.005	2.2646335932973218e-9
0.0051	2.263829216756645e-9
0.005200000000000001	2.262895278396216e-9
0.0053	2.261209463658587e-9
0.0054	2.258996581420775e-9
0.0055000000000000005	2.2574541741464067e-9
0.005600000000000001	2.2564631534067765e-9
0.0057	2.2554106940109654e-9
0.0058000000000000005	2.2548166598251376e-9
0.005900000000000001	2.254502657846066e-9
0.006	2.253816872129332e-9
0.0061	2.252304428489664e-9
0.006200000000000001	2.2504621810784056e-9
0.0063	2.2485090433773764e-9
0.0064	2.247130228490647e-9
0.006500000000000001	2.2461348055138063e-9
0.0066	2.2452338985443157e-9
0.0067	2.2451489104338138e-9
0.0068000000000000005	2.2451904384645833e-9
0.006900000000000001	2.2452891958452186e-9
0.007	2.2448789023290232e-9
0.0071	2.243821207973728e-9
0.007200000000000001	2.2423947429444538e-9
0.007300000000000001	2.2407617733202586e-9
0.0074	2.2395305095867484e-9
0.007500000000000001	2.238641788634889e-9
0.007600000000000001	2.2376858926687262e-9
0.007700000000000001	2.2370452040784462e-9
0.0078000000000000005	2.2368013721470594e-9
0.0079	2.2368072762432932e-9
0.008	2.2368478460714276e-9
0.008100000000000001	2.2364897654308905e-9
0.0082	2.2359984258977714e-9
0.0083	2.235128641191642e-9
0.008400000000000001	2.2338569557706442e-9
0.0085	2.2327755491473282e-9
0.0086	2.2319894778540768e-9
0.008700000000000001	2.2308124030840366e-9
0.0088	2.229816984601321e-9
0.008900000000000002	2.2287328901271346e-9
0.009000000000000001	2.227966074059802e-9
0.0091	2.227439166361122e-9
0.009200000000000002	2.2273531220903106e-9
0.009300000000000001	2.227210418307538e-9
0.0094	2.2269107179736565e-9
0.009500000000000001	2.226787671585244e-9
0.009600000000000001	2.2262726949584752e-9
0.0097	2.2254228845550148e-9
0.009800000000000001	2.224657537156885e-9
0.0099	2.223709905627733e-9
0.010000000000000002	2.22294118544168e-9
0.0101	2.221933896595594e-9
0.010199999999999999	2.2210910409169528e-9
0.0103	2.219833629805759e-9
0.0104	2.2186245334711407e-9
0.010499999999999999	2.2178263646861237e-9
0.0106	2.2174304910455147e-9
0.0107	2.2170290668221325e-9
0.010799999999999999	2.2167109029680198e-9
0.0109	2.216605051648944e-9
0.011	2.2165784824312187e-9
0.011099999999999999	2.2165135331415232e-9
0.0112	2.216237414441138e-9
0.0113	2.2157830738039416e-9
0.0114	2.2152748267390648e-9
0.0115	2.21475729105033e-9
0.0116	2.2140653819889447e-9
0.0117	2.2132714148677424e-9
0.0118	2.212407130817705e-9
0.011899999999999999	2.2113792362986002e-9
0.012	2.210340005846043e-9
0.0121	2.209158734761407e-9
0.012199999999999999	2.208453069276572e-9
0.0123	2.207927011150301e-9
0.0124	2.207395865046405e-9
0.0125	2.206992004397326e-9
0.0126	2.2064865428092007e-9
0.0127	2.2062894642712483e-9
0.0128	2.206036520307366e-9
0.0129	2.2057089376051898e-9
0.013	2.2055408140175243e-9
0.0131	2.2052207940817566e-9
0.0132	2.205129180821648e-9
0.0133	2.204717650831339e-9
0.0134	2.2046742110726112e-9
0.0135	2.2042822679744247e-9
0.013600000000000001	2.2038663445744142e-9
0.0137	2.2031925104979726e-9
0.0138	2.202349180129001e-9
0.013900000000000001	2.2014257722304788e-9
0.014	2.2004339619566737e-9
0.0141	2.1996624013775024e-9
0.0142	2.1989366764096725e-9
0.0143	2.1982584336600617e-9
0.0144	2.1977729119619205e-9
0.0145	2.1970975151475264e-9
0.0146	2.196724088426479e-9
0.014700000000000001	2.1964011948741817e-9
0.0148	2.1961404717814017e-9
0.0149	2.19584319095863e-9
0.015	2.195465463333906e-9
0.0151	2.1950918889310718e-9
0.0152	2.194919050741996e-9
0.015300000000000001	2.1947281580225474e-9
0.0154	2.194584637220435e-9
0.0155	2.1945806419456583e-9
0.015600000000000001	2.1943565924842043e-9
0.015700000000000002	2.1942919488872594e-9
0.0158	2.194046773782973e-9
0.0159	2.1938967716851823e-9
0.016	2.1933740294393475e-9
0.0161	2.1927349316168428e-9
0.0162	2.1919920395630063e-9
0.016300000000000002	2.1913427131699628e-9
0.0164	2.1907315728014917e-9
0.0165	2.1900498736577455e-9
0.0166	2.1892745652937358e-9
0.0167	2.1885261122016656e-9
0.016800000000000002	2.1878784330700944e-9
0.016900000000000002	2.1873484289537106e-9
0.017	2.1867443673511626e-9
0.0171	2.186305736234728e-9
0.0172	2.1858551709734265e-9
0.0173	2.185605799615625e-9
0.0174	2.1853070534141392e-9
0.0175	2.1848913895925148e-9
0.0176	2.184538996775559e-9
0.0177	2.1843290925878225e-9
0.0178	2.1840174161617365e-9
0.017900000000000003	2.1837964224259706e-9
0.018000000000000002	2.183564201857638e-9
0.0181	2.183523701518907e-9
0.0182	2.183431320313235e-9
0.0183	2.1831788449383556e-9
0.0184	2.1831452974396626e-9
0.018500000000000003	2.1828738767981102e-9
0.018600000000000002	2.182855350207771e-9
0.0187	2.182468649100904e-9
0.0188	2.182091623126212e-9
0.0189	2.1816988210821803e-9
0.019	2.1812178644095096e-9
0.019100000000000002	2.180691271505019e-9
0.019200000000000002	2.1801152019114728e-9
0.0193	2.179439203978898e-9
0.0194	2.178745697781173e-9
0.0195	2.178044167017665e-9
0.0196	2.1773245945280393e-9
0.019700000000000002	2.1768446360454034e-9
0.0198	2.176326915761944e-9
0.0199	2.175853666834806e-9
0.02	2.1754748554157145e-9
0.0201	2.1751722988860937e-9
0.0202	2.1748619211947238e-9
0.0203	2.174494238472039e-9
0.0204	2.1741681858508366e-9
0.0205	2.1739253033008224e-9
0.0206	2.1736592584027214e-9
0.0207	2.173264867415634e-9
0.0208	2.173163975495277e-9
0.0209	2.172909555115129e-9
0.021	2.1726990223045772e-9
0.0211	2.1724885562340063e-9
0.0212	2.1723713294583393e-9
0.0213	2.172356802384117e-9
0.0214	2.172197268537141e-9
0.0215	2.172125963894858e-9
0.0216	2.172060951883467e-9
0.0217	2.171783228547294e-9
0.0218	2.171708071314002e-9
0.0219	2.1714581557763343e-9
0.022	2.171387419902346e-9
0.0221	2.1710165763289587e-9
0.0222	2.170911548044037e-9
0.0223	2.170499199431263e-9
0.0224	2.1701545146922077e-9
0.0225	2.1695747253716442e-9
0.022600000000000002	2.1692003094340987e-9
0.0227	2.1685426946810844e-9
0.0228	2.1679454522025218e-9
0.022900000000000004	2.167479308018037e-9
0.023000000000000003	2.166926056280166e-9
0.023100000000000002	2.166451304930249e-9
0.023200000000000002	2.1658626945080376e-9
0.0233	2.165410195794417e-9
0.0234	2.165181758752661e-9
0.023500000000000004	2.1647748261718213e-9
0.023600000000000003	2.164473944180055e-9
0.023700000000000002	2.1641734185249537e-9
0.0238	2.1639232051539638e-9
0.0239	2.163567657284162e-9
0.024	2.1633139573955812e-9
0.024100000000000003	2.1630939501095376e-9
0.024200000000000003	2.1627132769382588e-9
0.024300000000000002	2.1626775571802287e-9
0.0244	2.16229273961861e-9
0.0245	2.1620863367379377e-9
0.024600000000000004	2.161941329004902e-9
0.024700000000000003	2.16191450639701e-9
0.024800000000000003	2.161758957697319e-9
0.024900000000000002	2.1616725425336598e-9
0.025	2.161540003842171e-9
0.0251	2.1614574489379192e-9
0.0252	2.161288246559816e-9
0.0253	2.161111455238097e-9
0.025400000000000002	2.16109204795666e-9
0.025500000000000002	2.1609742454391655e-9
0.0256	2.160920910372273e-9
0.0257	2.1608231518280263e-9
0.0258	2.1606433089089146e-9
0.0259	2.160528273406978e-9
0.026000000000000002	2.1603064907967406e-9
0.0261	2.160001501033133e-9
0.0262	2.1597401659004076e-9
0.0263	2.159461386576132e-9
0.0264	2.15924897150826e-9
0.0265	2.1588698462680758e-9
0.026600000000000002	2.1584991898804487e-9
0.0267	2.1579524537021187e-9
0.0268	2.1574552326764266e-9
0.0269	2.1570762080607892e-9
0.027	2.1564175056748568e-9
0.0271	2.155992269151376e-9
0.027200000000000002	2.1555029603117782e-9
0.0273	2.1550420501918044e-9
0.0274	2.1546977314849634e-9
0.0275	2.1543062887087483e-9
0.0276	2.154024973161675e-9
0.0277	2.1538917946785884e-9
0.0278	2.1536676451361285e-9
0.0279	2.1532109275232517e-9
0.028	2.1531539022099666e-9
0.0281	2.1528135517886826e-9
0.0282	2.1524591745759318e-9
0.0283	2.15221854127125e-9
0.028399999999999998	2.152167033142356e-9
0.0285	2.151853882645997e-9
0.0286	2.1517821535659083e-9
0.0287	2.1516426285275918e-9
0.0288	2.151479435867663e-9
0.0289	2.1511606090214684e-9
0.028999999999999998	2.151258803428189e-9
0.0291	2.15107182453969e-9
0.0292	2.150871206194174e-9
0.0293	2.150794750888339e-9
0.0294	2.150693137760818e-9
0.0295	2.150471740272409e-9
0.0296	2.1504084326926156e-9
0.0297	2.1503253368204235e-9
0.0298	2.150327708062194e-9
0.0299	2.15029749150591e-9
0.03	2.1502378615334305e-9
0.030100000000000002	2.1500327380172812e-9
0.0302	2.1500264880084586e-9
0.0303	2.1497611106898736e-9
0.030400000000000003	2.149657618493755e-9
0.030500000000000003	2.1497284680706796e-9
0.030600000000000002	2.1493672521205246e-9
0.0307	2.149325986246213e-9
0.0308	2.148952101072293e-9
0.0309	2.1487941858971157e-9
0.031000000000000003	2.1486894593463867e-9
0.031100000000000003	2.1484805342014092e-9
0.031200000000000002	2.148248584966942e-9
0.0313	2.14791092222416e-9
0.031400000000000004	2.1473883130070564e-9
0.0315	2.1471070757373177e-9
0.0316	2.1464299386051846e-9
0.0317	2.1461912350235596e-9
0.0318	2.1456115897061162e-9
0.031900000000000005	2.145338230948052e-9
0.032	2.1449913194079837e-9
0.032100000000000004	2.144428862175668e-9
0.0322	2.1441389821702667e-9
0.0323	2.1439120046164765e-9
0.0324	2.1434046498918963e-9
0.0325	2.1431954162088105e-9
0.032600000000000004	2.1431451056315466e-9
0.03270000000000001	2.143002697527681e-9
0.0328	2.1427080168340144e-9
0.032900000000000006	2.142341323542609e-9
0.033	2.1421708474114732e-9
0.033100000000000004	2.1420575200894266e-9
0.03320000000000001	2.141798872342848e-9
0.0333	2.141525940434664e-9
0.033400000000000006	2.141533214111561e-9
0.0335	2.141357266777079e-9
0.033600000000000005	2.141186327910009e-9
0.0337	2.1408069166062286e-9
0.033800000000000004	2.140840317662786e-9
0.033900000000000007	2.1405530367260803e-9
0.034	2.1406038387011266e-9
0.034100000000000005	2.1405205941719606e-9
0.0342	2.1404398780989334e-9
0.034300000000000004	2.1400327483619638e-9
0.03440000000000001	2.140282079909757e-9
0.0345	2.140083611991043e-9
0.034600000000000006	2.1400940383103657e-9
0.0347	2.1400654463226183e-9
0.034800000000000005	2.1399755376783686e-9
0.0349	2.1397257619842232e-9
0.035	2.139754400270526e-9
0.035100000000000006	2.1393990109449205e-9
0.03520000000000001	2.13940449839443e-9
0.035300000000000005	2.1392533953126937e-9
0.03540000000000001	2.139341747645111e-9
0.035500000000000004	2.1393531890637143e-9
0.03560000000000001	2.1391472140631862e-9
0.03570000000000001	2.139107556567246e-9
0.035800000000000005	2.139145763840559e-9
0.03590000000000001	2.1389196906724788e-9
0.036000000000000004	2.1386573947349575e-9
0.03610000000000001	2.1384526433384496e-9
0.0362	2.1387015090479937e-9
0.036300000000000006	2.1383572329174717e-9
0.03640000000000001	2.1382738084621055e-9
0.036500000000000005	2.1379760107861168e-9
0.03660000000000001	2.1376125613630243e-9
0.0367	2.137676476880906e-9
0.036800000000000006	2.137204648940167e-9
0.03690000000000001	2.1368339006449684e-9
0.037000000000000005	2.1367245654696657e-9
0.03710000000000001	2.1363888813964875e-9
0.037200000000000004	2.1359411051263426e-9
0.03730000000000001	2.1355210421689273e-9
0.0374	2.1353745444970474e-9
0.037500000000000006	2.134949502008187e-9
0.0376	2.1345543384795226e-9
0.037700000000000004	2.134376357159831e-9
0.0378	2.133773267453308e-9
0.0379	2.1334808770347537e-9
0.038	2.133380480195471e-9
0.0381	2.1332025982851152e-9
0.038200000000000005	2.1327553260212377e-9
0.0383	2.1326169345051774e-9
0.038400000000000004	2.132504169985744e-9
0.0385	2.132378412992787e-9
0.0386	2.132217188717718e-9
0.0387	2.131968396052157e-9
0.0388	2.1316331848011826e-9
0.038900000000000004	2.1316436187882345e-9
0.039	2.131460033979305e-9
0.0391	2.1311369126432708e-9
0.0392	2.131227638764849e-9
0.0393	2.130856533375337e-9
0.039400000000000004	2.1305214936786947e-9
0.0395	2.130640531871558e-9
0.0396	2.1304495025266998e-9
0.0397	2.1303847388502862e-9
0.0398	2.1300730245105266e-9
0.039900000000000005	2.129831344418554e-9
0.04	2.1299702740436956e-9
0.040100000000000004	2.1297130507299065e-9
0.04020000000000001	2.129828256712274e-9
0.0403	2.129591635027811e-9
0.040400000000000005	2.12960726465643e-9
0.0405	2.1295901369858176e-9
0.040600000000000004	2.1295184043323496e-9
0.04070000000000001	2.1293344800851415e-9
0.0408	2.1292729466663274e-9
0.040900000000000006	2.1291309063483154e-9
0.041	2.1293666815517492e-9
0.041100000000000005	2.129109402175288e-9
0.0412	2.1289378636041643e-9
0.0413	2.12871314202393e-9
0.041400000000000006	2.128774149788215e-9
0.0415	2.1289390569855477e-9
0.041600000000000005	2.128627771700379e-9
0.0417	2.1286770963959824e-9
0.041800000000000004	2.128786752430722e-9
0.04190000000000001	2.1282930619868286e-9
0.042	2.128566006273428e-9
0.042100000000000005	2.128591045814544e-9
0.0422	2.128504883978038e-9
0.042300000000000004	2.1282515068559513e-9
0.04240000000000001	2.1281222678227827e-9
0.0425	2.128162726888229e-9
0.042600000000000006	2.1279259160950484e-9
0.04270000000000001	2.127456210149031e-9
0.042800000000000005	2.1274160916351283e-9
0.04290000000000001	2.127411613034259e-9
0.043000000000000003	2.1273757142412874e-9
0.043100000000000006	2.1271608012650046e-9
0.04320000000000001	2.1269119727185303e-9
0.043300000000000005	2.126745957208591e-9
0.04340000000000001	2.126380873728445e-9
0.043500000000000004	2.1263512644433984e-9
0.04360000000000001	2.1261284631010556e-9
0.0437	2.125808251548294e-9
0.043800000000000006	2.125439623902002e-9
0.04390000000000001	2.1252444827323435e-9
0.044000000000000004	2.1247526939696153e-9
0.04410000000000001	2.1245800159509643e-9
0.0442	2.1239428219514714e-9
0.044300000000000006	2.1240280259322135e-9
0.04440000000000001	2.1236990490008946e-9
0.044500000000000005	2.1234906922666433e-9
0.04460000000000001	2.1232241333423155e-9
0.044700000000000004	2.122767882015214e-9
0.044800000000000006	2.1226705607986297e-9
0.04490000000000001	2.1223765516709507e-9
0.045000000000000005	2.1222447965183763e-9
0.04510000000000001	2.12197718366459e-9
0.04520000000000001	2.1218231617745287e-9
0.04530000000000001	2.1214665398923193e-9
0.04540000000000001	2.121409404417694e-9
0.045500000000000006	2.12115276396553e-9
0.04560000000000001	2.121225482933437e-9
0.04570000000000001	2.1210321888721526e-9
0.04580000000000001	2.1209786152032887e-9
0.04590000000000001	2.120892014865343e-9
0.046000000000000006	2.12065636360294e-9
0.04610000000000001	2.120518326297539e-9
0.046200000000000005	2.1204277026758763e-9
0.04630000000000001	2.1201312376316813e-9
0.04640000000000001	2.119894674493766e-9
0.04650000000000001	2.12008146794643e-9
0.04660000000000001	2.1198001344421448e-9
0.046700000000000005	2.1197532152126113e-9
0.04680000000000001	2.119704720699504e-9
0.04690000000000001	2.1192337458557923e-9
0.04700000000000001	2.1194016907820705e-9
0.04710000000000001	2.1193458702931376e-9
0.047200000000000006	2.1192997586843366e-9
0.04730000000000001	2.1190842671066817e-9
0.04740000000000001	2.11904840198472e-9
0.04750000000000001	2.119065269634688e-9
0.0476	2.1187471165202794e-9
0.047700000000000006	2.1188850389888095e-9
0.0478	2.1188752725571356e-9
0.047900000000000005	2.1188346978190974e-9
0.048	2.118726706622522e-9
0.048100000000000004	2.1187150297337317e-9
0.04820000000000001	2.118370820446098e-9
0.0483	2.1185179826844484e-9
0.048400000000000006	2.1183573711995932e-9
0.0485	2.1184920091096115e-9
0.048600000000000004	2.118170518494858e-9
0.0487	2.1179218396890574e-9
0.0488	2.1182289990270298e-9
0.048900000000000006	2.118127080708372e-9
0.049	2.1178674933604945e-9
0.049100000000000005	2.118070225040737e-9
0.0492	2.1180610422807554e-9
0.049300000000000004	2.1179831872823276e-9
0.049400000000000006	2.117721969153155e-9
0.0495	2.117962338807005e-9
0.049600000000000005	2.1179869065078086e-9
0.0497	2.117761875173187e-9
0.049800000000000004	2.117546015606003e-9
0.0499	2.117616713740963e-9
0.05	2.1174383501279847e-9
0.050100000000000006	2.117204136432288e-9
0.05020000000000001	2.1170241563806916e-9
0.050300000000000004	2.117056902829112e-9
0.05040000000000001	2.1168190754594747e-9
0.0505	2.1166763695440596e-9
0.050600000000000006	2.116596454458882e-9
0.05070000000000001	2.1164568297576507e-9
0.050800000000000005	2.116431065983125e-9
0.05090000000000001	2.1163701771116253e-9
0.051000000000000004	2.116176088788262e-9
0.051100000000000007	2.115720072561796e-9
0.0512	2.1158024165921467e-9
0.051300000000000005	2.1154339811835457e-9
0.05140000000000001	2.115095728213109e-9
0.051500000000000004	2.115047747372658e-9
0.05160000000000001	2.1147942439832748e-9
0.0517	2.1144753231462776e-9
0.051800000000000006	2.1143792021668203e-9
0.05190000000000001	2.11397555628177e-9
0.052000000000000005	2.1136919945313636e-9
0.05210000000000001	2.1136066743312417e-9
0.0522	2.1133233631961287e-9
0.052300000000000006	2.1130866544568383e-9
0.0524	2.1126487824977112e-9
0.052500000000000005	2.1126947313403435e-9
0.05260000000000001	2.1124163658604182e-9
0.05270000000000001	2.112224778184518e-9
0.05280000000000001	2.111956902859149e-9
0.05290000000000001	2.1116277231771274e-9
0.053000000000000005	2.111551918650439e-9
0.05310000000000001	2.1113383718191644e-9
0.05320000000000001	2.111256248897649e-9
0.05330000000000001	2.1110405335777636e-9
0.05340000000000001	2.1109648769873484e-9
0.053500000000000006	2.1110186972897e-9
0.05360000000000001	2.110659293120856e-9
0.053700000000000005	2.110575249707214e-9
0.05380000000000001	2.1104479249923387e-9
0.05390000000000001	2.1103750062026696e-9
0.054000000000000006	2.110294168176739e-9
0.05410000000000001	2.110095034542207e-9
0.054200000000000005	2.109972192460582e-9
0.05430000000000001	2.109976253924922e-9
0.05440000000000001	2.1096020446410468e-9
0.05450000000000001	2.1096144230594834e-9
0.05460000000000001	2.1097119432372256e-9
0.054700000000000006	2.1095218951933785e-9
0.05480000000000001	2.109172039193408e-9
0.054900000000000004	2.109217549980232e-9
0.05500000000000001	2.1090381699617283e-9
0.0551	2.1091215808753836e-9
0.055200000000000006	2.1089144641050475e-9
0.0553	2.1087223445295813e-9
0.055400000000000005	2.1086456379318807e-9
0.0555	2.108644712481404e-9
0.055600000000000004	2.1086625252371866e-9
0.055700000000000006	2.108674999015441e-9
0.0558	2.1083698174094703e-9
0.055900000000000005	2.108368414475437e-9
0.056	2.1083475330071097e-9
0.056100000000000004	2.1083523022683e-9
0.0562	2.1082980720116103e-9
0.0563	2.108255406676932e-9
0.056400000000000006	2.1081616391892796e-9
0.0565	2.1080010543404765e-9
0.056600000000000004	2.1078992666559813e-9
0.0567	2.1080359148683763e-9
0.0568	2.107954548458195e-9
0.056900000000000006	2.1077226334996773e-9
0.057	2.1077780800023604e-9
0.057100000000000005	2.107761708677904e-9
0.0572	2.1077415739870264e-9
0.057300000000000004	2.1078202140655577e-9
0.05740000000000001	2.1075914199420017e-9
0.0575	2.1075922248617323e-9
0.057600000000000005	2.1075892200381723e-9
0.05770000000000001	2.107424883283518e-9
0.057800000000000004	2.1074033052095246e-9
0.05790000000000001	2.1071928512922684e-9
0.058	2.1073458326264234e-9
0.058100000000000006	2.1070823615943314e-9
0.05820000000000001	2.107168152574304e-9
0.058300000000000005	2.1072462890965264e-9
0.05840000000000001	2.1072172701347222e-9
0.0585	2.107210165988303e-9
0.058600000000000006	2.107102156814685e-9
0.0587	2.1069979210032093e-9
0.058800000000000005	2.106885581696571e-9
0.05890000000000001	2.106910972844688e-9
0.059000000000000004	2.1068060131172706e-9
0.05910000000000001	2.1067738169941595e-9
0.0592	2.1064981363294527e-9
0.059300000000000005	2.106527510146212e-9
0.05940000000000001	2.106457305654393e-9
0.059500000000000004	2.1061595004706496e-9
0.05960000000000001	2.1060812384864278e-9
0.0597	2.105986896992188e-9
0.059800000000000006	2.1059298457987992e-9
0.05990000000000001	2.105662994236254e-9
0.060000000000000005	2.1056786012445156e-9
0.06010000000000001	2.1056081326743616e-9
0.06020000000000001	2.1052884702692612e-9
0.060300000000000006	2.10509693571731e-9
0.06040000000000001	2.1051218315964527e-9
0.060500000000000005	2.104920783135061e-9
0.06060000000000001	2.1046475116157216e-9
0.06070000000000001	2.1041445038527243e-9
0.06080000000000001	2.104245979359336e-9
0.06090000000000001	2.1040609653867685e-9
0.061000000000000006	2.103807105525035e-9
0.06110000000000001	2.1034063742286197e-9
0.061200000000000004	2.103253896154809e-9
0.06130000000000001	2.103065976282571e-9
0.06140000000000001	2.1030275058303494e-9
0.061500000000000006	2.102670225211764e-9
0.06160000000000001	2.1024534452721385e-9
0.061700000000000005	2.1023145885863214e-9
0.06180000000000001	2.102022846025396e-9
0.06190000000000001	2.101943000604216e-9
0.062000000000000006	2.1016278589275544e-9
0.06210000000000001	2.1013251672019077e-9
0.062200000000000005	2.1012907868853725e-9
0.06230000000000001	2.1012269817250636e-9
0.06240000000000001	2.1009462010581728e-9
0.06250000000000001	2.100892304273562e-9
0.0626	2.100769213146787e-9
0.0627	2.1007278557040772e-9
0.06280000000000001	2.100516313495072e-9
0.0629	2.100344719125934e-9
0.063	2.100443216326436e-9
0.0631	2.100159011837035e-9
0.0632	2.100143489460124e-9
0.06330000000000001	2.1000225285887954e-9
0.0634	2.0999063718979665e-9
0.0635	2.0998510674157152e-9
0.0636	2.099669257705409e-9
0.0637	2.0997347508667616e-9
0.06380000000000001	2.0994601625761105e-9
0.0639	2.0993673184650332e-9
0.064	2.0993999078698555e-9
0.0641	2.0992942336633068e-9
0.06420000000000001	2.099275029288491e-9
0.0643	2.0991266072999087e-9
0.0644	2.098827418301964e-9
0.0645	2.098625321334307e-9
0.0646	2.0986093517690083e-9
0.06470000000000001	2.0985650636759253e-9
0.0648	2.098546603667418e-9
0.0649	2.098307545895365e-9
0.065	2.098272674562103e-9
0.0651	2.0983385131818398e-9
0.06520000000000001	2.0983106986155534e-9
0.06530000000000001	2.098250583589026e-9
0.0654	2.0980233035348992e-9
0.0655	2.098015966799583e-9
0.0656	2.0979094765015794e-9
0.06570000000000001	2.0978773854306944e-9
0.06580000000000001	2.0977638932358484e-9
0.0659	2.0978480482242607e-9
0.066	2.0976707551380076e-9
0.0661	2.09778190167467e-9
0.06620000000000001	2.0976392941452078e-9
0.06630000000000001	2.097745545965674e-9
0.0664	2.0975550992303904e-9
0.0665	2.0976876174268746e-9
0.0666	2.097689079155789e-9
0.06670000000000001	2.097505144068277e-9
0.0668	2.097489047537491e-9
0.0669	2.0971826648428433e-9
0.067	2.097189197117302e-9
0.0671	2.097169975030353e-9
0.06720000000000001	2.0971852930832138e-9
0.0673	2.097183447908297e-9
0.0674	2.0970712824992307e-9
0.0675	2.097106872364913e-9
0.06760000000000001	2.0970791841288026e-9
0.06770000000000001	2.0970274079305467e-9
0.06780000000000001	2.096977448336533e-9
0.0679	2.0970198967014877e-9
0.068	2.0967670341478705e-9
0.06810000000000001	2.0967528317564384e-9
0.06820000000000001	2.0967795558414834e-9
0.06830000000000001	2.096790220030307e-9
0.0684	2.096749404506737e-9
0.0685	2.0967811175863584e-9
0.06860000000000001	2.0966346938054262e-9
0.06870000000000001	2.0966514997343024e-9
0.06880000000000001	2.0967346450605475e-9
0.0689	2.0965976979528964e-9
0.069	2.096411011146274e-9
0.06910000000000001	2.096552530687741e-9
0.06920000000000001	2.096374493413704e-9
0.0693	2.0962870974558e-9
0.0694	2.0963262976615203e-9
0.0695	2.0959860334066034e-9
0.06960000000000001	2.0959948504191765e-9
0.06970000000000001	2.095886437828175e-9
0.0698	2.0957990172724496e-9
0.0699	2.095877718246164e-9
0.07	2.0956801465015157e-9
0.07010000000000001	2.0954917726907317e-9
0.07020000000000001	2.095469680340782e-9
0.07030000000000002	2.09542843237408e-9
0.0704	2.0952506061913013e-9
0.07050000000000001	2.0951664945452907e-9
0.07060000000000001	2.0950795714514643e-9
0.07070000000000001	2.094906306781882e-9
0.07080000000000002	2.094940537355878e-9
0.0709	2.0946960810287762e-9
0.07100000000000001	2.0946759291661005e-9
0.07110000000000001	2.094450985088195e-9
0.07120000000000001	2.09442121975426e-9
0.07130000000000002	2.094217323890413e-9
0.0714	2.093943295044501e-9
0.07150000000000001	2.0938567324775533e-9
0.07160000000000001	2.0935770654947716e-9
0.07170000000000001	2.0935479157729192e-9
0.0718	2.0932442925538953e-9
0.0719	2.093072027834264e-9
0.07200000000000001	2.0930001818562314e-9
0.07210000000000001	2.0927011410071413e-9
0.07220000000000001	2.0924361816285766e-9
0.0723	2.0924589820876343e-9
0.0724	2.0921052614014132e-9
0.07250000000000001	2.0917852513035957e-9
0.07260000000000001	2.0918669599319522e-9
0.07270000000000001	2.0916055164895066e-9
0.07280000000000002	2.0915003125898533e-9
0.0729	2.091394949268745e-9
0.07300000000000001	2.091304612916208e-9
0.07310000000000001	2.091105054344773e-9
0.07320000000000002	2.0909709958345974e-9
0.07330000000000002	2.0907503798667595e-9
0.0734	2.090626403493446e-9
0.07350000000000001	2.0905182868672747e-9
0.07360000000000001	2.090396219772374e-9
0.07370000000000002	2.090142380073278e-9
0.07380000000000002	2.0901821042242627e-9
0.07390000000000001	2.0900035404940887e-9
0.07400000000000001	2.08994853700515e-9
0.07410000000000001	2.0897572475747345e-9
0.07420000000000002	2.0898077274027483e-9
0.0743	2.0897699788881326e-9
0.07440000000000001	2.0895876818608954e-9
0.07450000000000001	2.089433929783845e-9
0.07460000000000001	2.089479993362274e-9
0.07470000000000002	2.0894015578282337e-9
0.0748	2.0892272835470995e-9
0.07490000000000001	2.089088885321354e-9
0.07500000000000001	2.089220431373726e-9
0.0751	2.088999173904787e-9
0.0752	2.0889485849911493e-9
0.0753	2.0888564657331583e-9
0.0754	2.0888825878544772e-9
0.0755	2.0887003523698726e-9
0.0756	2.0884730702533e-9
0.0757	2.088615768848703e-9
0.0758	2.088378480446009e-9
0.0759	2.088403958123352e-9
0.076	2.088311272611367e-9
0.0761	2.088207366097282e-9
0.0762	2.0880480935278823e-9
0.0763	2.0879758732092677e-9
0.0764	2.087992826783993e-9
0.0765	2.0877798391511862e-9
0.0766	2.0878603923050787e-9
0.0767	2.0878288556669146e-9
0.07680000000000001	2.087673860642537e-9
0.0769	2.087671581237369e-9
0.077	2.0876007323520234e-9
0.0771	2.0875448149234234e-9
0.0772	2.0874250893849523e-9
0.0773	2.087502476758695e-9
0.0774	2.08741734362841e-9
0.0775	2.087491551007502e-9
0.0776	2.087125724913769e-9
0.0777	2.0871604482864364e-9
0.07780000000000001	2.0871737525975662e-9
0.0779	2.0871363319546765e-9
0.078	2.087008463945831e-9
0.0781	2.0870634123903817e-9
0.0782	2.0871207826498937e-9
0.07830000000000001	2.087051317392317e-9
0.0784	2.0869750772927373e-9
0.0785	2.0870617617801663e-9
0.0786	2.0869678208742754e-9
0.0787	2.087107486005771e-9
0.07880000000000001	2.086751677821002e-9
0.0789	2.0867422064107577e-9
0.079	2.0866663679380413e-9
0.0791	2.086703407674224e-9
0.0792	2.0866085041689233e-9
0.07930000000000001	2.0865396831358793e-9
0.0794	2.086731016097936e-9
0.0795	2.0866262176932278e-9
0.0796	2.0864906971509965e-9
0.07970000000000001	2.0865447816606953e-9
0.0798	2.08665900482621e-9
0.0799	2.0864022335543967e-9
0.08	2.0864008714437673e-9
0.0801	2.086425945374993e-9
0.08020000000000001	2.0864830699627957e-9
0.08030000000000001	2.086427587323119e-9
0.0804	2.0864501201123908e-9
0.0805	2.0861050418055117e-9
0.0806	2.086090634719944e-9
0.08070000000000001	2.086105139065517e-9
0.08080000000000001	2.0862529090962128e-9
0.0809	2.0863168481901984e-9
0.081	2.086151713922595e-9
0.0811	2.0861388584204915e-9
0.08120000000000001	2.086156233836901e-9
0.08130000000000001	2.0859863848522954e-9
0.0814	2.0859838255931975e-9
0.0815	2.085827789627683e-9
0.0816	2.0860685531510287e-9
0.08170000000000001	2.0856799366220205e-9
0.08180000000000001	2.0856889946352587e-9
0.0819	2.085723240241024e-9
0.082	2.0854319869589527e-9
0.0821	2.0852614669631375e-9
0.08220000000000001	2.085275502790403e-9
0.0823	2.0852656985355603e-9
0.0824	2.0851599050921547e-9
0.0825	2.0851399828153597e-9
0.0826	2.0850048461022448e-9
0.08270000000000001	2.0851446890306627e-9
0.08280000000000001	2.0849274564394904e-9
0.0829	2.08466585304168e-9
0.083	2.0845699702586797e-9
0.08310000000000001	2.084697172612733e-9
0.08320000000000001	2.0844741853015775e-9
0.08330000000000001	2.0844786346623792e-9
0.0834	2.084437863767899e-9
0.0835	2.084339788471808e-9
0.08360000000000001	2.0842827652669394e-9
0.08370000000000001	2.084093269120336e-9
0.08380000000000001	2.083889292855952e-9
0.0839	2.0836887138669305e-9
0.084	2.0836321618173463e-9
0.08410000000000001	2.0833772952743183e-9
0.08420000000000001	2.0833712708011845e-9
0.08430000000000001	2.0832727086096586e-9
0.0844	2.0831480211005093e-9
0.0845	2.0829507099060598e-9
0.08460000000000001	2.082552750580752e-9
0.08470000000000001	2.0824572532308473e-9
0.0848	2.0823037325016452e-9
0.0849	2.082343507999032e-9
0.085	2.0820442485283105e-9
0.08510000000000001	2.0819407059525275e-9
0.08520000000000001	2.0818454013086456e-9
0.08530000000000001	2.081668417533865e-9
0.0854	2.0815370611733896e-9
0.0855	2.081394071775998e-9
0.08560000000000001	2.0810662788270526e-9
0.08570000000000001	2.081097371140601e-9
0.08580000000000002	2.080773373476712e-9
0.0859	2.080687392709451e-9
0.08600000000000001	2.0806248203899017e-9
0.08610000000000001	2.0805468830886163e-9
0.08620000000000001	2.080396139656176e-9
0.08630000000000002	2.0802730302833697e-9
0.0864	2.080242903158181e-9
0.08650000000000001	2.08013545916868e-9
0.08660000000000001	2.079924333794237e-9
0.08670000000000001	2.0799047292288162e-9
0.08680000000000002	2.0796562160349647e-9
0.0869	2.0796120070367488e-9
0.08700000000000001	2.079582369375766e-9
0.08710000000000001	2.0796140390850425e-9
0.08720000000000001	2.079338117934445e-9
0.0873	2.0793596021489503e-9
0.0874	2.0792500542940437e-9
0.08750000000000001	2.0790746527301545e-9
0.08760000000000001	2.0790379805535095e-9
0.08770000000000001	2.079074829779957e-9
0.08780000000000002	2.078964512978648e-9
0.0879	2.078855900969617e-9
0.08800000000000001	2.078816231857918e-9
0.08810000000000001	2.078759590048547e-9
0.08820000000000001	2.0786887329635713e-9
0.08830000000000002	2.078593814152185e-9
0.0884	2.07847498379281e-9
0.08850000000000001	2.0786926604413375e-9
0.08860000000000001	2.0782574592572283e-9
0.08870000000000001	2.0782882734849353e-9
0.08880000000000002	2.0783569747722686e-9
0.0889	2.0782332221509827e-9
0.08900000000000001	2.078377897793735e-9
0.08910000000000001	2.0780364117281233e-9
0.08920000000000002	2.0780109351091813e-9
0.08930000000000002	2.0778903265498307e-9
0.08940000000000001	2.077935388820342e-9
0.08950000000000001	2.077897098112966e-9
0.08960000000000001	2.0777175439099698e-9
0.08970000000000002	2.0776118922741563e-9
0.0898	2.07767658353914e-9
0.08990000000000001	2.077355768431326e-9
0.09000000000000001	2.0774758656026356e-9
0.09010000000000001	2.077477549181745e-9
0.09020000000000002	2.0773242685022003e-9
0.09030000000000002	2.0772382729650067e-9
0.09040000000000001	2.0771296070241184e-9
0.09050000000000001	2.077134466347004e-9
0.09060000000000001	2.077194707943128e-9
0.09070000000000002	2.0770043247000807e-9
0.09080000000000002	2.0770355211370292e-9
0.09090000000000001	2.0771108401540757e-9
0.09100000000000001	2.0768267239424313e-9
0.09110000000000001	2.0767963481277976e-9
0.09120000000000002	2.0769724832462174e-9
0.09130000000000002	2.076910245804504e-9
0.09140000000000001	2.076623439642905e-9
0.09150000000000001	2.076810185606631e-9
0.09160000000000001	2.076669758807269e-9
0.09170000000000002	2.07655888142114e-9
0.09180000000000002	2.0766530025667125e-9
0.09190000000000001	2.0768092519107415e-9
0.09200000000000001	2.076651426719088e-9
0.09210000000000002	2.0767068573197955e-9
0.09220000000000002	2.0765160381066604e-9
0.09230000000000001	2.0764730307598308e-9
0.09240000000000001	2.0763272661494176e-9
0.09250000000000001	2.076437950741585e-9
0.0926	2.076493665797715e-9
0.0927	2.076227233513476e-9
0.09280000000000001	2.0762108733267874e-9
0.0929	2.0762284725020257e-9
0.093	2.076281698160665e-9
0.0931	2.0763293717733816e-9
0.0932	2.076222812382174e-9
0.09330000000000001	2.076077911001375e-9
0.0934	2.07615278723245e-9
0.0935	2.07602971016957e-9
0.0936	2.0759406832547682e-9
0.0937	2.0758153917114337e-9
0.09380000000000001	2.0759886353284376e-9
0.0939	2.0760438190808765e-9
0.094	2.0760018604309746e-9
0.0941	2.076025227518051e-9
0.0942	2.0760458292986186e-9
0.0943	2.0759123658900313e-9
0.0944	2.0760293808965625e-9
0.0945	2.0759809942306853e-9
0.0946	2.075827040922897e-9
0.0947	2.0757240494814367e-9
0.0948	2.0757868399928527e-9
0.0949	2.0758633632700137e-9
0.095	2.075575248573973e-9
0.0951	2.0755649580023977e-9
0.0952	2.0756465101243037e-9
0.09530000000000001	2.075601476515331e-9
0.0954	2.075546461619192e-9
0.0955	2.0757137240879966e-9
0.0956	2.0754894022511882e-9
0.09570000000000001	2.075404836977188e-9
0.09580000000000001	2.075330036787335e-9
0.0959	2.0753675702390272e-9
0.096	2.0755015728345836e-9
0.0961	2.0752377798419527e-9
0.09620000000000001	2.0751581021989107e-9
0.09630000000000001	2.0753524493916106e-9
0.0964	2.0751780159296234e-9
0.0965	2.074874974908179e-9
0.0966	2.074847991958114e-9
0.09670000000000001	2.074771299911597e-9
0.0968	2.0748241505383765e-9
0.0969	2.0747683380429613e-9
0.097	2.0747218408851043e-9
0.0971	2.0746036653283373e-9
0.09720000000000001	2.0746121494132332e-9
0.0973	2.0746648322170527e-9
0.0974	2.0743703810110804e-9
0.0975	2.074199512069656e-9
0.0976	2.074217121490545e-9
0.09770000000000001	2.0741455676390895e-9
0.09780000000000001	2.0741675802103082e-9
0.0979	2.0740602668001237e-9
0.098	2.0738879253852332e-9
0.0981	2.0738290554494458e-9
0.09820000000000001	2.0739140420054623e-9
0.09830000000000001	2.0736055044330144e-9
0.0984	2.0738428009179728e-9
0.0985	2.0736517101033787e-9
0.09860000000000001	2.0733913058968436e-9
0.09870000000000001	2.0732878571597798e-9
0.09880000000000001	2.0731872857355387e-9
0.0989	2.0731543773926912e-9
0.099	2.072943208658714e-9
0.09910000000000001	2.0729096470228892e-9
0.09920000000000001	2.0728933804987655e-9
0.0993	2.0726506672441475e-9
0.0994	2.07239502875794e-9
0.0995	2.072253014571178e-9
0.09960000000000001	2.072204455753121e-9
0.09970000000000001	2.0721809781138623e-9
0.0998	2.0721099418706304e-9
0.0999	2.0717082509358394e-9
0.1	2.0716575391548465e-9
0.11	2.065601711228651e-9
0.12	2.058857587088653e-9
0.13	2.0550067300316145e-9
0.14	2.049292679497534e-9
0.15	2.0449433819602153e-9
0.16	2.0422703801241373e-9
0.16999999999999998	2.0364371477854687e-9
0.18	2.034915496721576e-9
0.19	2.032744458013096e-9
0.2	2.0281843713970826e-9
0.21000000000000002	2.026422756379754e-9
0.22000000000000003	2.025077862131897e-9
0.23	2.020850994508374e-9
0.24000000000000002	2.0183460596251184e-9
0.25	2.0172160106289215e-9
0.26	2.0158760648543666e-9
0.27	2.011979585765942e-9
0.28	2.0095399686521354e-9
0.29000000000000004	2.0081684849125226e-9
0.30000000000000004	2.006982405122241e-9
0.31	2.0049222793845697e-9
0.32	2.001319035584108e-9
0.33	1.999396267218099e-9
0.33999999999999997	1.9982067546029227e-9
0.35	1.9974661019804624e-9
0.36	1.996089722358055e-9
0.37	1.993386505565588e-9
0.38	1.990827378986028e-9
0.39	1.9895623323854434e-9
0.4	1.988439878734153e-9
0.41	1.9877935492410863e-9
0.42	1.9868111178195764e-9
0.43	1.984783055027423e-9
0.43999999999999995	1.9820374108348128e-9
0.44999999999999996	1.9802298679614344e-9
0.45999999999999996	1.9791074780437527e-9
0.47	1.9782107533570196e-9
0.48	1.9776390827301806e-9
0.49	1.977082751603681e-9
0.5	1.9756572903956846e-9
0.51	1.973866163736407e-9
0.52	1.9716614001712e-9
0.53	1.970312171394495e-9
0.54	1.9693381141103872e-9
0.55	1.9684349977414606e-9
0.56	1.9680430951871517e-9
0.5700000000000001	1.9672632770665415e-9
0.5800000000000001	1.9667099192838835e-9
0.59	1.965348948788805e-9
0.6	1.963326340348301e-9
0.61	1.961381417379123e-9
0.62	1.960133249530942e-9
0.63	1.959244604145503e-9
0.64	1.9583813677464863e-9
0.65	1.957627011933656e-9
0.66	1.9571245190602557e-9
0.6699999999999999	1.956588931132381e-9
0.6799999999999999	1.956103507177335e-9
0.69	1.95501639115532e-9
0.7	1.953613786679474e-9
0.71	1.951950741809908e-9
0.72	1.950235323779952e-9
0.73	1.9490797184897506e-9
0.74	1.9482908289255746e-9
0.75	1.9476954432612234e-9
0.76	1.9469488149447294e-9
0.77	1.946598430857566e-9
0.78	1.9461469112629717e-9
0.7899999999999999	1.945810515142936e-9
0.7999999999999999	1.9450810951120314e-9
0.81	1.9443747180635953e-9
0.8200000000000001	1.943205758874602e-9
0.8300000000000001	1.9421563652899236e-9
0.8400000000000001	1.9404008412739827e-9
0.8500000000000001	1.9390754028193803e-9
0.8600000000000001	1.9381845186689865e-9
0.8700000000000001	1.937607222051268e-9
0.8800000000000001	1.937013747367719e-9
0.89	1.9364761198111017e-9
0.9	1.9358922045141375e-9
0.91	1.9356459848412895e-9
0.92	1.9354177802425256e-9
0.93	1.9348586721722774e-9
0.9400000000000001	1.93433055168596e-9
0.9500000000000001	1.9337342010212572e-9
0.9600000000000001	1.9327823201958148e-9
0.97	1.9316462163924955e-9
0.98	1.930752769340212e-9
0.99	1.929199235830588e-9
1.	1.9282221178399983e-9
1.01	1.927338797775335e-9
1.02	1.9268059334795317e-9
1.03	1.926409634784084e-9
1.04	1.9258434690192016e-9
1.05	1.925178803416453e-9
1.06	1.9249773970321344e-9
1.07	1.9247685074937655e-9
1.08	1.9244505213424303e-9
1.09	1.923990460402487e-9
1.1	1.923680205816811e-9
1.11	1.9232959765606062e-9
1.12	1.9227349291384247e-9
1.1300000000000001	1.9217302042914525e-9
1.1400000000000001	1.9209437115023527e-9
1.1500000000000001	1.9202431009182504e-9
1.1600000000000001	1.9190890874069936e-9
1.1700000000000002	1.9179179349553438e-9
1.1800000000000002	1.9171979890827364e-9
1.1900000000000002	1.916587231693938e-9
1.2000000000000002	1.9160663555879e-9
1.2100000000000002	1.915741313506291e-9
1.2200000000000002	1.9152199658615062e-9
1.2300000000000002	1.9148154687793115e-9
1.2400000000000002	1.914572204122872e-9
1.2500000000000002	1.9140506979244746e-9
1.2600000000000002	1.9138862934469697e-9
1.2700000000000002	1.9134205005392253e-9
1.2800000000000002	1.9132665642453535e-9
1.2900000000000003	1.9129461418752138e-9
1.3000000000000003	1.9125057417326995e-9
1.31	1.911918024528015e-9
1.32	1.9115083833774744e-9
1.33	1.9107847306400584e-9
1.34	1.9101211186606685e-9
1.35	1.9092905609114394e-9
1.36	1.9085176634684418e-9
1.37	1.907496774687873e-9
1.3800000000000001	1.9067092294566027e-9
1.3900000000000001	1.906024157692223e-9
1.4000000000000001	1.905583789084156e-9
1.4100000000000001	1.9053503130328157e-9
1.4200000000000002	1.905065189603041e-9
1.4300000000000002	1.904682196062661e-9
1.4400000000000002	1.9042950328451e-9
1.4500000000000002	1.904058509369425e-9
1.4600000000000002	1.9038588953147197e-9
1.4700000000000002	1.903560970167217e-9
1.4800000000000002	1.903445073656899e-9
1.4900000000000002	1.903261268136815e-9
1.5000000000000002	1.9028789350319344e-9
1.5100000000000002	1.9025952212142364e-9
1.5200000000000002	1.902300633106532e-9
1.5300000000000002	1.902096670440759e-9
1.5400000000000003	1.9019189452058796e-9
1.5500000000000003	1.901484355805169e-9
1.5600000000000003	1.901095523399974e-9
1.5700000000000003	1.9006471604146737e-9
1.5800000000000003	1.899852595749364e-9
1.5900000000000003	1.899237985183038e-9
1.6000000000000003	1.8985038609538797e-9
1.61	1.897610990340038e-9
1.62	1.8969015265379802e-9
1.6300000000000001	1.896379211333604e-9
1.6400000000000001	1.895867836726378e-9
1.6500000000000001	1.895651669241388e-9
1.6600000000000001	1.8952953988408714e-9
1.6700000000000002	1.8951561264088146e-9
1.6800000000000002	1.8950937318286724e-9
1.6900000000000002	1.8946429269664777e-9
1.7000000000000002	1.8944755544432942e-9
1.7100000000000002	1.8940392441177635e-9
1.7200000000000002	1.8937748077164346e-9
1.7300000000000002	1.8936122775487874e-9
1.7400000000000002	1.8934629830529886e-9
1.7500000000000002	1.8933323364321403e-9
1.7600000000000002	1.893087953574191e-9
1.7700000000000002	1.8929192581659786e-9
1.7800000000000002	1.892851102042106e-9
1.7900000000000003	1.8924664860456474e-9
1.8000000000000003	1.8922717743031072e-9
1.81	1.8920114755881697e-9
1.82	1.891642191378392e-9
1.83	1.8911603600081695e-9
1.84	1.8908128114437035e-9
1.85	1.8903123274352484e-9
1.86	1.8897785341898546e-9
1.87	1.8890800194205434e-9
1.8800000000000001	1.88861923158617e-9
1.8900000000000001	1.8881369661029606e-9
1.9000000000000001	1.887632112889532e-9
1.9100000000000001	1.8869364908233102e-9
1.9200000000000002	1.88639594053747e-9
1.9300000000000002	1.886036533119448e-9
1.9400000000000002	1.8858407226465285e-9
1.9500000000000002	1.885696544927183e-9
1.9600000000000002	1.885465275419243e-9
1.9700000000000002	1.8853775788376387e-9
1.9800000000000002	1.8849349538856106e-9
1.9900000000000002	1.8848507828652882e-9
2.	1.8845102479775155e-9
2.0100000000000002	1.8842664772975685e-9
2.02	1.88397019273453e-9
2.0300000000000002	1.8837299357104798e-9
2.04	1.883387590390016e-9
2.0500000000000003	1.883083458397399e-9
2.06	1.8829811752524365e-9
2.0700000000000003	1.882745546792658e-9
2.08	1.8825341579309752e-9
2.0900000000000003	1.8823328051285145e-9
2.1	1.8822243907274843e-9
2.11	1.882024982910676e-9
2.1199999999999997	1.8818645988364325e-9
2.13	1.881583877174472e-9
2.1399999999999997	1.881025316144951e-9
2.15	1.880798804306843e-9
2.1599999999999997	1.8804392400417086e-9
2.17	1.879833063299179e-9
2.1799999999999997	1.8794196801375046e-9
2.19	1.878792234312386e-9
2.1999999999999997	1.8784360501492275e-9
2.21	1.878058625492338e-9
2.2199999999999998	1.877663618753334e-9
2.23	1.876948231378209e-9
2.2399999999999998	1.8765041220908244e-9
2.25	1.876006098850834e-9
2.26	1.8756559938193065e-9
2.27	1.8754569743032798e-9
2.28	1.8751188931529464e-9
2.29	1.874732969235803e-9
2.3	1.874638891527727e-9
2.31	1.874387456736943e-9
2.32	1.8744143147823984e-9
2.33	1.874091545232912e-9
2.34	1.874009837838868e-9
2.35	1.8736378953406495e-9
2.36	1.8734999563708584e-9
2.37	1.8733347150217604e-9
2.38	1.872934095078689e-9
2.39	1.8727788824397616e-9
2.4	1.8727096252790375e-9
2.41	1.872645003982336e-9
2.42	1.872519181553199e-9
2.43	1.8723173348191455e-9
2.44	1.8720673836749745e-9
2.45	1.871957522897416e-9
2.46	1.871690030296072e-9
2.47	1.8713923580867034e-9
2.48	1.871153515040171e-9
2.49	1.8709254411077804e-9
2.5	1.870788602529687e-9