0.0001   2.862341975830246e-9
0.0002   2.7621334776340327e-9
0.0003   2.72309744327691e-9
0.0004   2.6851410657118114e-9
0.0005   2.6601635828406597e-9
0.0006   2.6397181868631277e-9
0.0007   2.623046874807172e-9
0.0008   2.6093744962068966e-9
0.0009   2.596232602450957e-9
0.001   2.583853649721624e-9
0.0011   2.5749329066124004e-9
0.0012   2.5654619047802566e-9
0.0013   2.555061978635055e-9
0.0014   2.5479774633447544e-9
0.0015   2.539377316282582e-9
0.0016   2.5336105295390896e-9
0.0017   2.5255149056992746e-9
0.0018   2.5188399516487603e-9
0.0019   2.514653186740947e-9
0.002   2.506287229118761e-9
0.0021   2.5015059849667905e-9
0.0022   2.4982526478687734e-9
0.0023   2.491727470205566e-9
0.0024   2.4859061422300143e-9
0.0025   2.4825044022185193e-9
0.0026   2.479885527981175e-9
0.0027   2.4745904965220252e-9
0.0028   2.4692012111120396e-9
0.0029   2.4654382984796557e-9
0.003   2.463831608994929e-9
0.0031   2.4606214500513036e-9
0.0032   2.4561452751280238e-9
0.0033   2.451409825674716e-9
0.0034   2.448806172965723e-9
0.0035   2.4467263182608578e-9
0.0036   2.444833345832263e-9
0.0037   2.441693275584972e-9
0.0038   2.4369943017850653e-9
0.0039   2.433679300836824e-9
0.004   2.431471654923755e-9
0.0041   2.429552106321671e-9
0.0042   2.4280262190483275e-9
0.0043   2.426340076540448e-9
0.0044   2.422859588811352e-9
0.0045   2.4194779737314434e-9
0.0046   2.4169194221531634e-9
0.0047   2.4151408414038277e-9
0.0048   2.413638232479624e-9
0.0049   2.412390645863213e-9
0.005   2.411260765805837e-9
0.0051   2.4091195795816073e-9
0.0052   2.4060455255899694e-9
0.0053   2.4030099461800096e-9
0.0054   2.400865322414839e-9
0.0055   2.39930549913701e-9
0.0056   2.397741657522973e-9
0.0057   2.3967378928197835e-9
0.0058   2.395695030524833e-9
0.0059   2.3945114469836887e-9
0.006   2.3928118505988725e-9
0.0061   2.390294819192915e-9
0.0062   2.387423266906055e-9
0.0063   2.385416044441976e-9
0.0064   2.383730167894382e-9
0.0065   2.3821434177939103e-9
0.0066   2.3807414333013847e-9
0.0067   2.3796174060078278e-9
0.0068   2.3786026469836462e-9
0.0069   2.377518342851312e-9
0.007   2.3762290393834093e-9
0.0071   2.3744000817618864e-9
0.0072   2.3720358204835586e-9
0.0073   2.369556227056486e-9
0.0074   2.367570914172866e-9
0.0075   2.3661459334604795e-9
0.0076   2.3647203033704857e-9
0.0077   2.363463113726476e-9
0.0078   2.3625249554963924e-9
0.0079   2.3616447470512595e-9
0.008   2.3608298175923622e-9
0.0081   2.3601401060029557e-9
0.0082   2.3590787014700423e-9
0.0083   2.3577542067698043e-9
0.0084   2.3560806412395686e-9
0.0085   2.3540495793932493e-9
0.0086   2.35204633532398e-9
0.0087   2.350223033561023e-9
0.0088   2.349056816420799e-9
0.0089   2.347884105334191e-9
0.009   2.34686808879727e-9
0.0091   2.3457970284115288e-9
0.0092   2.3450989037523003e-9
0.0093   2.344344108035951e-9
0.0094   2.3435506735739804e-9
0.0095   2.342764524912966e-9
0.0096   2.3420501542538857e-9
0.0097   2.3409716960483024e-9
0.0098   2.3397435444645838e-9
0.0099   2.3383713409151077e-9
0.01   2.3364874745535827e-9
0.0101   2.3346734962036373e-9
0.0102   2.3330762245126434e-9
0.0103   2.3318490217236895e-9
0.0104   2.330788209799515e-9
0.0105   2.329775607755889e-9
0.0106   2.328816492283e-9
0.0107   2.3279586331868392e-9
0.0108   2.3272191813305575e-9
0.0109   2.326672768192019e-9
0.011   2.3258982479111674e-9
0.0111   2.325288232689184e-9
0.0112   2.324764569944238e-9
0.0113   2.324129463543939e-9
0.0114   2.323290260728262e-9
0.0115   2.3222619726058535e-9
0.0116   2.3213036942965535e-9
0.0117   2.3199751683330308e-9
0.0118   2.3184529679327013e-9
0.0119   2.316811219368621e-9
0.012   2.3154899880629738e-9
0.0121   2.3144042937339186e-9
0.0122   2.3134811599294646e-9
0.0123   2.312749585280635e-9
0.0124   2.311944152914185e-9
0.0125   2.3110282045681338e-9
0.0126   2.3103612913951564e-9
0.0127   2.3097229192529392e-9
0.0128   2.309252341224564e-9
0.0129   2.3086728183777456e-9
0.013   2.308197610006223e-9
0.0131   2.3076504661367723e-9
0.0132   2.307189421641245e-9
0.0133   2.3066019899087705e-9
0.0134   2.306042100671818e-9
0.0135   2.30522267328872e-9
0.0136   2.304311962729176e-9
0.0137   2.303404372079764e-9
0.0138   2.3022169466371574e-9
0.0139   2.3008405145567226e-9
0.014   2.299522426547871e-9
0.0141   2.2983898226057236e-9
0.0142   2.297398670909824e-9
0.0143   2.2965366406551704e-9
0.0144   2.295893978069894e-9
0.0145   2.2951646405517098e-9
0.0146   2.2944500683288435e-9
0.0147   2.29379114390824e-9
0.0148   2.2931174102182862e-9
0.0149   2.292522012650446e-9
0.015   2.292047617619846e-9
0.0151   2.29163424126858e-9
0.0152   2.2913002804294223e-9
0.0153   2.2906831578151284e-9
0.0154   2.2902823816591782e-9
0.0155   2.2898743298113058e-9
0.0156   2.2894032621959437e-9
0.0157   2.28891597772292e-9
0.0158   2.2883785018287907e-9
0.0159   2.2877147077067727e-9
0.016   2.28694875730987e-9
0.0161   2.2861504649552064e-9
0.0162   2.285256862672487e-9
0.0163   2.284182355037051e-9
0.0164   2.2829821105527543e-9
0.0165   2.281927565329298e-9
0.0166   2.2809323336736867e-9
0.0167   2.2800178808590608e-9
0.0168   2.279405646927073e-9
0.0169   2.2786705734059917e-9
0.017   2.2781208461373067e-9
0.0171   2.277602098804471e-9
0.0172   2.2769786056276105e-9
0.0173   2.2764328152621075e-9
0.0174   2.275948009703427e-9
0.0175   2.2754324597290964e-9
0.0176   2.275024269361991e-9
0.0177   2.2745806349091733e-9
0.0178   2.2743102215799455e-9
0.0179   2.2740404181456335e-9
0.018   2.2735738159958892e-9
0.0181   2.2731756920010796e-9
0.0182   2.272855641253449e-9
0.0183   2.272610787575967e-9
0.0184   2.272202883878371e-9
0.0185   2.2718515568184897e-9
0.0186   2.2713697577232097e-9
0.0187   2.2707862948278967e-9
0.0188   2.2702011873101733e-9
0.0189   2.269506372248554e-9
0.019   2.2688554382342075e-9
0.0191   2.268006847971451e-9
0.0192   2.267131790368338e-9
0.0193   2.2661539788600322e-9
0.0194   2.2652376242588735e-9
0.0195   2.2643533335738815e-9
0.0196   2.2636972344269836e-9
0.0197   2.2630124535066696e-9
0.0198   2.2622882712416345e-9
0.0199   2.2617619115089225e-9
0.02   2.2613542071768427e-9
0.0201   2.2607786234810587e-9
0.0202   2.2603148181016465e-9
0.0203   2.259782693993521e-9
0.0204   2.2592719524221813e-9
0.0205   2.258755240294401e-9
0.0206   2.258407900493774e-9
0.0207   2.2580535294772556e-9
0.0208   2.2576720178430215e-9
0.0209   2.257270764582112e-9
0.021   2.2569359206755153e-9
0.0211   2.2566179975081124e-9
0.0212   2.2562404974482485e-9
0.0213   2.2559353833947336e-9
0.0214   2.2555921889303315e-9
0.0215   2.255261061335554e-9
0.0216   2.2549792729571904e-9
0.0217   2.254734429648376e-9
0.0218   2.2542954381483098e-9
0.0219   2.2538554980197368e-9
0.022   2.2533839146494968e-9
0.0221   2.252762636265595e-9
0.0222   2.2522577352058987e-9
0.0223   2.2516244291358285e-9
0.0224   2.2510484664593444e-9
0.0225   2.2504496893273196e-9
0.0226   2.2496855855077735e-9
0.0227   2.248821169357661e-9
0.0228   2.248049690073505e-9
0.0229   2.2472876757841127e-9
0.023   2.246569007033944e-9
0.0231   2.2459333328032267e-9
0.0232   2.2452788926454917e-9
0.0233   2.2447880839324454e-9
0.0234   2.2442553077390915e-9
0.0235   2.24397966748793e-9
0.0236   2.243435982639274e-9
0.0237   2.243051331188996e-9
0.0238   2.2426156560838134e-9
0.0239   2.242166544002259e-9
0.024   2.241799663810969e-9
0.0241   2.2412981403932277e-9
0.0242   2.2408989172941757e-9
0.0243   2.2405129080102113e-9
0.0244   2.2401571372996423e-9
0.0245   2.239901780752937e-9
0.0246   2.2397615313359514e-9
0.0247   2.2393157618223552e-9
0.0248   2.2391713544740936e-9
0.0249   2.2388042048139586e-9
0.025   2.2386740413139147e-9
0.0251   2.2384482969021864e-9
0.0252   2.2380633325139712e-9
0.0253   2.237980055240327e-9
0.0254   2.2376217128891954e-9
0.0255   2.2373955358953587e-9
0.0256   2.2372390854489684e-9
0.0257   2.2370379800850487e-9
0.0258   2.2365536775737047e-9
0.0259   2.23618137525905e-9
0.026   2.2357429861708662e-9
0.0261   2.235446156366584e-9
0.0262   2.23502118458245e-9
0.0263   2.2344915059039725e-9
0.0264   2.234017814883838e-9
0.0265   2.233507282396522e-9
0.0266   2.232819001278648e-9
0.0267   2.232411827722357e-9
0.0268   2.231693123677801e-9
0.0269   2.230916768734872e-9
0.027   2.230411094089293e-9
0.0271   2.2297764664635613e-9
0.0272   2.2294198877595255e-9
0.0273   2.228742796430862e-9
0.0274   2.2282517436777487e-9
0.0275   2.2279671448395333e-9
0.0276   2.2276050560897636e-9
0.0277   2.227126937621788e-9
0.0278   2.227289873125841e-9
0.0279   2.226578479477632e-9
0.028   2.2261992811067426e-9
0.0281   2.2261194485629164e-9
0.0282   2.2256211227266963e-9
0.0283   2.2256416234790716e-9
0.0284   2.2248649527679643e-9
0.0285   2.224598740638592e-9
0.0286   2.2246345604411123e-9
0.0287   2.2240442239733537e-9
0.0288   2.2239636745808934e-9
0.0289   2.22351554142182e-9
0.029   2.2234625799300305e-9
0.0291   2.223424418071694e-9
0.0292   2.22289182034117e-9
0.0293   2.2231410920717e-9
0.0294   2.2224224150215683e-9
0.0295   2.222341819459553e-9
0.0296   2.221993592662767e-9
0.0297   2.2218274812379423e-9
0.0298   2.2219552013358406e-9
0.0299   2.2214485827632484e-9
0.03   2.2213335085259145e-9
0.0301   2.2214181939142463e-9
0.0302   2.2211901471255498e-9
0.0303   2.2206922480261473e-9
0.0304   2.2202849217379943e-9
0.0305   2.220141071900667e-9
0.0306   2.2195625660010386e-9
0.0307   2.2195405113366444e-9
0.0308   2.2190084816240012e-9
0.0309   2.2186771918406722e-9
0.031   2.218075632281247e-9
0.0311   2.217663635922356e-9
0.0312   2.2170421832044665e-9
0.0313   2.2166020945665846e-9
0.0314   2.2165770526550675e-9
0.0315   2.2158123237231764e-9
0.0316   2.215187774589694e-9
0.0317   2.2144790868633165e-9
0.0318   2.21388628654053e-9
0.0319   2.2135187852490164e-9
0.032   2.2128965780486286e-9
0.0321   2.212713466622721e-9
0.0322   2.21200885242322e-9
0.0323   2.2119271058801674e-9
0.0324   2.2115006277342416e-9
0.0325   2.211342938868853e-9
0.0326   2.2106547400332428e-9
0.0327   2.2104129617936522e-9
0.0328   2.210523656707138e-9
0.0329   2.2104905036248705e-9
0.033   2.2098333922687612e-9
0.0331   2.2093513942654724e-9
0.0332   2.2095451034051343e-9
0.0333   2.2086456105530363e-9
0.0334   2.2085349859974568e-9
0.0335   2.2085151242740343e-9
0.0336   2.2079878710540495e-9
0.0337   2.2075133335706985e-9
0.0338   2.207319051663591e-9
0.0339   2.20723342974101e-9
0.034   2.2075094848228916e-9
0.0341   2.2069443826507403e-9
0.0342   2.2067809309226194e-9
0.0343   2.2067648587923644e-9
0.0344   2.2066917797145954e-9
0.0345   2.2059271365371582e-9
0.0346   2.2057843272441236e-9
0.0347   2.205933077815962e-9
0.0348   2.2056738917267445e-9
0.0349   2.205585029995905e-9
0.035   2.2055432400018766e-9
0.0351   2.205428254787296e-9
0.0352   2.204996544074696e-9
0.0353   2.2048012661180846e-9
0.0354   2.204276955641914e-9
0.0355   2.2046944079526053e-9
0.0356   2.2047763589785753e-9
0.0357   2.204787688416528e-9
0.0358   2.2041905966735695e-9
0.0359   2.2036557252029245e-9
0.036   2.2029634376583688e-9
0.0361   2.2027933785666012e-9
0.0362   2.2022252228564788e-9
0.0363   2.2026813897535414e-9
0.0364   2.2019803619589914e-9
0.0365   2.2017259383763823e-9
0.0366   2.2010963558156077e-9
0.0367   2.201056439664556e-9
0.0368   2.200585935795734e-9
0.0369   2.2000439487503028e-9
0.037   2.199632848124672e-9
0.0371   2.1995246623721943e-9
0.0372   2.1985736258972313e-9
0.0373   2.1979053204664196e-9
0.0374   2.197937675605086e-9
0.0375   2.197069462391631e-9
0.0376   2.196782145670835e-9
0.0377   2.1964773617670055e-9
0.0378   2.196017085062503e-9
0.0379   2.1957241577389773e-9
0.038   2.1953869066432774e-9
0.0381   2.1946726967885783e-9
0.0382   2.1950596077706537e-9
0.0383   2.194167757444296e-9
0.0384   2.193966680018076e-9
0.0385   2.1938967813696276e-9
0.0386   2.193282353287102e-9
0.0387   2.1937038449403293e-9
0.0388   2.19303009286347e-9
0.0389   2.1932326043849625e-9
0.039   2.1926384331358233e-9
0.0391   2.1927684346592845e-9
0.0392   2.1921649779112005e-9
0.0393   2.1916060226245826e-9
0.0394   2.1914072104492544e-9
0.0395   2.191178725383734e-9
0.0396   2.190936028806969e-9
0.0397   2.1907991546980398e-9
0.0398   2.191019965501994e-9
0.0399   2.1905688452369967e-9
0.04   2.1903986575740675e-9
0.0401   2.1902060948789807e-9
0.0402   2.1900769561792644e-9
0.0403   2.19023525463117e-9
0.0404   2.1892574293369062e-9
0.0405   2.189911489199774e-9
0.0406   2.1893645713676384e-9
0.0407   2.1892892133523773e-9
0.0408   2.189053160097899e-9
0.0409   2.188966035467929e-9
0.041   2.1887015954713787e-9
0.0411   2.1885225892757297e-9
0.0412   2.1888218113250332e-9
0.0413   2.188305237476364e-9
0.0414   2.1882103510826685e-9
0.0415   2.1880342749134038e-9
0.0416   2.187843295865302e-9
0.0417   2.1879594406688772e-9
0.0418   2.187631638634269e-9
0.0419   2.1874220049648217e-9
0.042   2.1870507811558265e-9
0.0421   2.1870069358647354e-9
0.0422   2.187280135286765e-9
0.0423   2.1862358732846135e-9
0.0424   2.1864623462357097e-9
0.0425   2.186109096034534e-9
0.0426   2.185673722401639e-9
0.0427   2.1853372251610212e-9
0.0428   2.1850668673290256e-9
0.0429   2.185070817037227e-9
0.043   2.1844264771445817e-9
0.0431   2.1844622960997152e-9
0.0432   2.18382541752173e-9
0.0433   2.184002962200533e-9
0.0434   2.183272669048958e-9
0.0435   2.1829837278331145e-9
0.0436   2.1819465560384342e-9
0.0437   2.1820797800417733e-9
0.0438   2.18169705386693e-9
0.0439   2.1812758262473566e-9
0.044   2.1808903108007806e-9
0.0441   2.1805174667149626e-9
0.0442   2.1801025867815863e-9
0.0443   2.1793939471711096e-9
0.0444   2.17926607155459e-9
0.0445   2.178992500053176e-9
0.0446   2.1791218462509664e-9
0.0447   2.1782837813565158e-9
0.0448   2.1780273063389648e-9
0.0449   2.1775708370032963e-9
0.045   2.1780378620824946e-9
0.0451   2.177564862016965e-9
0.0452   2.177588940490668e-9
0.0453   2.1768155500392143e-9
0.0454   2.1775563710149715e-9
0.0455   2.1762664084140325e-9
0.0456   2.1769825404551894e-9
0.0457   2.176090598870326e-9
0.0458   2.175787714710253e-9
0.0459   2.17567158475748e-9
0.046   2.1758090994532335e-9
0.0461   2.176156265231752e-9
0.0462   2.175317244108785e-9
0.0463   2.1750389736835615e-9
0.0464   2.1749856274021528e-9
0.0465   2.1746337460969635e-9
0.0466   2.1747475020198334e-9
0.0467   2.173991727037566e-9
0.0468   2.174438145838467e-9
0.0469   2.174333615409005e-9
0.047   2.1743159965717495e-9
0.0471   2.1735404881828064e-9
0.0472   2.17320579297068e-9
0.0473   2.173384590360092e-9
0.0474   2.1734229985770126e-9
0.0475   2.1731871226908276e-9
0.0476   2.1727834388169667e-9
0.0477   2.1726295532912073e-9
0.0478   2.1723127084408198e-9
0.0479   2.1725090117859106e-9
0.048   2.172337157147231e-9
0.0481   2.172074551159483e-9
0.0482   2.1727340512733422e-9
0.0483   2.1719169098850787e-9
0.0484   2.172566951906832e-9
0.0485   2.1716043118550036e-9
0.0486   2.17228174398003e-9
0.0487   2.1713175721576155e-9
0.0488   2.1716915238829853e-9
0.0489   2.171061824749901e-9
0.049   2.1711226047639398e-9
0.0491   2.17170736906056e-9
0.0492   2.1713173498844345e-9
0.0493   2.1708057903042365e-9
0.0494   2.170484436228002e-9
0.0495   2.170856333682884e-9
0.0496   2.1708688347491387e-9
0.0497   2.1699019916550384e-9
0.0498   2.1697093941847513e-9
0.0499   2.1700801274429725e-9
0.05   2.1692409024891586e-9
0.0501   2.1692788467417887e-9
0.0502   2.169008420285602e-9
0.0503   2.168804185034967e-9
0.0504   2.1692527852927637e-9
0.0505   2.1683185104206995e-9
0.0506   2.168805329955828e-9
0.0507   2.168053212979219e-9
0.0508   2.1681103341728535e-9
0.0509   2.1679251104431743e-9
0.051   2.167814414782475e-9
0.0511   2.167589346898053e-9
0.0512   2.1664355471734337e-9
0.0513   2.1660228968366984e-9
0.0514   2.166298753493359e-9
0.0515   2.1658394358219414e-9
0.0516   2.165138155847532e-9
0.0517   2.1652754392346467e-9
0.0518   2.1646540180468803e-9
0.0519   2.16434468282697e-9
0.052   2.1638818254514036e-9
0.0521   2.1638420542091434e-9
0.0522   2.16331539629181e-9
0.0523   2.16355782337964e-9
0.0524   2.1631632140801112e-9
0.0525   2.162335149185353e-9
0.0526   2.1629232001762796e-9
0.0527   2.162266285346986e-9
0.0528   2.1622194745878157e-9
0.0529   2.161761280389606e-9
0.053   2.1620291857405155e-9
0.0531   2.1618719648126395e-9
0.0532   2.1609832267141713e-9
0.0533   2.161496591718267e-9
0.0534   2.1605302825642733e-9
0.0535   2.16109337778915e-9
0.0536   2.1609969827365964e-9
0.0537   2.160295431204859e-9
0.0538   2.160060442948387e-9
0.0539   2.1604800656332884e-9
0.054   2.16016609659684e-9
0.0541   2.1599884136161357e-9
0.0542   2.159858801813861e-9
0.0543   2.1589762608884915e-9
0.0544   2.1593041334032698e-9
0.0545   2.1589747452884226e-9
0.0546   2.159168290744162e-9
0.0547   2.158333532883896e-9
0.0548   2.1588066881300923e-9
0.0549   2.158312796915239e-9
0.055   2.15786130832615e-9
0.0551   2.157783553176152e-9
0.0552   2.1581625411983044e-9
0.0553   2.157320216878855e-9
0.0554   2.1575133243469245e-9
0.0555   2.1573408899697988e-9
0.0556   2.157475521781183e-9
0.0557   2.157489759077563e-9
0.0558   2.157126626081837e-9
0.0559   2.1573511924746476e-9
0.056   2.156746109970219e-9
0.0561   2.1570754780950464e-9
0.0562   2.1566469236076026e-9
0.0563   2.156474838764188e-9
0.0564   2.156692078647618e-9
0.0565   2.1562643564415692e-9
0.0566   2.155930596041295e-9
0.0567   2.1562005839004314e-9
0.0568   2.156172532883407e-9
0.0569   2.1557993591307506e-9
0.057   2.1553900860938663e-9
0.0571   2.1557926621291165e-9
0.0572   2.155414410970491e-9
0.0573   2.1556424424426903e-9
0.0574   2.1551369874032068e-9
0.0575   2.1553197986555832e-9
0.0576   2.1548487552743946e-9
0.0577   2.154982593669336e-9
0.0578   2.1549205515804307e-9
0.0579   2.1543217242554103e-9
0.058   2.1542620523691398e-9
0.0581   2.154129571135544e-9
0.0582   2.153966408261266e-9
0.0583   2.153865094471039e-9
0.0584   2.1538787510156525e-9
0.0585   2.153592276640571e-9
0.0586   2.1538633294142304e-9
0.0587   2.1530484341355506e-9
0.0588   2.153231195274809e-9
0.0589   2.1530095796456755e-9
0.059   2.152461900262788e-9
0.0591   2.152441386837998e-9
0.0592   2.1521914495245513e-9
0.0593   2.1522114436455485e-9
0.0594   2.1521158694780393e-9
0.0595   2.1521713038059747e-9
0.0596   2.151196736423264e-9
0.0597   2.1516288720286725e-9
0.0598   2.1505774823927185e-9
0.0599   2.1510055920289003e-9
0.06   2.1499574433532823e-9
0.0601   2.1537615929450976e-9
0.0602   2.1534975673029526e-9
0.0603   2.153152909586256e-9
0.0604   2.152856197475675e-9
0.0605   2.15259396104842e-9
0.0606   2.152283782923277e-9
0.0607   2.1520019788108833e-9
0.0608   2.1516996167021784e-9
0.0609   2.1513999888061497e-9
0.061   2.1511521649540447e-9
0.0611   2.150857344133907e-9
0.0612   2.1506392614379686e-9
0.0613   2.150365413830389e-9
0.0614   2.150136056400771e-9
0.0615   2.1498605615529396e-9
0.0616   2.1496532390898166e-9
0.0617   2.1494214648742016e-9
0.0618   2.149186553391731e-9
0.0619   2.148967085866601e-9
0.062   2.1487487653811787e-9
0.0621   2.1485632424710716e-9
0.0622   2.1483501900556256e-9
0.0623   2.1481363439016143e-9
0.0624   2.1480117143722504e-9
0.0625   2.1478231231354024e-9
0.0626   2.1476672007266867e-9
0.0627   2.1475375933155885e-9
0.0628   2.1473593525216437e-9
0.0629   2.1472267376510736e-9
0.063   2.147050121048009e-9
0.0631   2.1469270696197576e-9
0.0632   2.146747384122254e-9
0.0633   2.1466158263414674e-9
0.0634   2.1464632895715875e-9
0.0635   2.146319774937763e-9
0.0636   2.1461387558817552e-9
0.0637   2.145995590456752e-9
0.0638   2.145829822009675e-9
0.0639   2.1456870277910225e-9
0.064   2.1455206819916027e-9
0.0641   2.145380032300044e-9
0.0642   2.145207245575309e-9
0.0643   2.14503469722591e-9
0.0644   2.1449119955610047e-9
0.0645   2.1447751337805944e-9
0.0646   2.144643661440675e-9
0.0647   2.1444477196345154e-9
0.0648   2.1443750901336408e-9
0.0649   2.1442536737589435e-9
0.065   2.1441249598849024e-9
0.0651   2.144020850666685e-9
0.0652   2.1438774410520948e-9
0.0653   2.1437432057266095e-9
0.0654   2.1436390800344114e-9
0.0655   2.143529325515229e-9
0.0656   2.1434176116569544e-9
0.0657   2.1433471069032345e-9
0.0658   2.1432252558182494e-9
0.0659   2.143136255396874e-9
0.066   2.143067065767056e-9
0.0661   2.142953660520146e-9
0.0662   2.14285011555388e-9
0.0663   2.1427299101475028e-9
0.0664   2.14266350461774e-9
0.0665   2.1425322254719276e-9
0.0666   2.1424322421789936e-9
0.0667   2.1422952756812425e-9
0.0668   2.1422056327957435e-9
0.0669   2.1421139429608135e-9
0.067   2.1420091585719448e-9
0.0671   2.1419034964096185e-9
0.0672   2.141812971621707e-9
0.0673   2.1417368505449713e-9
0.0674   2.14166859299842e-9
0.0675   2.1415618900292674e-9
0.0676   2.141456339190146e-9
0.0677   2.141349577261083e-9
0.0678   2.1412395555510377e-9
0.0679   2.141121240015897e-9
0.068   2.141037878377232e-9
0.0681   2.140924834770485e-9
0.0682   2.1408477855256994e-9
0.0683   2.1407480536311023e-9
0.0684   2.140630439183195e-9
0.0685   2.140530207039884e-9
0.0686   2.1403862840335137e-9
0.0687   2.1402390714051373e-9
0.0688   2.140134849206202e-9
0.0689   2.139941245934252e-9
0.069   2.1398362114369622e-9
0.0691   2.139674951113086e-9
0.0692   2.1395223835241066e-9
0.0693   2.1393684997746944e-9
0.0694   2.1391682640514556e-9
0.0695   2.138972322583401e-9
0.0696   2.138841819985371e-9
0.0697   2.1386737127536386e-9
0.0698   2.1385114038597512e-9
0.0699   2.1383296731212957e-9
0.07   2.138142831840399e-9
0.0701   2.1379716505789817e-9
0.0702   2.1377659466518542e-9
0.0703   2.1376335274030284e-9
0.0704   2.1374153283679664e-9
0.0705   2.137255757861383e-9
0.0706   2.1370436710950472e-9
0.0707   2.1367924708256525e-9
0.0708   2.1365599731322062e-9
0.0709   2.1363570541513235e-9
0.071   2.1360750065869372e-9
0.0711   2.135816966853443e-9
0.0712   2.1355867854606173e-9
0.0713   2.135357499614506e-9
0.0714   2.1350734605350418e-9
0.0715   2.13482812075458e-9
0.0716   2.1345827686871664e-9
0.0717   2.1343346715212484e-9
0.0718   2.134123035342063e-9
0.0719   2.1339057749988833e-9
0.072   2.1336354539824258e-9
0.0721   2.1333830679426167e-9
0.0722   2.1331989843245454e-9
0.0723   2.1329893496632427e-9
0.0724   2.1327898429931466e-9
0.0725   2.132570774413327e-9
0.0726   2.132361724122815e-9
0.0727   2.1321883765079694e-9
0.0728   2.1319978953853544e-9
0.0729   2.1318182895330704e-9
0.073   2.1316192180483885e-9
0.0731   2.1314510510647697e-9
0.0732   2.1312813194854926e-9
0.0733   2.1311140039695584e-9
0.0734   2.1309308063383823e-9
0.0735   2.1308016671500244e-9
0.0736   2.130685822262391e-9
0.0737   2.130549321713357e-9
0.0738   2.130400865574183e-9
0.0739   2.1302971076512344e-9
0.074   2.1301501723526e-9
0.0741   2.130023388299741e-9
0.0742   2.1298964173751032e-9
0.0743   2.129757770209524e-9
0.0744   2.1295890694201593e-9
0.0745   2.129484582164447e-9
0.0746   2.1293723484404754e-9
0.0747   2.1292319730278156e-9
0.0748   2.1290763852025937e-9
0.0749   2.128976529525936e-9
0.075   2.1288365365039374e-9
0.0751   2.1286869059439746e-9
0.0752   2.1285532168046413e-9
0.0753   2.1284199011804347e-9
0.0754   2.1283234760322604e-9
0.0755   2.128134611655673e-9
0.0756   2.128054159853037e-9
0.0757   2.1278963862060934e-9
0.0758   2.127779475551441e-9
0.0759   2.1276524823172763e-9
0.076   2.1275351461453185e-9
0.0761   2.1274198713968158e-9
0.0762   2.127322651139477e-9
0.0763   2.127158054128945e-9
0.0764   2.127078480589681e-9
0.0765   2.1269911391058873e-9
0.0766   2.1268900801190245e-9
0.0767   2.12678323809726e-9
0.0768   2.126703800327004e-9
0.0769   2.1266203756702214e-9
0.077   2.12651658886538e-9
0.0771   2.126422006986898e-9
0.0772   2.126354925269369e-9
0.0773   2.1263021227346206e-9
0.0774   2.126138947848314e-9
0.0775   2.1260877155669243e-9
0.0776   2.126027070730403e-9
0.0777   2.125947436943132e-9
0.0778   2.125869869988998e-9
0.0779   2.125789618810843e-9
0.078   2.1257151179063155e-9
0.0781   2.1256259834288792e-9
0.0782   2.125540368942197e-9
0.0783   2.1254497857553025e-9
0.0784   2.1253835028856095e-9
0.0785   2.1252875440015412e-9
0.0786   2.125218388833551e-9
0.0787   2.12508661828684e-9
0.0788   2.1250139721285677e-9
0.0789   2.124950838294221e-9
0.079   2.1248776406835726e-9
0.0791   2.1247560999322494e-9
0.0792   2.1247437629571815e-9
0.0793   2.1246507267496677e-9
0.0794   2.1245533582193334e-9
0.0795   2.124510988099612e-9
0.0796   2.124465363475868e-9
0.0797   2.124356613856386e-9
0.0798   2.124260763584575e-9
0.0799   2.124198209506865e-9
0.08   2.1241478152530944e-9
0.0801   2.1240518068900978e-9
0.0802   2.1239564523119895e-9
0.0803   2.123849945365822e-9
0.0804   2.123794782445505e-9
0.0805   2.123734521248952e-9
0.0806   2.12358788294511e-9
0.0807   2.1235088773791736e-9
0.0808   2.1234599390953297e-9
0.0809   2.123319575004299e-9
0.081   2.123212692758536e-9
0.0811   2.1230875160973e-9
0.0812   2.123045320775577e-9
0.0813   2.1229077579371166e-9
0.0814   2.122739572494845e-9
0.0815   2.12259108433516e-9
0.0816   2.12247628031193e-9
0.0817   2.1223566432731305e-9
0.0818   2.1222146970477726e-9
0.0819   2.122071840338641e-9
0.082   2.1219462164359557e-9
0.0821   2.121806161121495e-9
0.0822   2.1216592609492757e-9
0.0823   2.1215140569716078e-9
0.0824   2.121398905393748e-9
0.0825   2.121229602265388e-9
0.0826   2.121100247961867e-9
0.0827   2.12094983719218e-9
0.0828   2.120835523841418e-9
0.0829   2.120670970767053e-9
0.083   2.1205267917569377e-9
0.0831   2.1203468569190158e-9
0.0832   2.1201648082656727e-9
0.0833   2.119986726874425e-9
0.0834   2.119824198512734e-9
0.0835   2.1196036971974765e-9
0.0836   2.119370066490938e-9
0.0837   2.119221172855628e-9
0.0838   2.119009197406393e-9
0.0839   2.1187406397424127e-9
0.084   2.1185943850994596e-9
0.0841   2.118361077046333e-9
0.0842   2.118206151025626e-9
0.0843   2.1179612867827755e-9
0.0844   2.1178031170274182e-9
0.0845   2.1175837125096976e-9
0.0846   2.1173891205549415e-9
0.0847   2.117213968827396e-9
0.0848   2.1170266058834245e-9
0.0849   2.116830991137605e-9
0.085   2.1166564173197423e-9
0.0851   2.1164574675893827e-9
0.0852   2.1162711185672444e-9
0.0853   2.1161244780630313e-9
0.0854   2.1159319054712463e-9
0.0855   2.1158293739767767e-9
0.0856   2.115643875763497e-9
0.0857   2.1154716162612017e-9
0.0858   2.1153209115831784e-9
0.0859   2.115179113819022e-9
0.086   2.115033718853784e-9
0.0861   2.1148980748905495e-9
0.0862   2.11478921766453e-9
0.0863   2.114611083305301e-9
0.0864   2.1144727084288667e-9
0.0865   2.114335985405697e-9
0.0866   2.1142405569852405e-9
0.0867   2.1141462135401e-9
0.0868   2.114030781780562e-9
0.0869   2.1139294321708752e-9
0.087   2.1138362571526087e-9
0.0871   2.1137442943002006e-9
0.0872   2.1136211102814496e-9
0.0873   2.113494203235869e-9
0.0874   2.113390817957812e-9
0.0875   2.113276361871586e-9
0.0876   2.1131797326160337e-9
0.0877   2.1130572102171423e-9
0.0878   2.1129770821463886e-9
0.0879   2.1128682969077088e-9
0.088   2.1127409196409944e-9
0.0881   2.112708340012601e-9
0.0882   2.1125603671015647e-9
0.0883   2.112455926317374e-9
0.0884   2.1123304575524858e-9
0.0885   2.1122185426072366e-9
0.0886   2.1121529526620625e-9
0.0887   2.1120564777309496e-9
0.0888   2.111909732034625e-9
0.0889   2.1117756567392143e-9
0.089   2.111699341968052e-9
0.0891   2.1115898888149793e-9
0.0892   2.1114510649018317e-9
0.0893   2.111373981273708e-9
0.0894   2.1112396360153232e-9
0.0895   2.111187983612509e-9
0.0896   2.111061045188537e-9
0.0897   2.110951599242873e-9
0.0898   2.1109025596087358e-9
0.0899   2.110753823700741e-9
0.09   2.110722385573058e-9
0.0901   2.110593834265985e-9
0.0902   2.1105610116922436e-9
0.0903   2.1104296347851157e-9
0.0904   2.110375885644946e-9
0.0905   2.110324326585279e-9
0.0906   2.110174384247887e-9
0.0907   2.1101513727432034e-9
0.0908   2.1100313757419786e-9
0.0909   2.1099634636524993e-9
0.091   2.109913917821728e-9
0.0911   2.1098344324560924e-9
0.0912   2.1097444937169966e-9
0.0913   2.1097148466766473e-9
0.0914   2.1096228671509982e-9
0.0915   2.1095182435005407e-9
0.0916   2.1094922876490973e-9
0.0917   2.109439995983605e-9
0.0918   2.1093315086107672e-9
0.0919   2.109250390744572e-9
0.092   2.1091894990863018e-9
0.0921   2.10911152038968e-9
0.0922   2.1090652609906874e-9
0.0923   2.108961449540105e-9
0.0924   2.108886639845239e-9
0.0925   2.1087893564886214e-9
0.0926   2.1086864694425517e-9
0.0927   2.1086194965252036e-9
0.0928   2.1085502972169556e-9
0.0929   2.108479856074327e-9
0.093   2.1083715344233543e-9
0.0931   2.1083153720612235e-9
0.0932   2.1082620997611654e-9
0.0933   2.1082020468645227e-9
0.0934   2.108109565460162e-9
0.0935   2.10800506112609e-9
0.0936   2.1079853647251802e-9
0.0937   2.1079264253375876e-9
0.0938   2.1078521739921948e-9
0.0939   2.1077628741964758e-9
0.094   2.1076882179591615e-9
0.0941   2.1075999560789135e-9
0.0942   2.1075073305942476e-9
0.0943   2.1074546480014655e-9
0.0944   2.107374818465104e-9
0.0945   2.1072785209449383e-9
0.0946   2.1072093869349345e-9
0.0947   2.1071070908070688e-9
0.0948   2.1070498421725756e-9
0.0949   2.1069600047678e-9
0.095   2.1068494908701547e-9
0.0951   2.106807633702826e-9
0.0952   2.106685594857283e-9
0.0953   2.106587028612819e-9
0.0954   2.1065366476866747e-9
0.0955   2.1063791276351365e-9
0.0956   2.106250940400471e-9
0.0957   2.1062164259621987e-9
0.0958   2.106079186665942e-9
0.0959   2.105998974388536e-9
0.096   2.1058657531398095e-9
0.0961   2.1057468797142383e-9
0.0962   2.1056010673293393e-9
0.0963   2.105484490320924e-9
0.0964   2.105337571346027e-9
0.0965   2.1052543811780446e-9
0.0966   2.105085239658423e-9
0.0967   2.104985737190401e-9
0.0968   2.1048123828696316e-9
0.0969   2.1047338403588684e-9
0.097   2.1046424222229498e-9
0.0971   2.1044623730850826e-9
0.0972   2.1043606411050226e-9
0.0973   2.104215238662115e-9
0.0974   2.1040661218338402e-9
0.0975   2.1039742648786766e-9
0.0976   2.103816341956053e-9
0.0977   2.103649705283158e-9
0.0978   2.103548436542722e-9
0.0979   2.1034070030717718e-9
0.098   2.103224287447399e-9
0.0981   2.1030179068640413e-9
0.0982   2.102903818696004e-9
0.0983   2.1027230724972704e-9
0.0984   2.10257527773565e-9
0.0985   2.1023503941616666e-9
0.0986   2.102171379202505e-9
0.0987   2.1020245671236953e-9
0.0988   2.101860141305831e-9
0.0989   2.101613893974318e-9
0.099   2.101503666787189e-9
0.0991   2.1013113880794254e-9
0.0992   2.101106582700639e-9
0.0993   2.1009120685675393e-9
0.0994   2.100738742849752e-9
0.0995   2.1005739328653415e-9
0.0996   2.1003961161363614e-9
0.0997   2.1002119111728418e-9
0.0998   2.1000590395971413e-9
0.0999   2.0999040170539225e-9
0.1   2.099726363434937e-9
0.11   2.091154250321848e-9
0.12   2.0814818640999953e-9
0.13   2.0755287568789893e-9
0.14   2.0668474807271423e-9
0.15   2.0615724060784555e-9
0.16   2.0567703679938975e-9
0.17   2.0489437722170213e-9
0.18   2.04438680266055e-9
0.19   2.038978107099414e-9
0.2   2.0326952069746496e-9
0.21   2.028512849856268e-9
0.22   2.0247481810795508e-9
0.23   2.019477579070384e-9
0.24   2.016346083283487e-9
0.25   2.013016853083023e-9
0.26   2.009003509185838e-9
0.27   2.0049382106346733e-9
0.28   2.002715240191003e-9
0.29   1.9994939042225735e-9
0.3   1.9955897059166563e-9
0.31   1.992018232716748e-9
0.32   1.98957523078554e-9
0.33   1.987746565107585e-9
0.34   1.9841151878721187e-9
0.35   1.9810018826760904e-9
0.36   1.979141412024563e-9
0.37   1.9769511686876005e-9
0.38   1.9744261011522495e-9
0.39   1.9712128651010808e-9
0.4   1.9682677883487404e-9
0.41   1.9662493617550584e-9
0.42   1.9650366577245958e-9
0.43   1.9630663001405136e-9
0.44   1.960472284638497e-9
0.45   1.9580516459881066e-9
0.46   1.9554313240811162e-9
0.47   1.953697355534377e-9
0.48   1.952359608405265e-9
0.49   1.950796322038789e-9
0.5   1.9486626255328517e-9
0.51   1.946093250453067e-9
0.52   1.9439661792378856e-9
0.53   1.942356299401873e-9
0.54   1.9409125078009977e-9
0.55   1.939946544772865e-9
0.56   1.938828573782327e-9
0.57   1.9369540060370938e-9
0.58   1.9348215686644064e-9
0.59   1.932894118926038e-9
0.6   1.931279828101027e-9
0.61   1.92971680193022e-9
0.62   1.9286135035560187e-9
0.63   1.9277413955640267e-9
0.64   1.9268112031786064e-9
0.65   1.925613944553956e-9
0.66   1.9239113049305174e-9
0.67   1.922338484577029e-9
0.68   1.9207148288643496e-9
0.69   1.91905330937054e-9
0.7   1.917644498956027e-9
0.71   1.916480748172793e-9
0.72   1.9156639170595413e-9
0.73   1.914764656734688e-9
0.74   1.9134775456517133e-9
0.75   1.9119457922840966e-9
0.76   1.9104841152679106e-9
0.77   1.9091532774372872e-9
0.78   1.9077916858057277e-9
0.79   1.906709807027846e-9
0.8   1.9055425128257766e-9
0.81   1.9043302931213425e-9
0.82   1.9034438282637075e-9
0.83   1.9025418510433544e-9
0.84   1.9014660226829476e-9
0.85   1.9001911305155574e-9
0.86   1.898961081988433e-9
0.87   1.8978793655465447e-9
0.88   1.8968255593669132e-9
0.89   1.8958074741032807e-9
0.9   1.8949727918826498e-9
0.91   1.8940725410287298e-9
0.92   1.893615479358106e-9
0.93   1.891929100855631e-9
0.94   1.8911376050506604e-9
0.95   1.890304961350996e-9
0.96   1.8894756536390937e-9
0.97   1.8884794052691412e-9
0.98   1.8873838416519197e-9
0.99   1.886427156282984e-9
1.   1.8855527997035253e-9
1.01   1.8846441482118803e-9
1.02   1.8838213149623856e-9
1.03   1.8829037844349537e-9
1.04   1.881838728689945e-9
1.05   1.8807407742818617e-9
1.06   1.8797603611871263e-9
1.07   1.8789557178034726e-9
1.08   1.878165764542087e-9
1.09   1.8773757216593412e-9
1.1   1.8764837374756808e-9
1.11   1.8755999414245983e-9
1.12   1.8745249246921546e-9
1.13   1.873628912744219e-9
1.14   1.8728934027585687e-9
1.15   1.872010386142327e-9
1.16   1.871109107300125e-9
1.17   1.8702774749998928e-9
1.18   1.86947987821257e-9
1.19   1.8687037397013937e-9
1.2   1.8678267894133856e-9
1.21   1.8669739687371325e-9
1.22   1.866220688462907e-9
1.23   1.865618177177015e-9
1.24   1.864987193646545e-9
1.25   1.8642656557123096e-9
1.26   1.8636206453069503e-9
1.27   1.862792538830052e-9
1.28   1.861970563467076e-9
1.29   1.8611077426532855e-9
1.3   1.8604227960787626e-9
1.31   1.85978252233278e-9
1.32   1.8591174739013878e-9
1.33   1.858436421351709e-9
1.34   1.8579466128868589e-9
1.35   1.8573301562773815e-9
1.36   1.856624459478816e-9
1.37   1.855857467147857e-9
1.38   1.8549976901110316e-9
1.39   1.8541307498288048e-9
1.4   1.8534180728469448e-9
1.41   1.8527717137644599e-9
1.42   1.852168683343078e-9
1.43   1.85165201251693e-9
1.44   1.8510663547441765e-9
1.45   1.8504645727619165e-9
1.46   1.8498001369553884e-9
1.47   1.84907710017909e-9
1.48   1.848426714514281e-9
1.49   1.847713691283189e-9
1.5   1.8469956174357528e-9
1.51   1.846346922269866e-9
1.52   1.845629178075554e-9
1.53   1.8450825087773743e-9
1.54   1.8446197301911679e-9
1.55   1.8441874680394681e-9
1.56   1.8437039866846503e-9
1.57   1.8432136299449488e-9
1.58   1.8427718909192524e-9
1.59   1.8422602729206082e-9
1.6   1.8417256083089764e-9
1.61   1.8411105291619587e-9
1.62   1.8405334030627922e-9
1.63   1.839879457423517e-9
1.64   1.8393372583954172e-9
1.65   1.8387766740191413e-9
1.66   1.8382953157324162e-9
1.67   1.8377735920931264e-9
1.68   1.8373192164351103e-9
1.69   1.8369122988650583e-9
1.7   1.836528297026425e-9
1.71   1.8360808500472463e-9
1.72   1.8355427868632694e-9
1.73   1.8349383804045022e-9
1.74   1.8342435445887403e-9
1.75   1.8337586366339765e-9
1.76   1.8331870357722172e-9
1.77   1.8326975127481967e-9
1.78   1.8321826199107618e-9
1.79   1.8316463759655717e-9
1.8   1.831097839657742e-9
1.81   1.8305520841626934e-9
1.82   1.8300165271029406e-9
1.83   1.8296463747896152e-9
1.84   1.829269799796701e-9
1.85   1.828919447477424e-9
1.86   1.8287239027823786e-9
1.87   1.8281170011506992e-9
1.88   1.8276844224289264e-9
1.89   1.8272323004933996e-9
1.9   1.8268037577744023e-9
1.91   1.8261263654682777e-9
1.92   1.8256159745656999e-9
1.93   1.8258454941020373e-9
1.94   1.824712621765761e-9
1.95   1.824300627261725e-9
1.96   1.823828209802419e-9
1.97   1.8234904457152475e-9
1.98   1.8236991292959904e-9
1.99   1.8227156520487894e-9
2.   1.8223659085711455e-9
2.01   1.8220581336436834e-9
2.02   1.8216401764750222e-9
2.03   1.821236021917588e-9
2.04   1.8206878579902049e-9
2.05   1.8201835950208683e-9
2.06   1.819671021420349e-9
2.07   1.8191335350857588e-9
2.08   1.8185758616622766e-9
2.09   1.8180648556338452e-9
2.1   1.8175039199568665e-9
2.11   1.8170851865884266e-9
2.12   1.8166468519147057e-9
2.13   1.8162318845334843e-9
2.14   1.8157778083166162e-9
2.15   1.8154333296415714e-9
2.16   1.8150715881818592e-9
2.17   1.8147176445654782e-9
2.18   1.8143349652631774e-9
2.19   1.8140131508682975e-9
2.2   1.8136063777652034e-9
2.21   1.813234850632221e-9
2.22   1.8128846330464076e-9
2.23   1.812504386782321e-9
2.24   1.812117294358863e-9
2.25   1.8116831029723954e-9
2.26   1.8112425820574633e-9
2.27   1.810813292493415e-9
2.28   1.8103963095982173e-9
2.29   1.8100217957316811e-9
2.3   1.80966457202123e-9
2.31   1.8093625002930343e-9
2.32   1.8091359297387316e-9
2.33   1.8088016133681057e-9
2.34   1.8085091698696556e-9
2.35   1.8082279036806824e-9
2.36   1.8079111514686066e-9
2.37   1.8076094951890706e-9
2.38   1.8072705278391488e-9
2.39   1.807015194810741e-9
2.4   1.8066354810603322e-9
2.41   1.8062783165623326e-9
2.42   1.8058973437938908e-9
2.43   1.8054522905000368e-9
2.44   1.8050629082511918e-9
2.45   1.804580737447827e-9
2.46   1.8041878457131721e-9
2.47   1.8038724244876959e-9
2.48   1.8033947151836061e-9
2.49   1.8030476947488374e-9
2.5   1.8027847104257666e-9
2.51   1.8024061361623894e-9
2.52   1.802178116960683e-9
2.53   1.8019034807860598e-9
2.54   1.8016886325180365e-9
2.55   1.8014956752542301e-9
2.56   1.8013030153763253e-9
2.57   1.8011160298982526e-9
2.58   1.8009562870204021e-9
2.59   1.8006291919514962e-9
2.6   1.8003728191519926e-9
2.61   1.8001347173246988e-9
2.62   1.7998650680970994e-9
2.63   1.7996256445925935e-9
2.64   1.7993669659597874e-9
2.65   1.7990167235780414e-9
2.66   1.7987934593701285e-9
2.67   1.7984008006297824e-9
2.68   1.7980448111070889e-9
2.69   1.7976814297721642e-9
2.7   1.7973383130882859e-9
2.71   1.797029405312109e-9
2.72   1.7967470827019268e-9
2.73   1.796398572229117e-9
2.74   1.7960710442233481e-9
2.75   1.7957948021709342e-9
2.76   1.7954264267313378e-9
2.77   1.7951064824673094e-9
2.78   1.7948313177326533e-9
2.79   1.7944738205286761e-9
2.8   1.7940925056293284e-9
2.81   1.7937998638062744e-9
2.82   1.7934408941188344e-9
2.83   1.7931991560555828e-9
2.84   1.7928275939380474e-9
2.85   1.7925809999001638e-9
2.86   1.7922424263477437e-9
2.87   1.791969305477037e-9
2.88   1.7916354821604828e-9
2.89   1.7913502003054936e-9
2.9   1.7910242429616074e-9
2.91   1.7907863153278524e-9
2.92   1.7904708625176224e-9
2.93   1.7902108937940895e-9
2.94   1.7900331800965425e-9
2.95   1.7897970177551372e-9
2.96   1.7896257631402008e-9
2.97   1.7894510059106697e-9
2.98   1.789300554251643e-9
2.99   1.7891435290939284e-9
3.   1.7889937304758746e-9
3.01   1.788792402359789e-9
3.02   1.7885724684415404e-9
3.03   1.7883490499410853e-9
3.04   1.7881193498759891e-9
3.05   1.7878507933358132e-9
3.06   1.7875467128098394e-9
3.07   1.7872955165711452e-9
3.08   1.7869974427367832e-9
3.09   1.7866783323351074e-9
3.1   1.786331341124861e-9
3.11   1.7859665643339452e-9
3.12   1.7855792695015724e-9
3.13   1.7851561166218646e-9
3.14   1.7847412246101226e-9
3.15   1.7843275087391605e-9
3.16   1.7839471870158176e-9
3.17   1.7835630383002316e-9
3.18   1.7832585693957522e-9
3.19   1.7828750120500905e-9
3.2   1.7824790830046991e-9
3.21   1.7830410725706855e-9
3.22   1.7819058411233816e-9
3.23   1.7816802145528214e-9
3.24   1.7814377863988153e-9
3.25   1.7812439568814613e-9
3.26   1.7810268710617485e-9
3.27   1.780881178090011e-9
3.28   1.7806588937595106e-9
3.29   1.780531904401419e-9
3.3   1.780339747347624e-9
3.31   1.7802381240512208e-9
3.32   1.7800748013029124e-9
3.33   1.7799249983100075e-9
3.34   1.7797508913818755e-9
3.35   1.7796621522550535e-9
3.36   1.7794923847044662e-9
3.37   1.7793292773628477e-9
3.38   1.779079489647669e-9
3.39   1.7788784269293836e-9
3.4   1.7786853306465521e-9
3.41   1.7784794705946032e-9
3.42   1.7781857429141055e-9
3.43   1.7779692479903033e-9
3.44   1.777654799875163e-9
3.45   1.7774296461546001e-9
3.46   1.7770825535781265e-9
3.47   1.776856886415733e-9
3.48   1.7766190705153676e-9
3.49   1.7762805042143454e-9
3.5   1.77596695060799e-9
3.51   1.7757279679775948e-9
3.52   1.7754765666099843e-9
3.53   1.775242883360243e-9
3.54   1.7749290716197336e-9
3.55   1.7746585297360082e-9
3.56   1.7743737339117812e-9
3.57   1.7741218036238828e-9
3.58   1.7737176648857876e-9
3.59   1.7733766125782942e-9
3.6   1.773047294482016e-9
3.61   1.7728127817428364e-9
3.62   1.7725145622328458e-9
3.63   1.7722502096706434e-9
3.64   1.7719947797365057e-9
3.65   1.7719905857939098e-9
3.66   1.771455099665077e-9
3.67   1.771208255454623e-9
3.68   1.7709496183303807e-9
3.69   1.7707189345625858e-9
3.7   1.7705343961140064e-9
3.71   1.7702313943516878e-9
3.72   1.770031389844851e-9
3.73   1.769790233842452e-9
3.74   1.7696165257044997e-9
3.75   1.769436241943845e-9
3.76   1.7702561107346481e-9
3.77   1.7690483635224394e-9
3.78   1.768850244877631e-9
3.79   1.7686799782096522e-9
3.8   1.7696427474444722e-9
3.81   1.7684079070844107e-9
3.82   1.7682507313798319e-9
3.83   1.7681447313792776e-9
3.84   1.7681382354845417e-9
3.85   1.7678561145352867e-9
3.86   1.7676098200563416e-9
3.87   1.7674530511383563e-9
3.88   1.7672481747639813e-9
3.89   1.767039230536775e-9
3.9   1.7676732573755354e-9
3.91   1.7665775405943976e-9
3.92   1.7663414228422263e-9
3.93   1.7661132786767298e-9
3.94   1.7658558746890629e-9
3.95   1.7656274545593997e-9
3.96   1.7653527003576232e-9
3.97   1.7651019152160993e-9
3.98   1.7647896310409829e-9
3.99   1.7644806418940567e-9
4.   1.76418098712755e-9
4.01   1.763902404092498e-9
4.02   1.7635786450939897e-9
4.03   1.763293965773418e-9
4.04   1.762967575273429e-9
4.05   1.7626629621737098e-9
4.06   1.7623807643543513e-9
4.07   1.7620902618693324e-9
4.08   1.761766766247884e-9
4.09   1.761526632662559e-9
4.1   1.7612387991098327e-9
4.11   1.7610136678320894e-9
4.12   1.7607506075966974e-9
4.13   1.760481986247903e-9
4.14   1.7602583288036262e-9
4.15   1.7600698892835425e-9
4.16   1.75989342875159e-9
4.17   1.7596877220269456e-9
4.18   1.759451529415772e-9
4.19   1.7592319398603137e-9
4.2   1.7590751981268232e-9
4.21   1.7588638293340418e-9
4.22   1.7586887312918187e-9
4.23   1.7585669775262658e-9
4.24   1.7583569083431198e-9
4.25   1.7581730598332351e-9
4.26   1.7579801671963124e-9
4.27   1.7579021835222683e-9
4.28   1.757734519845454e-9
4.29   1.7576082013460687e-9
4.3   1.7574677847366423e-9
4.31   1.757316300193891e-9
4.32   1.7571848171487522e-9
4.33   1.7570152735302239e-9
4.34   1.7568474021727098e-9
4.35   1.7567020339112614e-9
4.36   1.7565625408786874e-9
4.37   1.7564709338556957e-9
4.38   1.7562898507103264e-9
4.39   1.7561091115954788e-9
4.4   1.7559215938856376e-9
4.41   1.7557481232598435e-9
4.42   1.7555754335268448e-9
4.43   1.755376468629561e-9
4.44   1.755174323512105e-9
4.45   1.7549976836436732e-9
4.46   1.7548028697566498e-9
4.47   1.7546217753483382e-9
4.48   1.7544375961138104e-9
4.49   1.754320654523586e-9
4.5   1.7541052140112569e-9
4.51   1.7538891392487983e-9
4.52   1.7537030789935974e-9
4.53   1.753496040519936e-9
4.54   1.7532584020392456e-9
4.55   1.7530349124176116e-9
4.56   1.7527357749235664e-9
4.57   1.7524949433242657e-9
4.58   1.7522752914178388e-9
4.59   1.752025943433988e-9
4.6   1.7517359800646753e-9
4.61   1.7523931947008632e-9
4.62   1.7512556503826414e-9
4.63   1.7509896172684738e-9
4.64   1.750759923695955e-9
4.65   1.7505176185479347e-9
4.66   1.7503063404717305e-9
4.67   1.7500812111143879e-9
4.68   1.7498731607043884e-9
4.69   1.7496235419617925e-9
4.7   1.74947140151159e-9
4.71   1.7492515397937392e-9
4.72   1.7490030946602665e-9
4.73   1.7488106806193205e-9
4.74   1.7486877417898848e-9
4.75   1.7484758937340548e-9
4.76   1.7482751414091302e-9
4.77   1.7481281491378043e-9
4.78   1.7480031566885015e-9
4.79   1.747828081524409e-9
4.8   1.7476916974115322e-9
4.81   1.747508091783683e-9
4.82   1.7473637856344069e-9
4.83   1.7472058951978591e-9
4.84   1.7471210563129159e-9
4.85   1.7469342555834482e-9
4.86   1.746839202028456e-9
4.87   1.7466468018171344e-9
4.88   1.746589861060822e-9
4.89   1.7464759510624195e-9
4.9   1.7463176116075938e-9
4.91   1.7461677994696384e-9
4.92   1.7460855998992502e-9
4.93   1.745906842490727e-9
4.94   1.7458108315704255e-9
4.95   1.745605630339146e-9
4.96   1.745437498510556e-9
4.97   1.7452622863747555e-9
4.98   1.7450623402827697e-9
4.99   1.7448888570871023e-9
5.   1.7446909937149374e-9
5.01   1.7445289954373235e-9
5.02   1.7443424032506007e-9
5.03   1.7441657338269228e-9
5.04   1.7440061441440624e-9
5.05   1.7438388704370001e-9
5.06   1.7437106196155805e-9
5.07   1.7435075978179265e-9
5.08   1.7432980333443089e-9
5.09   1.7431357458040953e-9
5.1   1.7429707605651427e-9
5.11   1.74272649554267e-9
5.12   1.7425726247844745e-9
5.13   1.7423903252289697e-9
5.14   1.74215796221916e-9
5.15   1.7419612774347284e-9
5.16   1.7417620286614885e-9
5.17   1.7416094420327874e-9
5.18   1.7414013422915353e-9
5.19   1.741150939505932e-9
5.2   1.7409108883781902e-9
5.21   1.7407020851651339e-9
5.22   1.740547278649708e-9
5.23   1.7402884334567442e-9
5.24   1.7400848668857434e-9
5.25   1.7398855342763734e-9
5.26   1.7396798653744724e-9
5.27   1.7394350439100058e-9
5.28   1.7392714012424182e-9
5.29   1.7390783694928249e-9
5.3   1.7388787412148728e-9
5.31   1.7386780720622822e-9
5.32   1.7384905751981756e-9
5.33   1.7383231573899177e-9
5.34   1.7381514717683068e-9
5.35   1.738028101299311e-9
5.36   1.7378332205881894e-9
5.37   1.7376591661486475e-9
5.38   1.7374905142854188e-9
5.39   1.7373489365515569e-9
5.4   1.7371963985583568e-9
5.41   1.7370426506239473e-9
5.42   1.7369142802797142e-9
5.43   1.7367596399118146e-9
5.44   1.7366679269163156e-9
5.45   1.7365636363961618e-9
5.46   1.736479192984206e-9
5.47   1.7363463271670682e-9
5.48   1.7362621601975043e-9
5.49   1.7361565412239947e-9
5.5   1.7360957677823546e-9
5.51   1.7359380062739897e-9
5.52   1.7371018031652222e-9
5.53   1.735836081448632e-9
5.54   1.7357418633802223e-9
5.55   1.7356008663582094e-9
5.56   1.735484696200945e-9
5.57   1.7354247016410097e-9
5.58   1.7353672603803264e-9
5.59   1.7352456655894723e-9
5.6   1.735115904023481e-9
5.61   1.7349393175569525e-9
5.62   1.7347959366686988e-9
5.63   1.7346668450015794e-9
5.64   1.7345927872032586e-9
5.65   1.7344277485428766e-9
5.66   1.7342670076568477e-9
5.67   1.7347634122618925e-9
5.68   1.7339704900609023e-9
5.69   1.7337893021798782e-9
5.7   1.7336858342474867e-9
5.71   1.7334666411708993e-9
5.72   1.7339541802964926e-9
5.73   1.7341312299604423e-9
5.74   1.7330294280698093e-9
5.75   1.732874296468804e-9
5.76   1.7326658354369339e-9
5.77   1.7325453801377527e-9
5.78   1.7324070483468493e-9
5.79   1.7322554846550409e-9
5.8   1.7328509751694647e-9
5.81   1.7319547128353999e-9
5.82   1.7317435591666248e-9
5.83   1.7315625319170565e-9
5.84   1.7313448932435431e-9
5.85   1.731190688876999e-9
5.86   1.7309930580709807e-9
5.87   1.7307485728419573e-9
5.88   1.730516504670101e-9
5.89   1.7303917338870052e-9
5.9   1.7301558383118987e-9
5.91   1.7299995492239527e-9
5.92   1.7297932651886072e-9
5.93   1.7295339379266977e-9
5.94   1.7294149426240268e-9
5.95   1.729156857458773e-9
5.96   1.7290317250290331e-9
5.97   1.7287427903232556e-9
5.98   1.7286054780305725e-9
5.99   1.7284094054539807e-9
6.   1.7281453687284287e-9
6.01   1.728024860862065e-9
6.02   1.7278630989709743e-9
6.03   1.7276005026800692e-9
6.04   1.7273533392964684e-9
6.05   1.7272261560250734e-9
6.06   1.7270886024854654e-9
6.07   1.7268649971815499e-9
6.08   1.7266999663337357e-9
6.09   1.72656412426932e-9
6.1   1.726399541557532e-9
6.11   1.72627548700626e-9
6.12   1.7260360681382342e-9
6.13   1.7259393837497014e-9
6.14   1.7258621166947705e-9
6.15   1.7268039609220644e-9
6.16   1.7256072010994442e-9
6.17   1.7254627367701736e-9
6.18   1.725458616495334e-9
6.19   1.725288594931169e-9
6.2   1.7252449059671265e-9
6.21   1.7251411672299462e-9
6.22   1.7250988228264117e-9
6.23   1.724899189789263e-9
6.24   1.724914756536687e-9
6.25   1.7248353220527918e-9
6.26   1.7247335583385619e-9
6.27   1.7247835061613356e-9
6.28   1.7246827359920151e-9
6.29   1.7245408703306666e-9
6.3   1.7245050147452965e-9
6.31   1.7244247978959017e-9
6.32   1.7243947009602054e-9
6.33   1.7243089797946923e-9
6.34   1.7242412301627634e-9
6.35   1.7241628874390704e-9
6.36   1.7240811077639636e-9
6.37   1.7239525664269432e-9
6.38   1.7238164733998357e-9
6.39   1.7237356865852319e-9
6.4   1.723649428439377e-9
6.41   1.7234990093026584e-9
6.42   1.723355615650649e-9
6.43   1.7233677987484285e-9
6.44   1.7232501853713672e-9
6.45   1.7231298559160828e-9
6.46   1.723046535920118e-9
6.47   1.7229295334827502e-9
6.48   1.7227436613096126e-9
6.49   1.7227086441114411e-9
6.5   1.7225410558681368e-9
6.51   1.7225098031711634e-9
6.52   1.7222989489560768e-9
6.53   1.7222382593467578e-9
6.54   1.722154320114355e-9
6.55   1.7219523457206638e-9
6.56   1.7218928559319026e-9
6.57   1.7217773905205137e-9
6.58   1.7215475132596454e-9
6.59   1.7214538523600415e-9
6.6   1.7213265274477774e-9
6.61   1.7211807786277607e-9
6.62   1.721049557944626e-9
6.63   1.7208346839542425e-9
6.64   1.720680967859837e-9
6.65   1.720511021793402e-9
6.66   1.7203496487204739e-9
6.67   1.7201947385471495e-9
6.68   1.7200585743658446e-9
6.69   1.7199628826460064e-9
6.7   1.7197686856076878e-9
6.71   1.71956094230195e-9
6.72   1.7193566309847567e-9
6.73   1.7191539845058988e-9
6.74   1.7189709003742277e-9
6.75   1.7188001770906102e-9
6.76   1.7185935910361436e-9
6.77   1.718389903515754e-9
6.78   1.7182608106886793e-9
6.79   1.7180356834958958e-9
6.8   1.717868101325339e-9
6.81   1.717645019152757e-9
6.82   1.7174675399850446e-9
6.83   1.7172734740106073e-9
6.84   1.717122018446431e-9
6.85   1.7169105715327341e-9
6.86   1.7167149359728431e-9
6.87   1.7165138738812224e-9
6.88   1.7163316985552258e-9
6.89   1.7161751426845152e-9
6.9   1.7159965339087166e-9
6.91   1.7157804933773343e-9
6.92   1.7156341923831057e-9
6.93   1.715435098721795e-9
6.94   1.7152496240591258e-9
6.95   1.7151067634705313e-9
6.96   1.7148415075967282e-9
6.97   1.7147843843506154e-9
6.98   1.7146318189964305e-9
6.99   1.7144624189556809e-9
7.   1.714361087638389e-9
7.01   1.7143455262825615e-9
7.02   1.7141163813771888e-9
7.03   1.7140246914702025e-9
7.04   1.7139242047356972e-9
7.05   1.7138244982648734e-9
7.06   1.7136810956809525e-9
7.07   1.7135892593242671e-9
7.08   1.7134617296911395e-9
7.09   1.7134174071577777e-9
7.1   1.713293907628152e-9
7.11   1.7132038720796077e-9
7.12   1.7131483280316458e-9
7.13   1.7130236482611043e-9
7.14   1.7129793950344681e-9
7.15   1.7128526512880333e-9
7.16   1.7127604213424746e-9
7.17   1.7127110834631428e-9
7.18   1.7126190508949829e-9
7.19   1.7125348237759249e-9
7.2   1.7124852847618596e-9
7.21   1.7123520789573903e-9
7.22   1.712280875157304e-9
7.23   1.7121485716699422e-9
7.24   1.712050595899147e-9
7.25   1.7120147927002025e-9
7.26   1.7118913021812637e-9
7.27   1.7118489762757624e-9
7.28   1.7117489886462086e-9
7.29   1.711693496858579e-9
7.3   1.711571363940852e-9
7.31   1.7115002142997304e-9
7.32   1.7113420878405751e-9
7.33   1.711233406022275e-9
7.34   1.7111793682888158e-9
7.35   1.7111136069116327e-9
7.36   1.7111821320778614e-9
7.37   1.710965792380923e-9
7.38   1.710906662141445e-9
7.39   1.7108123420292832e-9
7.4   1.7107662766732182e-9
7.41   1.7106519103366171e-9
7.42   1.7105766907721723e-9
7.43   1.7105250276281738e-9
7.44   1.7104767773798636e-9
7.45   1.710367100417913e-9
7.46   1.7102522970295773e-9
7.47   1.710181399151476e-9
7.48   1.7100446100804573e-9
7.49   1.7100279555676916e-9
7.5   1.7099020865280333e-9
7.51   1.709837268008129e-9
7.52   1.7097199227872325e-9
7.53   1.709624703230893e-9
7.54   1.7095283958431745e-9
7.55   1.7094268235808565e-9
7.56   1.7093148536709217e-9
7.57   1.709179444666517e-9
7.58   1.709138599629976e-9
7.59   1.7089358307423588e-9
7.6   1.7088968780662882e-9
7.61   1.7087831509345728e-9
7.62   1.7086342656995367e-9
7.63   1.7085474770511419e-9
7.64   1.7084401346462019e-9
7.65   1.7082508982065701e-9
7.66   1.7081660850178968e-9
7.67   1.7080735763960472e-9
7.68   1.70792372956196e-9
7.69   1.707718931066593e-9
7.7   1.7075952206566232e-9
7.71   1.7074912562570254e-9
7.72   1.707333086901434e-9
7.73   1.7071573774013673e-9
7.74   1.7070293258697792e-9
7.75   1.7068966260501922e-9
7.76   1.7067596090977975e-9
7.77   1.7066163064380992e-9
7.78   1.7064115536025666e-9
7.79   1.706243171637952e-9
7.8   1.7060884166888068e-9
7.81   1.7059036877563956e-9
7.82   1.7057534050265033e-9
7.83   1.705565550260281e-9
7.84   1.705451473006975e-9
7.85   1.7053266558070857e-9
7.86   1.7051227154082436e-9
7.87   1.7049773274365157e-9
7.88   1.7048014966697814e-9
7.89   1.7047089411374087e-9
7.9   1.7045169104535447e-9
7.91   1.7043536146186719e-9
7.92   1.7042581658780591e-9
7.93   1.7041205806667173e-9
7.94   1.703923126615541e-9
7.95   1.703794604129426e-9
7.96   1.7036651930211052e-9
7.97   1.7035247865171136e-9
7.98   1.703454728524171e-9
7.99   1.7032664890680178e-9
8.   1.7031883891030166e-9
8.01   1.703031415034724e-9
8.02   1.7029394299794982e-9
8.03   1.7028346609864642e-9
8.04   1.7027340829111453e-9
8.05   1.702605817957335e-9
8.06   1.7025332856770918e-9
8.07   1.7024218171032654e-9
8.08   1.7023331487083e-9
8.09   1.7022029099731734e-9
8.1   1.7020790254189863e-9
8.11   1.7020333333065543e-9
8.12   1.7018867309961491e-9
8.13   1.7017358199810025e-9
8.14   1.7016587945245813e-9
8.15   1.7015226079663055e-9
8.16   1.7014421370647336e-9
8.17   1.7013383359553427e-9
8.18   1.701218020630129e-9
8.19   1.7010992777600255e-9
8.2   1.7009533331333372e-9
8.21   1.700819782938119e-9
8.22   1.7007333665104963e-9
8.23   1.7006345365771716e-9
8.24   1.7005189959977535e-9
8.25   1.70044421707349e-9
8.26   1.7004307265963539e-9
8.27   1.7002899170280596e-9
8.28   1.7001874316889266e-9
8.29   1.7000507693030532e-9
8.3   1.69998926609683e-9
8.31   1.6998940531249947e-9
8.32   1.6998134655102567e-9
8.33   1.6997709870692208e-9
8.34   1.6996533440949223e-9
8.35   1.6995509335147324e-9
8.36   1.6994617028136974e-9
8.37   1.699418595063068e-9
8.38   1.6993331174128547e-9
8.39   1.6992444540200837e-9
8.4   1.6992001693808193e-9
8.41   1.6991462630110751e-9
8.42   1.6990481717419623e-9
8.43   1.6990024478954538e-9
8.44   1.6988846081908293e-9
8.45   1.6988871851724387e-9
8.46   1.698792419413583e-9
8.47   1.6987855961142344e-9
8.48   1.6986567623531848e-9
8.49   1.6986335842706719e-9
8.5   1.6985545171307534e-9
8.51   1.6984858177185552e-9
8.52   1.6984509312477621e-9
8.53   1.6983906830811569e-9
8.54   1.6983522245033284e-9
8.55   1.6982777128387565e-9
8.56   1.698219933998258e-9
8.57   1.698173335154716e-9
8.58   1.6980602925072281e-9
8.59   1.6979957467594538e-9
8.6   1.6979303088311395e-9
8.61   1.6979195792156753e-9
8.62   1.6978243515739353e-9
8.63   1.697722131380306e-9
8.64   1.697702127666359e-9
8.65   1.6976217160164104e-9
8.66   1.6975884579466764e-9
8.67   1.6975686199114557e-9
8.68   1.697437815023372e-9
8.69   1.6973262443093636e-9
8.7   1.6972642886075404e-9
8.71   1.697278144569828e-9
8.72   1.697147824600388e-9
8.73   1.6970968524120064e-9
8.74   1.697019029923705e-9
8.75   1.6969066975275159e-9
8.76   1.6968510977993178e-9
8.77   1.6967456035628576e-9
8.78   1.6966491344811045e-9
8.79   1.696497377328109e-9
8.8   1.696419179003033e-9
8.81   1.6962858724212062e-9
8.82   1.6961510439033407e-9
8.83   1.6960611230765102e-9
8.84   1.6960349533032011e-9
8.85   1.6958937636428826e-9
8.86   1.6957232599213217e-9
8.87   1.6955934501920356e-9
8.88   1.6955077538675528e-9
8.89   1.6954014360523448e-9
8.9   1.695236292631018e-9
8.91   1.6951055993196733e-9
8.92   1.6950703331064e-9
8.93   1.6948839409953727e-9
8.94   1.6947541790053484e-9
8.95   1.6946889472128128e-9
8.96   1.6945409213690253e-9
8.97   1.6944929106250596e-9
8.98   1.6943123290048372e-9
8.99   1.6941592927602496e-9
9.   1.6940696546200382e-9
9.01   1.6939768062461812e-9
9.02   1.6938569213826842e-9
9.03   1.6937202669876412e-9
9.04   1.6936149517255397e-9
9.05   1.6935041236489637e-9
9.06   1.6933821647377155e-9
9.07   1.6933634011570543e-9
9.08   1.6932158066181134e-9
9.09   1.6930555105914236e-9
9.1   1.6929418547796224e-9
9.11   1.6928864051926317e-9
9.12   1.6926893057039816e-9
9.13   1.6925894032055915e-9
9.14   1.6925214867788353e-9
9.15   1.6923547885645969e-9
9.16   1.692279004567023e-9
9.17   1.6921020967528155e-9
9.18   1.6920120956096101e-9
9.19   1.6919058678250283e-9
9.2   1.6918145304213055e-9
9.21   1.691701808820424e-9
9.22   1.6915330192667433e-9
9.23   1.6914242445190114e-9
9.24   1.6912805889513835e-9
9.25   1.6911470694865455e-9
9.26   1.6910074934036351e-9
9.27   1.690922779121915e-9
9.28   1.6907996883592486e-9
9.29   1.6906830299222068e-9
9.3   1.6905140420968356e-9
9.31   1.69040894235602e-9
9.32   1.6902784261481701e-9
9.33   1.6901249647128056e-9
9.34   1.6900245291241773e-9
9.35   1.6898982179797545e-9
9.36   1.6897619387165752e-9
9.37   1.6896300025254801e-9
9.38   1.6894841476232586e-9
9.39   1.6894124457309852e-9
9.4   1.6892539013042367e-9
9.41   1.6892171520330133e-9
9.42   1.6890369358845848e-9
9.43   1.6890260722602288e-9
9.44   1.6888741830115921e-9
9.45   1.6887496783517882e-9
9.46   1.6885612329519577e-9
9.47   1.6886112469393902e-9
9.48   1.688441758455276e-9
9.49   1.6882979360388825e-9
9.5   1.6882032050167462e-9
9.51   1.6881871714104455e-9
9.52   1.6880669776989925e-9
9.53   1.6879591790732464e-9
9.54   1.6879652696900045e-9
9.55   1.6878535729873807e-9
9.56   1.6877956761287535e-9
9.57   1.6877212481834926e-9
9.58   1.6876176631038426e-9
9.59   1.687567694581891e-9
9.6   1.6874826546009765e-9
9.61   1.687465101870134e-9
9.62   1.6873337716576917e-9
9.63   1.6873157918985102e-9
9.64   1.6872216407310318e-9
9.65   1.6871674841959947e-9
9.66   1.6870416358742095e-9
9.67   1.6870356717016478e-9
9.68   1.6869368466093927e-9
9.69   1.686876699721822e-9
9.7   1.686802084186708e-9
9.71   1.6867558176094144e-9
9.72   1.6867521684696583e-9
9.73   1.686673725295313e-9
9.74   1.6866464808098508e-9
9.75   1.6865752263550564e-9
9.76   1.6865039355382152e-9
9.77   1.6863831872275663e-9
9.78   1.6863531257483297e-9
9.79   1.6863747186779002e-9
9.8   1.6863279460636062e-9
9.81   1.6862086507125848e-9
9.82   1.6861916609744633e-9
9.83   1.6861990764439868e-9
9.84   1.686140100791261e-9
9.85   1.6860033160276858e-9
9.86   1.6859479063422052e-9
9.87   1.6859179833538418e-9
9.88   1.6858188080812854e-9
9.89   1.6857901473653144e-9
9.9   1.6857357486406431e-9
9.91   1.6856784146998e-9
9.92   1.6857045519266073e-9
9.93   1.6856227651573513e-9
9.94   1.6855460999505278e-9
9.95   1.6854697594623117e-9
9.96   1.6854022661202115e-9
9.97   1.6853222603115012e-9
9.98   1.6852824895234864e-9
9.99   1.6852036610024812e-9
10.   1.6851194453242459e-9